Recording timestamp,Event,Sensor,Gaze point X,Gaze point Y,Validity left,Validity right,Eye movement type
2022-12-16 13:59:54.340676,,Eye Tracker,-37.0,57.0,Valid,Valid,Fixation
2022-12-16 13:59:54.357330,,Eye Tracker,-32.0,56.0,Valid,Valid,Fixation
2022-12-16 13:59:54.373985,,Eye Tracker,-31.0,55.0,Valid,Valid,Fixation
2022-12-16 13:59:54.390640,,Eye Tracker,-32.0,57.0,Valid,Valid,Fixation
2022-12-16 13:59:54.407294,,Eye Tracker,-31.0,60.0,Valid,Valid,Fixation
2022-12-16 13:59:54.423949,,Eye Tracker,-23.0,63.0,Valid,Valid,Fixation
2022-12-16 13:59:54.440604,,Eye Tracker,-23.0,64.0,Valid,Valid,Fixation
2022-12-16 13:59:54.457259,,Eye Tracker,-19.0,61.0,Valid,Valid,Fixation
2022-12-16 13:59:54.473914,,Eye Tracker,-19.0,58.0,Valid,Valid,Fixation
2022-12-16 13:59:54.490569,,Eye Tracker,-26.0,59.0,Valid,Valid,Fixation
2022-12-16 13:59:54.507224,,Eye Tracker,-26.0,64.0,Valid,Valid,Fixation
2022-12-16 13:59:54.523878,,Eye Tracker,-26.0,63.0,Valid,Valid,Fixation
2022-12-16 13:59:54.540533,,Eye Tracker,-25.0,60.0,Valid,Valid,Fixation
2022-12-16 13:59:54.557188,,Eye Tracker,-19.0,59.0,Valid,Valid,Fixation
2022-12-16 13:59:54.573842,,Eye Tracker,-16.0,61.0,Valid,Valid,Fixation
2022-12-16 13:59:54.590497,,Eye Tracker,-13.0,57.0,Valid,Valid,Fixation
2022-12-16 13:59:54.607152,,Eye Tracker,-13.0,56.0,Valid,Valid,Fixation
2022-12-16 13:59:54.623806,,Eye Tracker,-16.0,57.0,Valid,Valid,Fixation
2022-12-16 13:59:54.640461,,Eye Tracker,-13.0,57.0,Valid,Valid,Fixation
2022-12-16 13:59:54.657116,,Eye Tracker,-10.0,70.0,Valid,Valid,Fixation
2022-12-16 13:59:54.673770,,Eye Tracker,-8.0,70.0,Valid,Valid,Fixation
2022-12-16 13:59:54.690425,,Eye Tracker,25.0,62.0,Valid,Valid,Saccade
2022-12-16 13:59:54.707081,,Eye Tracker,55.0,57.0,Valid,Valid,Saccade
2022-12-16 13:59:54.723735,,Eye Tracker,59.0,68.0,Valid,Valid,Fixation
2022-12-16 13:59:54.740390,,Eye Tracker,61.0,70.0,Valid,Valid,Fixation
2022-12-16 13:59:54.757045,,Eye Tracker,65.0,64.0,Valid,Valid,Fixation
2022-12-16 13:59:54.773700,,Eye Tracker,64.0,68.0,Valid,Valid,Fixation
2022-12-16 13:59:54.790354,,Eye Tracker,69.0,71.0,Valid,Valid,Fixation
2022-12-16 13:59:54.807009,,Eye Tracker,70.0,73.0,Valid,Valid,Fixation
2022-12-16 13:59:54.823664,,Eye Tracker,75.0,81.0,Valid,Valid,Fixation
2022-12-16 13:59:54.840318,,Eye Tracker,80.0,78.0,Valid,Valid,Fixation
2022-12-16 13:59:54.856973,,Eye Tracker,83.0,78.0,Valid,Valid,Fixation
2022-12-16 13:59:54.873628,,Eye Tracker,82.0,81.0,Valid,Valid,Fixation
2022-12-16 13:59:54.890282,,Eye Tracker,85.0,73.0,Valid,Valid,Fixation
2022-12-16 13:59:54.906937,,Eye Tracker,88.0,72.0,Valid,Valid,Fixation
2022-12-16 13:59:54.923592,,Eye Tracker,89.0,74.0,Valid,Valid,Fixation
2022-12-16 13:59:54.940246,,Eye Tracker,89.0,72.0,Valid,Valid,Fixation
2022-12-16 13:59:54.956901,,Eye Tracker,90.0,67.0,Valid,Valid,Fixation
2022-12-16 13:59:54.973557,,Eye Tracker,94.0,70.0,Valid,Valid,Fixation
2022-12-16 13:59:54.990211,,Eye Tracker,125.0,66.0,Valid,Valid,Saccade
2022-12-16 13:59:55.006866,,Eye Tracker,152.0,58.0,Valid,Valid,Saccade
2022-12-16 13:59:55.023521,,Eye Tracker,152.0,60.0,Valid,Valid,Fixation
2022-12-16 13:59:55.040176,,Eye Tracker,157.0,65.0,Valid,Valid,Fixation
2022-12-16 13:59:55.056830,,Eye Tracker,163.0,70.0,Valid,Valid,Fixation
2022-12-16 13:59:55.073485,,Eye Tracker,165.0,76.0,Valid,Valid,Fixation
2022-12-16 13:59:55.090140,,Eye Tracker,170.0,84.0,Valid,Valid,Fixation
2022-12-16 13:59:55.106794,,Eye Tracker,167.0,82.0,Valid,Valid,Fixation
2022-12-16 13:59:55.123449,,Eye Tracker,168.0,78.0,Valid,Valid,Fixation
2022-12-16 13:59:55.140104,,Eye Tracker,170.0,81.0,Valid,Valid,Fixation
2022-12-16 13:59:55.156758,,Eye Tracker,173.0,78.0,Valid,Valid,Fixation
2022-12-16 13:59:55.173413,,Eye Tracker,174.0,77.0,Valid,Valid,Fixation
2022-12-16 13:59:55.190068,,Eye Tracker,178.0,80.0,Valid,Valid,Fixation
2022-12-16 13:59:55.206722,,Eye Tracker,179.0,78.0,Valid,Valid,Fixation
2022-12-16 13:59:55.223377,,Eye Tracker,185.0,82.0,Valid,Valid,Fixation
2022-12-16 13:59:55.240033,,Eye Tracker,232.0,87.0,Valid,Valid,Saccade
2022-12-16 13:59:55.256687,,Eye Tracker,302.0,85.0,Valid,Valid,Saccade
2022-12-16 13:59:55.273342,,Eye Tracker,313.0,80.0,Valid,Valid,Fixation
2022-12-16 13:59:55.289997,,Eye Tracker,309.0,80.0,Valid,Valid,Fixation
2022-12-16 13:59:55.306652,,Eye Tracker,309.0,86.0,Valid,Valid,Fixation
2022-12-16 13:59:55.323306,,Eye Tracker,315.0,88.0,Valid,Valid,Fixation
2022-12-16 13:59:55.339961,,Eye Tracker,317.0,87.0,Valid,Valid,Fixation
2022-12-16 13:59:55.356616,,Eye Tracker,319.0,90.0,Valid,Valid,Fixation
2022-12-16 13:59:55.373270,,Eye Tracker,319.0,90.0,Valid,Valid,Fixation
2022-12-16 13:59:55.389925,,Eye Tracker,316.0,84.0,Valid,Valid,Fixation
2022-12-16 13:59:55.406580,,Eye Tracker,315.0,84.0,Valid,Valid,Fixation
2022-12-16 13:59:55.423234,,Eye Tracker,315.0,94.0,Valid,Valid,Fixation
2022-12-16 13:59:55.439889,,Eye Tracker,315.0,92.0,Valid,Valid,Fixation
2022-12-16 13:59:55.456544,,Eye Tracker,318.0,96.0,Valid,Valid,Fixation
2022-12-16 13:59:55.473198,,Eye Tracker,317.0,97.0,Valid,Valid,Fixation
2022-12-16 13:59:55.489854,,Eye Tracker,323.0,95.0,Valid,Valid,Fixation
2022-12-16 13:59:55.506509,,Eye Tracker,322.0,98.0,Valid,Valid,Fixation
2022-12-16 13:59:55.523163,,Eye Tracker,324.0,99.0,Valid,Valid,Fixation
2022-12-16 13:59:55.539818,,Eye Tracker,327.0,98.0,Valid,Valid,Fixation
2022-12-16 13:59:55.556473,,Eye Tracker,324.0,93.0,Valid,Valid,Fixation
2022-12-16 13:59:55.573128,,Eye Tracker,328.0,92.0,Valid,Valid,Fixation
2022-12-16 13:59:55.589782,,Eye Tracker,333.0,95.0,Valid,Valid,Fixation
2022-12-16 13:59:55.606437,,Eye Tracker,336.0,94.0,Valid,Valid,Fixation
2022-12-16 13:59:55.623092,,Eye Tracker,331.0,89.0,Valid,Valid,Fixation
2022-12-16 13:59:55.639746,,Eye Tracker,330.0,90.0,Valid,Valid,Fixation
2022-12-16 13:59:55.656401,,Eye Tracker,376.0,107.0,Valid,Valid,Saccade
2022-12-16 13:59:55.673056,,Eye Tracker,440.0,120.0,Valid,Valid,Saccade
2022-12-16 13:59:55.689710,,Eye Tracker,473.0,107.0,Valid,Valid,Saccade
2022-12-16 13:59:55.706365,,Eye Tracker,476.0,100.0,Valid,Valid,Fixation
2022-12-16 13:59:55.723020,,Eye Tracker,484.0,109.0,Valid,Valid,Fixation
2022-12-16 13:59:55.739674,,Eye Tracker,486.0,111.0,Valid,Valid,Fixation
2022-12-16 13:59:55.756330,,Eye Tracker,485.0,107.0,Valid,Valid,Fixation
2022-12-16 13:59:55.772985,,Eye Tracker,486.0,108.0,Valid,Valid,Fixation
2022-12-16 13:59:55.789639,,Eye Tracker,483.0,108.0,Valid,Valid,Fixation
2022-12-16 13:59:55.806294,,Eye Tracker,484.0,111.0,Valid,Valid,Fixation
2022-12-16 13:59:55.822949,,Eye Tracker,480.0,110.0,Valid,Valid,Fixation
2022-12-16 13:59:55.839604,,Eye Tracker,480.0,108.0,Valid,Valid,Fixation
2022-12-16 13:59:55.856258,,Eye Tracker,493.0,120.0,Valid,Valid,Fixation
2022-12-16 13:59:55.872913,,Eye Tracker,493.0,123.0,Valid,Valid,Fixation
2022-12-16 13:59:55.889568,,Eye Tracker,498.0,136.0,Valid,Valid,Fixation
2022-12-16 13:59:55.906222,,Eye Tracker,497.0,133.0,Valid,Valid,Fixation
2022-12-16 13:59:55.922877,,Eye Tracker,493.0,133.0,Valid,Valid,Fixation
2022-12-16 13:59:55.939532,,Eye Tracker,494.0,135.0,Valid,Valid,Fixation
2022-12-16 13:59:55.956186,,Eye Tracker,490.0,135.0,Valid,Valid,Fixation
2022-12-16 13:59:55.972841,,Eye Tracker,489.0,136.0,Valid,Valid,Fixation
2022-12-16 13:59:55.989496,,Eye Tracker,493.0,140.0,Valid,Valid,Fixation
2022-12-16 13:59:56.006150,,Eye Tracker,493.0,136.0,Valid,Valid,Fixation
2022-12-16 13:59:56.022806,,Eye Tracker,498.0,137.0,Valid,Valid,Fixation
2022-12-16 13:59:56.039461,,Eye Tracker,500.0,143.0,Valid,Valid,Fixation
2022-12-16 13:59:56.056115,,Eye Tracker,503.0,143.0,Valid,Valid,Fixation
2022-12-16 13:59:56.072770,,Eye Tracker,504.0,145.0,Valid,Valid,Fixation
2022-12-16 13:59:56.089425,,Eye Tracker,491.0,147.0,Valid,Valid,Fixation
2022-12-16 13:59:56.106080,,Eye Tracker,493.0,143.0,Valid,Valid,Fixation
2022-12-16 13:59:56.122734,,Eye Tracker,500.0,146.0,Valid,Valid,Fixation
2022-12-16 13:59:56.139389,,Eye Tracker,503.0,146.0,Valid,Valid,Fixation
2022-12-16 13:59:56.156044,,Eye Tracker,515.0,144.0,Valid,Valid,Fixation
2022-12-16 13:59:56.172698,,Eye Tracker,516.0,147.0,Valid,Valid,Fixation
2022-12-16 13:59:56.189353,,Eye Tracker,515.0,148.0,Valid,Valid,Fixation
2022-12-16 13:59:56.206008,,Eye Tracker,514.0,148.0,Valid,Valid,Fixation
2022-12-16 13:59:56.222662,,Eye Tracker,516.0,145.0,Valid,Valid,Fixation
2022-12-16 13:59:56.239317,,Eye Tracker,519.0,143.0,Valid,Valid,Fixation
2022-12-16 13:59:56.255972,,Eye Tracker,518.0,142.0,Valid,Valid,Fixation
2022-12-16 13:59:56.272626,,Eye Tracker,516.0,141.0,Valid,Valid,Fixation
2022-12-16 13:59:56.289282,,Eye Tracker,514.0,142.0,Valid,Valid,Fixation
2022-12-16 13:59:56.305937,,Eye Tracker,517.0,140.0,Valid,Valid,Fixation
2022-12-16 13:59:56.322591,,Eye Tracker,517.0,138.0,Valid,Valid,Fixation
2022-12-16 13:59:56.339246,,Eye Tracker,518.0,143.0,Valid,Valid,Fixation
2022-12-16 13:59:56.355901,,Eye Tracker,519.0,138.0,Valid,Valid,Fixation
2022-12-16 13:59:56.372556,,Eye Tracker,520.0,137.0,Valid,Valid,Fixation
2022-12-16 13:59:56.389210,,Eye Tracker,518.0,143.0,Valid,Valid,Fixation
2022-12-16 13:59:56.405865,,Eye Tracker,520.0,144.0,Valid,Valid,Fixation
2022-12-16 13:59:56.422520,,Eye Tracker,528.0,145.0,Valid,Valid,Fixation
2022-12-16 13:59:56.439174,,Eye Tracker,530.0,148.0,Valid,Valid,Fixation
2022-12-16 13:59:56.455829,,Eye Tracker,536.0,149.0,Valid,Valid,Fixation
2022-12-16 13:59:56.472484,,Eye Tracker,549.0,151.0,Valid,Valid,Fixation
2022-12-16 13:59:56.489138,,Eye Tracker,551.0,152.0,Valid,Valid,Fixation
2022-12-16 13:59:56.505793,,Eye Tracker,553.0,157.0,Valid,Valid,Fixation
2022-12-16 13:59:56.522448,,Eye Tracker,557.0,161.0,Valid,Valid,Fixation
2022-12-16 13:59:56.539103,,Eye Tracker,554.0,162.0,Valid,Valid,Fixation
2022-12-16 13:59:56.555758,,Eye Tracker,559.0,159.0,Valid,Valid,Fixation
2022-12-16 13:59:56.572413,,Eye Tracker,559.0,159.0,Valid,Valid,Fixation
2022-12-16 13:59:56.589067,,Eye Tracker,555.0,157.0,Valid,Valid,Fixation
2022-12-16 13:59:56.605722,,Eye Tracker,554.0,156.0,Valid,Valid,Fixation
2022-12-16 13:59:56.622377,,Eye Tracker,552.0,149.0,Valid,Valid,Fixation
2022-12-16 13:59:56.639032,,Eye Tracker,552.0,152.0,Valid,Valid,Fixation
2022-12-16 13:59:56.655686,,Eye Tracker,548.0,159.0,Valid,Valid,Fixation
2022-12-16 13:59:56.672341,,Eye Tracker,549.0,158.0,Valid,Valid,Fixation
2022-12-16 13:59:56.688996,,Eye Tracker,550.0,159.0,Valid,Valid,Fixation
2022-12-16 13:59:56.705650,,Eye Tracker,556.0,171.0,Valid,Valid,Fixation
2022-12-16 13:59:56.722305,,Eye Tracker,552.0,197.0,Valid,Valid,Saccade
2022-12-16 13:59:56.738960,,Eye Tracker,548.0,220.0,Valid,Valid,Fixation
2022-12-16 13:59:56.755614,,Eye Tracker,548.0,222.0,Valid,Valid,Fixation
2022-12-16 13:59:56.772269,,Eye Tracker,555.0,228.0,Valid,Valid,Fixation
2022-12-16 13:59:56.788924,,Eye Tracker,552.0,236.0,Valid,Valid,Fixation
2022-12-16 13:59:56.805579,,Eye Tracker,551.0,237.0,Valid,Valid,Fixation
2022-12-16 13:59:56.822234,,Eye Tracker,555.0,241.0,Valid,Valid,Fixation
2022-12-16 13:59:56.838889,,Eye Tracker,552.0,247.0,Valid,Valid,Fixation
2022-12-16 13:59:56.855543,,Eye Tracker,557.0,250.0,Valid,Valid,Fixation
2022-12-16 13:59:56.872198,,Eye Tracker,556.0,249.0,Valid,Valid,Fixation
2022-12-16 13:59:56.888853,,Eye Tracker,569.0,258.0,Valid,Valid,Fixation
2022-12-16 13:59:56.905508,,Eye Tracker,577.0,262.0,Valid,Valid,Fixation
2022-12-16 13:59:56.922162,,Eye Tracker,578.0,270.0,Valid,Valid,Fixation
2022-12-16 13:59:56.938817,,Eye Tracker,580.0,280.0,Valid,Valid,Fixation
2022-12-16 13:59:56.955472,,Eye Tracker,574.0,278.0,Valid,Valid,Fixation
2022-12-16 13:59:56.972126,,Eye Tracker,569.0,284.0,Valid,Valid,Fixation
2022-12-16 13:59:56.988781,,Eye Tracker,576.0,296.0,Valid,Valid,Fixation
2022-12-16 13:59:57.005436,,Eye Tracker,574.0,296.0,Valid,Valid,Fixation
2022-12-16 13:59:57.022090,,Eye Tracker,565.0,297.0,Valid,Valid,Fixation
2022-12-16 13:59:57.038745,,Eye Tracker,566.0,293.0,Valid,Valid,Fixation
2022-12-16 13:59:57.055400,,Eye Tracker,574.0,296.0,Valid,Valid,Fixation
2022-12-16 13:59:57.072055,,Eye Tracker,579.0,295.0,Valid,Valid,Fixation
2022-12-16 13:59:57.088710,,Eye Tracker,572.0,301.0,Valid,Valid,Fixation
2022-12-16 13:59:57.105365,,Eye Tracker,567.0,297.0,Valid,Valid,Fixation
2022-12-16 13:59:57.122019,,Eye Tracker,567.0,304.0,Valid,Valid,Fixation
2022-12-16 13:59:57.138674,,Eye Tracker,560.0,320.0,Valid,Valid,Fixation
2022-12-16 13:59:57.155329,,Eye Tracker,551.0,324.0,Valid,Valid,Fixation
2022-12-16 13:59:57.171984,,Eye Tracker,541.0,341.0,Valid,Valid,Fixation
2022-12-16 13:59:57.255257,,Eye Tracker,441.0,450.0,Valid,Valid,Unclassified
2022-12-16 13:59:57.271912,,Eye Tracker,443.0,462.0,Valid,Valid,Unclassified
2022-12-16 13:59:57.288566,,Eye Tracker,459.0,443.0,Valid,Valid,Unclassified
2022-12-16 13:59:57.305221,,Eye Tracker,545.0,372.0,Valid,Valid,Saccade
2022-12-16 13:59:57.321877,,Eye Tracker,544.0,381.0,Valid,Valid,Fixation
2022-12-16 13:59:57.338531,,Eye Tracker,542.0,382.0,Valid,Valid,Fixation
2022-12-16 13:59:57.355186,,Eye Tracker,540.0,381.0,Valid,Valid,Fixation
2022-12-16 13:59:57.371841,,Eye Tracker,538.0,366.0,Valid,Valid,Fixation
2022-12-16 13:59:57.388495,,Eye Tracker,536.0,361.0,Valid,Valid,Fixation
2022-12-16 13:59:57.405150,,Eye Tracker,532.0,363.0,Valid,Valid,Fixation
2022-12-16 13:59:57.421805,,Eye Tracker,535.0,373.0,Valid,Valid,Fixation
2022-12-16 13:59:57.438460,,Eye Tracker,540.0,382.0,Valid,Valid,Fixation
2022-12-16 13:59:57.455114,,Eye Tracker,537.0,386.0,Valid,Valid,Fixation
2022-12-16 13:59:57.471769,,Eye Tracker,539.0,383.0,Valid,Valid,Fixation
2022-12-16 13:59:57.488424,,Eye Tracker,542.0,374.0,Valid,Valid,Fixation
2022-12-16 13:59:57.505078,,Eye Tracker,544.0,373.0,Valid,Valid,Fixation
2022-12-16 13:59:57.521733,,Eye Tracker,546.0,388.0,Valid,Valid,Fixation
2022-12-16 13:59:57.538388,,Eye Tracker,548.0,389.0,Valid,Valid,Fixation
2022-12-16 13:59:57.555042,,Eye Tracker,545.0,387.0,Valid,Valid,Fixation
2022-12-16 13:59:57.571697,,Eye Tracker,546.0,387.0,Valid,Valid,Fixation
2022-12-16 13:59:57.588353,,Eye Tracker,547.0,385.0,Valid,Valid,Fixation
2022-12-16 13:59:57.605007,,Eye Tracker,548.0,388.0,Valid,Valid,Fixation
2022-12-16 13:59:57.621662,,Eye Tracker,551.0,389.0,Valid,Valid,Fixation
2022-12-16 13:59:57.638317,,Eye Tracker,549.0,387.0,Valid,Valid,Fixation
2022-12-16 13:59:57.654971,,Eye Tracker,548.0,385.0,Valid,Valid,Fixation
2022-12-16 13:59:57.671626,,Eye Tracker,550.0,393.0,Valid,Valid,Fixation
2022-12-16 13:59:57.688281,,Eye Tracker,552.0,397.0,Valid,Valid,Fixation
2022-12-16 13:59:57.704936,,Eye Tracker,554.0,394.0,Valid,Valid,Fixation
2022-12-16 13:59:57.721590,,Eye Tracker,552.0,396.0,Valid,Valid,Fixation
2022-12-16 13:59:57.738245,,Eye Tracker,547.0,398.0,Valid,Valid,Fixation
2022-12-16 13:59:57.754900,,Eye Tracker,545.0,400.0,Valid,Valid,Fixation
2022-12-16 13:59:57.771554,,Eye Tracker,543.0,416.0,Valid,Valid,Fixation
2022-12-16 13:59:57.788209,,Eye Tracker,545.0,420.0,Valid,Valid,Fixation
2022-12-16 13:59:57.804864,,Eye Tracker,543.0,422.0,Valid,Valid,Fixation
2022-12-16 13:59:57.821518,,Eye Tracker,539.0,422.0,Valid,Valid,Fixation
2022-12-16 13:59:57.838173,,Eye Tracker,541.0,421.0,Valid,Valid,Fixation
2022-12-16 13:59:57.854829,,Eye Tracker,541.0,417.0,Valid,Valid,Fixation
2022-12-16 13:59:57.871483,,Eye Tracker,543.0,417.0,Valid,Valid,Fixation
2022-12-16 13:59:57.888138,,Eye Tracker,541.0,417.0,Valid,Valid,Fixation
2022-12-16 13:59:57.904793,,Eye Tracker,538.0,417.0,Valid,Valid,Fixation
2022-12-16 13:59:57.921447,,Eye Tracker,539.0,416.0,Valid,Valid,Fixation
2022-12-16 13:59:57.938102,,Eye Tracker,543.0,421.0,Valid,Valid,Fixation
2022-12-16 13:59:57.954757,,Eye Tracker,545.0,422.0,Valid,Valid,Fixation
2022-12-16 13:59:57.971412,,Eye Tracker,543.0,421.0,Valid,Valid,Fixation
2022-12-16 13:59:57.988066,,Eye Tracker,540.0,420.0,Valid,Valid,Fixation
2022-12-16 13:59:58.004721,,Eye Tracker,516.0,437.0,Valid,Valid,Saccade
2022-12-16 13:59:58.021376,,Eye Tracker,497.0,451.0,Valid,Valid,Saccade
2022-12-16 13:59:58.038030,,Eye Tracker,499.0,455.0,Valid,Valid,Fixation
2022-12-16 13:59:58.054685,,Eye Tracker,499.0,453.0,Valid,Valid,Fixation
2022-12-16 13:59:58.071340,,Eye Tracker,498.0,454.0,Valid,Valid,Fixation
2022-12-16 13:59:58.087994,,Eye Tracker,491.0,452.0,Valid,Valid,Fixation
2022-12-16 13:59:58.104649,,Eye Tracker,492.0,449.0,Valid,Valid,Fixation
2022-12-16 13:59:58.121305,,Eye Tracker,495.0,450.0,Valid,Valid,Fixation
2022-12-16 13:59:58.137959,,Eye Tracker,493.0,453.0,Valid,Valid,Fixation
2022-12-16 13:59:58.154614,,Eye Tracker,491.0,454.0,Valid,Valid,Fixation
2022-12-16 13:59:58.171269,,Eye Tracker,490.0,454.0,Valid,Valid,Fixation
2022-12-16 13:59:58.187923,,Eye Tracker,488.0,451.0,Valid,Valid,Fixation
2022-12-16 13:59:58.204578,,Eye Tracker,490.0,449.0,Valid,Valid,Fixation
2022-12-16 13:59:58.221233,,Eye Tracker,484.0,456.0,Valid,Valid,Fixation
2022-12-16 13:59:58.237888,,Eye Tracker,480.0,469.0,Valid,Valid,Fixation
2022-12-16 13:59:58.254542,,Eye Tracker,471.0,480.0,Valid,Valid,Fixation
2022-12-16 13:59:58.271197,,Eye Tracker,468.0,481.0,Valid,Valid,Fixation
2022-12-16 13:59:58.287852,,Eye Tracker,470.0,482.0,Valid,Valid,Fixation
2022-12-16 13:59:58.304506,,Eye Tracker,470.0,484.0,Valid,Valid,Fixation
2022-12-16 13:59:58.321161,,Eye Tracker,473.0,485.0,Valid,Valid,Fixation
2022-12-16 13:59:58.337816,,Eye Tracker,474.0,483.0,Valid,Valid,Fixation
2022-12-16 13:59:58.354470,,Eye Tracker,471.0,485.0,Valid,Valid,Fixation
2022-12-16 13:59:58.371126,,Eye Tracker,475.0,487.0,Valid,Valid,Fixation
2022-12-16 13:59:58.387781,,Eye Tracker,476.0,490.0,Valid,Valid,Fixation
2022-12-16 13:59:58.404435,,Eye Tracker,476.0,491.0,Valid,Valid,Fixation
2022-12-16 13:59:58.421090,,Eye Tracker,478.0,487.0,Valid,Valid,Fixation
2022-12-16 13:59:58.437745,,Eye Tracker,477.0,489.0,Valid,Valid,Fixation
2022-12-16 13:59:58.454399,,Eye Tracker,477.0,494.0,Valid,Valid,Fixation
2022-12-16 13:59:58.471054,,Eye Tracker,458.0,487.0,Valid,Valid,Fixation
2022-12-16 13:59:58.487709,,Eye Tracker,441.0,488.0,Valid,Valid,Fixation
2022-12-16 13:59:58.504364,,Eye Tracker,431.0,485.0,Valid,Valid,Fixation
2022-12-16 13:59:58.521018,,Eye Tracker,431.0,483.0,Valid,Valid,Fixation
2022-12-16 13:59:58.537673,,Eye Tracker,425.0,480.0,Valid,Valid,Fixation
2022-12-16 13:59:58.554328,,Eye Tracker,421.0,479.0,Valid,Valid,Fixation
2022-12-16 13:59:58.570982,,Eye Tracker,419.0,479.0,Valid,Valid,Fixation
2022-12-16 13:59:58.587637,,Eye Tracker,416.0,475.0,Valid,Valid,Fixation
2022-12-16 13:59:58.604292,,Eye Tracker,414.0,475.0,Valid,Valid,Fixation
2022-12-16 13:59:58.620946,,Eye Tracker,409.0,472.0,Valid,Valid,Fixation
2022-12-16 13:59:58.637602,,Eye Tracker,407.0,466.0,Valid,Valid,Fixation
2022-12-16 13:59:58.654257,,Eye Tracker,386.0,458.0,Valid,Valid,Fixation
2022-12-16 13:59:58.670911,,Eye Tracker,359.0,446.0,Valid,Valid,Saccade
2022-12-16 13:59:58.687566,,Eye Tracker,358.0,447.0,Valid,Valid,Fixation
2022-12-16 13:59:58.704221,,Eye Tracker,359.0,444.0,Valid,Valid,Fixation
2022-12-16 13:59:58.720875,,Eye Tracker,350.0,438.0,Valid,Valid,Fixation
2022-12-16 13:59:58.737530,,Eye Tracker,350.0,435.0,Valid,Valid,Fixation
2022-12-16 13:59:58.754185,,Eye Tracker,350.0,444.0,Valid,Valid,Fixation
2022-12-16 13:59:58.770840,,Eye Tracker,349.0,440.0,Valid,Valid,Fixation
2022-12-16 13:59:58.787494,,Eye Tracker,349.0,436.0,Valid,Valid,Fixation
2022-12-16 13:59:58.804149,,Eye Tracker,346.0,439.0,Valid,Valid,Fixation
2022-12-16 13:59:58.820804,,Eye Tracker,339.0,432.0,Valid,Valid,Fixation
2022-12-16 13:59:58.837458,,Eye Tracker,336.0,430.0,Valid,Valid,Fixation
2022-12-16 13:59:58.854113,,Eye Tracker,339.0,431.0,Valid,Valid,Fixation
2022-12-16 13:59:58.870768,,Eye Tracker,333.0,426.0,Valid,Valid,Fixation
2022-12-16 13:59:58.887422,,Eye Tracker,326.0,422.0,Valid,Valid,Fixation
2022-12-16 13:59:58.904078,,Eye Tracker,326.0,424.0,Valid,Valid,Fixation
2022-12-16 13:59:58.920733,,Eye Tracker,318.0,426.0,Valid,Valid,Fixation
2022-12-16 13:59:58.937387,,Eye Tracker,312.0,426.0,Valid,Valid,Fixation
2022-12-16 13:59:58.954042,,Eye Tracker,275.0,440.0,Valid,Valid,Saccade
2022-12-16 13:59:58.970697,,Eye Tracker,256.0,436.0,Valid,Valid,Fixation
2022-12-16 13:59:58.987351,,Eye Tracker,252.0,437.0,Valid,Valid,Fixation
2022-12-16 13:59:59.004006,,Eye Tracker,252.0,439.0,Valid,Valid,Fixation
2022-12-16 13:59:59.020661,,Eye Tracker,251.0,446.0,Valid,Valid,Fixation
2022-12-16 13:59:59.037316,,Eye Tracker,251.0,444.0,Valid,Valid,Fixation
2022-12-16 13:59:59.053970,,Eye Tracker,245.0,437.0,Valid,Valid,Fixation
2022-12-16 13:59:59.070625,,Eye Tracker,239.0,434.0,Valid,Valid,Fixation
2022-12-16 13:59:59.087280,,Eye Tracker,234.0,434.0,Valid,Valid,Fixation
2022-12-16 13:59:59.103934,,Eye Tracker,227.0,437.0,Valid,Valid,Fixation
2022-12-16 13:59:59.120589,,Eye Tracker,225.0,433.0,Valid,Valid,Fixation
2022-12-16 13:59:59.137244,,Eye Tracker,223.0,435.0,Valid,Valid,Fixation
2022-12-16 13:59:59.153899,,Eye Tracker,215.0,431.0,Valid,Valid,Fixation
2022-12-16 13:59:59.170554,,Eye Tracker,209.0,427.0,Valid,Valid,Fixation
2022-12-16 13:59:59.187209,,Eye Tracker,202.0,423.0,Valid,Valid,Fixation
2022-12-16 13:59:59.203863,,Eye Tracker,202.0,424.0,Valid,Valid,Fixation
2022-12-16 13:59:59.220518,,Eye Tracker,200.0,424.0,Valid,Valid,Fixation
2022-12-16 13:59:59.237173,,Eye Tracker,198.0,424.0,Valid,Valid,Fixation
2022-12-16 13:59:59.253827,,Eye Tracker,198.0,426.0,Valid,Valid,Fixation
2022-12-16 13:59:59.270482,,Eye Tracker,191.0,423.0,Valid,Valid,Fixation
2022-12-16 13:59:59.287137,,Eye Tracker,156.0,435.0,Valid,Valid,Saccade
2022-12-16 13:59:59.303792,,Eye Tracker,141.0,444.0,Valid,Valid,Fixation
2022-12-16 13:59:59.320446,,Eye Tracker,138.0,439.0,Valid,Valid,Fixation
2022-12-16 13:59:59.337101,,Eye Tracker,134.0,440.0,Valid,Valid,Fixation
2022-12-16 13:59:59.353756,,Eye Tracker,135.0,439.0,Valid,Valid,Fixation
2022-12-16 13:59:59.370410,,Eye Tracker,136.0,434.0,Valid,Valid,Fixation
2022-12-16 13:59:59.387065,,Eye Tracker,134.0,437.0,Valid,Valid,Fixation
2022-12-16 13:59:59.403720,,Eye Tracker,137.0,439.0,Valid,Valid,Fixation
2022-12-16 13:59:59.420375,,Eye Tracker,136.0,437.0,Valid,Valid,Fixation
2022-12-16 13:59:59.437030,,Eye Tracker,136.0,442.0,Valid,Valid,Fixation
2022-12-16 13:59:59.453685,,Eye Tracker,136.0,445.0,Valid,Valid,Fixation
2022-12-16 13:59:59.470339,,Eye Tracker,138.0,444.0,Valid,Valid,Fixation
2022-12-16 13:59:59.486994,,Eye Tracker,142.0,444.0,Valid,Valid,Fixation
2022-12-16 13:59:59.503649,,Eye Tracker,142.0,447.0,Valid,Valid,Fixation
2022-12-16 13:59:59.520303,,Eye Tracker,137.0,448.0,Valid,Valid,Fixation
2022-12-16 13:59:59.536958,,Eye Tracker,135.0,445.0,Valid,Valid,Fixation
2022-12-16 13:59:59.553613,,Eye Tracker,136.0,442.0,Valid,Valid,Fixation
2022-12-16 13:59:59.570268,,Eye Tracker,135.0,442.0,Valid,Valid,Fixation
2022-12-16 13:59:59.586922,,Eye Tracker,141.0,445.0,Valid,Valid,Fixation
2022-12-16 13:59:59.603577,,Eye Tracker,142.0,444.0,Valid,Valid,Fixation
2022-12-16 13:59:59.620232,,Eye Tracker,138.0,445.0,Valid,Valid,Fixation
2022-12-16 13:59:59.636886,,Eye Tracker,134.0,446.0,Valid,Valid,Fixation
2022-12-16 13:59:59.653541,,Eye Tracker,128.0,443.0,Valid,Valid,Fixation
2022-12-16 13:59:59.670196,,Eye Tracker,129.0,442.0,Valid,Valid,Fixation
2022-12-16 13:59:59.686851,,Eye Tracker,135.0,445.0,Valid,Valid,Fixation
2022-12-16 13:59:59.703506,,Eye Tracker,133.0,444.0,Valid,Valid,Fixation
2022-12-16 13:59:59.720161,,Eye Tracker,115.0,460.0,Valid,Valid,Saccade
2022-12-16 13:59:59.736815,,Eye Tracker,99.0,482.0,Valid,Valid,Saccade
2022-12-16 13:59:59.753470,,Eye Tracker,94.0,482.0,Valid,Valid,Fixation
2022-12-16 13:59:59.770125,,Eye Tracker,92.0,482.0,Valid,Valid,Fixation
2022-12-16 13:59:59.786779,,Eye Tracker,90.0,487.0,Valid,Valid,Fixation
2022-12-16 13:59:59.803434,,Eye Tracker,92.0,488.0,Valid,Valid,Fixation
2022-12-16 13:59:59.820089,,Eye Tracker,94.0,489.0,Valid,Valid,Fixation
2022-12-16 13:59:59.836744,,Eye Tracker,93.0,486.0,Valid,Valid,Fixation
2022-12-16 13:59:59.853398,,Eye Tracker,91.0,485.0,Valid,Valid,Fixation
2022-12-16 13:59:59.870053,,Eye Tracker,92.0,487.0,Valid,Valid,Fixation
2022-12-16 13:59:59.886708,,Eye Tracker,94.0,492.0,Valid,Valid,Fixation
2022-12-16 13:59:59.903362,,Eye Tracker,96.0,492.0,Valid,Valid,Fixation
2022-12-16 13:59:59.920017,,Eye Tracker,96.0,492.0,Valid,Valid,Fixation
2022-12-16 13:59:59.936672,,Eye Tracker,97.0,492.0,Valid,Valid,Fixation
2022-12-16 13:59:59.953327,,Eye Tracker,95.0,493.0,Valid,Valid,Fixation
2022-12-16 13:59:59.969982,,Eye Tracker,95.0,494.0,Valid,Valid,Fixation
2022-12-16 13:59:59.986637,,Eye Tracker,98.0,493.0,Valid,Valid,Fixation
2022-12-16 14:00:00.003291,,Eye Tracker,101.0,491.0,Valid,Valid,Fixation
2022-12-16 14:00:00.019946,,Eye Tracker,104.0,498.0,Valid,Valid,Fixation
2022-12-16 14:00:00.036601,,Eye Tracker,102.0,501.0,Valid,Valid,Fixation
2022-12-16 14:00:00.053255,,Eye Tracker,103.0,499.0,Valid,Valid,Fixation
2022-12-16 14:00:00.069910,,Eye Tracker,108.0,508.0,Valid,Valid,Fixation
2022-12-16 14:00:00.086565,,Eye Tracker,94.0,520.0,Valid,Valid,Fixation
2022-12-16 14:00:00.103220,,Eye Tracker,70.0,524.0,Valid,Valid,Saccade
2022-12-16 14:00:00.119874,,Eye Tracker,70.0,529.0,Valid,Valid,Fixation
2022-12-16 14:00:00.136529,,Eye Tracker,71.0,531.0,Valid,Valid,Fixation
2022-12-16 14:00:00.153184,,Eye Tracker,72.0,529.0,Valid,Valid,Fixation
2022-12-16 14:00:00.169838,,Eye Tracker,70.0,530.0,Valid,Valid,Fixation
2022-12-16 14:00:00.186493,,Eye Tracker,68.0,526.0,Valid,Valid,Fixation
2022-12-16 14:00:00.203149,,Eye Tracker,64.0,526.0,Valid,Valid,Fixation
2022-12-16 14:00:00.219802,,Eye Tracker,61.0,532.0,Valid,Valid,Fixation
2022-12-16 14:00:00.236458,,Eye Tracker,56.0,532.0,Valid,Valid,Fixation
2022-12-16 14:00:00.253113,,Eye Tracker,56.0,532.0,Valid,Valid,Fixation
2022-12-16 14:00:00.269767,,Eye Tracker,58.0,538.0,Valid,Valid,Fixation
2022-12-16 14:00:00.286421,,Eye Tracker,54.0,535.0,Valid,Valid,Fixation
2022-12-16 14:00:00.303077,,Eye Tracker,48.0,532.0,Valid,Valid,Fixation
2022-12-16 14:00:00.319731,,Eye Tracker,62.0,548.0,Valid,Valid,Fixation
2022-12-16 14:00:00.336386,,Eye Tracker,76.0,577.0,Valid,Valid,Saccade
2022-12-16 14:00:00.353041,,Eye Tracker,67.0,588.0,Valid,Valid,Fixation
2022-12-16 14:00:00.369696,,Eye Tracker,67.0,590.0,Valid,Valid,Fixation
2022-12-16 14:00:00.386350,,Eye Tracker,70.0,594.0,Valid,Valid,Fixation
2022-12-16 14:00:00.403005,,Eye Tracker,71.0,597.0,Valid,Valid,Fixation
2022-12-16 14:00:00.419660,,Eye Tracker,66.0,600.0,Valid,Valid,Fixation
2022-12-16 14:00:00.436314,,Eye Tracker,66.0,599.0,Valid,Valid,Fixation
2022-12-16 14:00:00.452969,,Eye Tracker,69.0,596.0,Valid,Valid,Fixation
2022-12-16 14:00:00.469625,,Eye Tracker,70.0,599.0,Valid,Valid,Fixation
2022-12-16 14:00:00.486279,,Eye Tracker,65.0,605.0,Valid,Valid,Fixation
2022-12-16 14:00:00.502934,,Eye Tracker,68.0,607.0,Valid,Valid,Fixation
2022-12-16 14:00:00.519589,,Eye Tracker,70.0,601.0,Valid,Valid,Fixation
2022-12-16 14:00:00.536243,,Eye Tracker,73.0,601.0,Valid,Valid,Fixation
2022-12-16 14:00:00.552898,,Eye Tracker,72.0,607.0,Valid,Valid,Fixation
2022-12-16 14:00:00.569553,,Eye Tracker,69.0,607.0,Valid,Valid,Fixation
2022-12-16 14:00:00.586207,,Eye Tracker,73.0,607.0,Valid,Valid,Fixation
2022-12-16 14:00:00.602862,,Eye Tracker,73.0,612.0,Valid,Valid,Fixation
2022-12-16 14:00:00.619517,,Eye Tracker,74.0,612.0,Valid,Valid,Fixation
2022-12-16 14:00:00.636172,,Eye Tracker,72.0,615.0,Valid,Valid,Fixation
2022-12-16 14:00:00.652826,,Eye Tracker,72.0,615.0,Valid,Valid,Fixation
2022-12-16 14:00:00.669481,,Eye Tracker,69.0,620.0,Valid,Valid,Fixation
2022-12-16 14:00:00.686136,,Eye Tracker,66.0,627.0,Valid,Valid,Fixation
2022-12-16 14:00:00.702790,,Eye Tracker,67.0,630.0,Valid,Valid,Fixation
2022-12-16 14:00:00.719445,,Eye Tracker,62.0,627.0,Valid,Valid,Fixation
2022-12-16 14:00:00.736101,,Eye Tracker,42.0,664.0,Valid,Valid,Saccade
2022-12-16 14:00:00.752755,,Eye Tracker,27.0,700.0,Valid,Valid,Saccade
2022-12-16 14:00:00.769410,,Eye Tracker,36.0,704.0,Valid,Valid,Fixation
2022-12-16 14:00:00.786065,,Eye Tracker,38.0,712.0,Valid,Valid,Fixation
2022-12-16 14:00:00.802719,,Eye Tracker,39.0,714.0,Valid,Valid,Fixation
2022-12-16 14:00:00.819374,,Eye Tracker,42.0,718.0,Valid,Valid,Fixation
2022-12-16 14:00:00.836029,,Eye Tracker,41.0,721.0,Valid,Valid,Fixation
2022-12-16 14:00:00.852683,,Eye Tracker,37.0,727.0,Valid,Valid,Fixation
2022-12-16 14:00:00.869338,,Eye Tracker,37.0,732.0,Valid,Valid,Fixation
2022-12-16 14:00:00.885993,,Eye Tracker,42.0,731.0,Valid,Valid,Fixation
2022-12-16 14:00:00.902648,,Eye Tracker,41.0,729.0,Valid,Valid,Fixation
2022-12-16 14:00:00.919302,,Eye Tracker,39.0,733.0,Valid,Valid,Fixation
2022-12-16 14:00:00.935957,,Eye Tracker,40.0,739.0,Valid,Valid,Fixation
2022-12-16 14:00:00.952612,,Eye Tracker,40.0,744.0,Valid,Valid,Fixation
2022-12-16 14:00:00.969266,,Eye Tracker,51.0,749.0,Valid,Valid,Fixation
2022-12-16 14:00:00.985922,,Eye Tracker,56.0,751.0,Valid,Valid,Fixation
2022-12-16 14:00:01.002577,,Eye Tracker,54.0,750.0,Valid,Valid,Fixation
2022-12-16 14:00:01.019231,,Eye Tracker,54.0,754.0,Valid,Valid,Fixation
2022-12-16 14:00:01.035886,,Eye Tracker,56.0,756.0,Valid,Valid,Fixation
2022-12-16 14:00:01.052541,,Eye Tracker,57.0,751.0,Valid,Valid,Fixation
2022-12-16 14:00:01.069195,,Eye Tracker,57.0,754.0,Valid,Valid,Fixation
2022-12-16 14:00:01.085850,,Eye Tracker,60.0,755.0,Valid,Valid,Fixation
2022-12-16 14:00:01.102504,,Eye Tracker,60.0,759.0,Valid,Valid,Fixation
2022-12-16 14:00:01.119159,,Eye Tracker,59.0,769.0,Valid,Valid,Fixation
2022-12-16 14:00:01.135814,,Eye Tracker,59.0,774.0,Valid,Valid,Fixation
2022-12-16 14:00:01.152469,,Eye Tracker,59.0,773.0,Valid,Valid,Fixation
2022-12-16 14:00:01.169124,,Eye Tracker,58.0,772.0,Valid,Valid,Fixation
2022-12-16 14:00:01.185778,,Eye Tracker,57.0,775.0,Valid,Valid,Fixation
2022-12-16 14:00:01.202433,,Eye Tracker,56.0,781.0,Valid,Valid,Fixation
2022-12-16 14:00:01.219088,,Eye Tracker,55.0,781.0,Valid,Valid,Fixation
2022-12-16 14:00:01.235742,,Eye Tracker,56.0,781.0,Valid,Valid,Fixation
2022-12-16 14:00:01.252398,,Eye Tracker,58.0,782.0,Valid,Valid,Fixation
2022-12-16 14:00:01.269053,,Eye Tracker,57.0,786.0,Valid,Valid,Fixation
2022-12-16 14:00:01.285707,,Eye Tracker,64.0,790.0,Valid,Valid,Fixation
2022-12-16 14:00:01.302362,,Eye Tracker,73.0,811.0,Valid,Valid,Saccade
2022-12-16 14:00:01.319017,,Eye Tracker,72.0,849.0,Valid,Valid,Saccade
2022-12-16 14:00:01.335671,,Eye Tracker,72.0,870.0,Valid,Valid,Fixation
2022-12-16 14:00:01.352326,,Eye Tracker,67.0,872.0,Valid,Valid,Fixation
2022-12-16 14:00:01.368981,,Eye Tracker,68.0,872.0,Valid,Valid,Fixation
2022-12-16 14:00:01.385635,,Eye Tracker,69.0,875.0,Valid,Valid,Fixation
2022-12-16 14:00:01.402290,,Eye Tracker,76.0,878.0,Valid,Valid,Fixation
2022-12-16 14:00:01.418945,,Eye Tracker,80.0,882.0,Valid,Valid,Fixation
2022-12-16 14:00:01.435600,,Eye Tracker,80.0,880.0,Valid,Valid,Fixation
2022-12-16 14:00:01.452254,,Eye Tracker,83.0,878.0,Valid,Valid,Fixation
2022-12-16 14:00:01.468909,,Eye Tracker,85.0,881.0,Valid,Valid,Fixation
2022-12-16 14:00:01.485564,,Eye Tracker,87.0,884.0,Valid,Valid,Fixation
2022-12-16 14:00:01.502218,,Eye Tracker,90.0,884.0,Valid,Valid,Fixation
2022-12-16 14:00:01.518874,,Eye Tracker,89.0,887.0,Valid,Valid,Fixation
2022-12-16 14:00:01.535529,,Eye Tracker,85.0,888.0,Valid,Valid,Fixation
2022-12-16 14:00:01.552182,,Eye Tracker,88.0,887.0,Valid,Valid,Fixation
2022-12-16 14:00:01.568837,,Eye Tracker,91.0,886.0,Valid,Valid,Fixation
2022-12-16 14:00:01.585493,,Eye Tracker,91.0,886.0,Valid,Valid,Fixation
2022-12-16 14:00:01.602147,,Eye Tracker,94.0,887.0,Valid,Valid,Fixation
2022-12-16 14:00:01.618802,,Eye Tracker,98.0,887.0,Valid,Valid,Fixation
2022-12-16 14:00:01.635457,,Eye Tracker,100.0,891.0,Valid,Valid,Fixation
2022-12-16 14:00:01.652111,,Eye Tracker,99.0,892.0,Valid,Valid,Fixation
2022-12-16 14:00:01.668766,,Eye Tracker,99.0,891.0,Valid,Valid,Fixation
2022-12-16 14:00:01.685421,,Eye Tracker,102.0,890.0,Valid,Valid,Fixation
2022-12-16 14:00:01.702076,,Eye Tracker,103.0,890.0,Valid,Valid,Fixation
2022-12-16 14:00:01.718730,,Eye Tracker,104.0,890.0,Valid,Valid,Fixation
2022-12-16 14:00:01.735385,,Eye Tracker,109.0,892.0,Valid,Valid,Fixation
2022-12-16 14:00:01.752040,,Eye Tracker,109.0,889.0,Valid,Valid,Fixation
2022-12-16 14:00:01.768694,,Eye Tracker,104.0,890.0,Valid,Valid,Fixation
2022-12-16 14:00:01.785350,,Eye Tracker,109.0,895.0,Valid,Valid,Fixation
2022-12-16 14:00:01.802005,,Eye Tracker,110.0,895.0,Valid,Valid,Fixation
2022-12-16 14:00:01.818659,,Eye Tracker,109.0,900.0,Valid,Valid,Fixation
2022-12-16 14:00:01.835314,,Eye Tracker,110.0,899.0,Valid,Valid,Fixation
2022-12-16 14:00:01.851969,,Eye Tracker,116.0,902.0,Valid,Valid,Fixation
2022-12-16 14:00:01.868623,,Eye Tracker,114.0,901.0,Valid,Valid,Fixation
2022-12-16 14:00:01.885278,,Eye Tracker,114.0,899.0,Valid,Valid,Fixation
2022-12-16 14:00:01.901933,,Eye Tracker,120.0,912.0,Valid,Valid,Fixation
2022-12-16 14:00:01.918587,,Eye Tracker,115.0,891.0,Valid,Valid,Fixation
2022-12-16 14:00:01.935242,,Eye Tracker,107.0,894.0,Valid,Valid,Fixation
2022-12-16 14:00:01.951897,,Eye Tracker,101.0,971.0,Valid,Valid,Saccade
2022-12-16 14:00:01.968552,,Eye Tracker,101.0,1014.0,Valid,Valid,Saccade
2022-12-16 14:00:01.985206,,Eye Tracker,101.0,1029.0,Valid,Invalid,Saccade
2022-12-16 14:00:02.001861,,Eye Tracker,70.0,1021.0,Valid,Invalid,Saccade
2022-12-16 14:00:02.218373,,Eye Tracker,157.0,1004.0,Valid,Valid,Unclassified
2022-12-16 14:00:02.235028,,Eye Tracker,174.0,1003.0,Valid,Valid,Unclassified
2022-12-16 14:00:02.251682,,Eye Tracker,191.0,940.0,Valid,Valid,Saccade
2022-12-16 14:00:02.268337,,Eye Tracker,200.0,935.0,Valid,Valid,Fixation
2022-12-16 14:00:02.284992,,Eye Tracker,205.0,953.0,Valid,Valid,Fixation
2022-12-16 14:00:02.301647,,Eye Tracker,202.0,953.0,Valid,Valid,Fixation
2022-12-16 14:00:02.318302,,Eye Tracker,201.0,958.0,Valid,Valid,Fixation
2022-12-16 14:00:02.334957,,Eye Tracker,205.0,955.0,Valid,Valid,Fixation
2022-12-16 14:00:02.351611,,Eye Tracker,210.0,952.0,Valid,Valid,Fixation
2022-12-16 14:00:02.368266,,Eye Tracker,218.0,950.0,Valid,Valid,Fixation
2022-12-16 14:00:02.384921,,Eye Tracker,221.0,957.0,Valid,Valid,Fixation
2022-12-16 14:00:02.401575,,Eye Tracker,223.0,954.0,Valid,Valid,Fixation
2022-12-16 14:00:02.418230,,Eye Tracker,228.0,952.0,Valid,Valid,Fixation
2022-12-16 14:00:02.434885,,Eye Tracker,228.0,950.0,Valid,Valid,Fixation
2022-12-16 14:00:02.451539,,Eye Tracker,230.0,951.0,Valid,Valid,Fixation
2022-12-16 14:00:02.468194,,Eye Tracker,229.0,937.0,Valid,Valid,Fixation
2022-12-16 14:00:02.484849,,Eye Tracker,231.0,918.0,Valid,Valid,Fixation
2022-12-16 14:00:02.501504,,Eye Tracker,234.0,924.0,Valid,Valid,Fixation
2022-12-16 14:00:02.518158,,Eye Tracker,238.0,925.0,Valid,Valid,Fixation
2022-12-16 14:00:02.534813,,Eye Tracker,240.0,925.0,Valid,Valid,Fixation
2022-12-16 14:00:02.551468,,Eye Tracker,241.0,925.0,Valid,Valid,Fixation
2022-12-16 14:00:02.568123,,Eye Tracker,244.0,923.0,Valid,Valid,Fixation
2022-12-16 14:00:02.584778,,Eye Tracker,246.0,921.0,Valid,Valid,Fixation
2022-12-16 14:00:02.601433,,Eye Tracker,246.0,922.0,Valid,Valid,Fixation
2022-12-16 14:00:02.618087,,Eye Tracker,246.0,922.0,Valid,Valid,Fixation
2022-12-16 14:00:02.634742,,Eye Tracker,248.0,923.0,Valid,Valid,Fixation
2022-12-16 14:00:02.651397,,Eye Tracker,247.0,925.0,Valid,Valid,Fixation
2022-12-16 14:00:02.668051,,Eye Tracker,244.0,922.0,Valid,Valid,Fixation
2022-12-16 14:00:02.684706,,Eye Tracker,246.0,923.0,Valid,Valid,Fixation
2022-12-16 14:00:02.701361,,Eye Tracker,248.0,926.0,Valid,Valid,Fixation
2022-12-16 14:00:02.718015,,Eye Tracker,248.0,933.0,Valid,Valid,Fixation
2022-12-16 14:00:02.734670,,Eye Tracker,250.0,934.0,Valid,Valid,Fixation
2022-12-16 14:00:02.751325,,Eye Tracker,249.0,929.0,Valid,Valid,Fixation
2022-12-16 14:00:02.767980,,Eye Tracker,264.0,927.0,Valid,Valid,Fixation
2022-12-16 14:00:02.784634,,Eye Tracker,269.0,929.0,Valid,Valid,Fixation
2022-12-16 14:00:02.801289,,Eye Tracker,270.0,929.0,Valid,Valid,Fixation
2022-12-16 14:00:02.817945,,Eye Tracker,273.0,931.0,Valid,Valid,Fixation
2022-12-16 14:00:02.834599,,Eye Tracker,275.0,930.0,Valid,Valid,Fixation
2022-12-16 14:00:02.851254,,Eye Tracker,276.0,926.0,Valid,Valid,Fixation
2022-12-16 14:00:02.867909,,Eye Tracker,273.0,932.0,Valid,Valid,Fixation
2022-12-16 14:00:02.884563,,Eye Tracker,274.0,937.0,Valid,Valid,Fixation
2022-12-16 14:00:02.901218,,Eye Tracker,274.0,938.0,Valid,Valid,Fixation
2022-12-16 14:00:02.917873,,Eye Tracker,276.0,936.0,Valid,Valid,Fixation
2022-12-16 14:00:02.934527,,Eye Tracker,321.0,930.0,Valid,Valid,Saccade
2022-12-16 14:00:02.951182,,Eye Tracker,396.0,929.0,Valid,Valid,Saccade
2022-12-16 14:00:02.967837,,Eye Tracker,431.0,929.0,Valid,Valid,Saccade
2022-12-16 14:00:02.984491,,Eye Tracker,438.0,931.0,Valid,Valid,Fixation
2022-12-16 14:00:03.001146,,Eye Tracker,442.0,932.0,Valid,Valid,Fixation
2022-12-16 14:00:03.017801,,Eye Tracker,442.0,925.0,Valid,Valid,Fixation
2022-12-16 14:00:03.034456,,Eye Tracker,439.0,927.0,Valid,Valid,Fixation
2022-12-16 14:00:03.051110,,Eye Tracker,440.0,933.0,Valid,Valid,Fixation
2022-12-16 14:00:03.067765,,Eye Tracker,443.0,935.0,Valid,Valid,Fixation
2022-12-16 14:00:03.084421,,Eye Tracker,437.0,941.0,Valid,Valid,Fixation
2022-12-16 14:00:03.101075,,Eye Tracker,447.0,945.0,Valid,Valid,Fixation
2022-12-16 14:00:03.117730,,Eye Tracker,468.0,928.0,Valid,Valid,Saccade
2022-12-16 14:00:03.134385,,Eye Tracker,477.0,912.0,Valid,Valid,Unclassified
2022-12-16 14:00:03.151039,,Eye Tracker,470.0,942.0,Valid,Invalid,Unclassified
2022-12-16 14:00:03.250967,,Eye Tracker,391.0,1157.0,Invalid,Valid,Saccade
2022-12-16 14:00:03.267622,,Eye Tracker,420.0,1067.0,Valid,Valid,Saccade
2022-12-16 14:00:03.284277,,Eye Tracker,466.0,1034.0,Valid,Valid,Saccade
2022-12-16 14:00:03.300932,,Eye Tracker,467.0,974.0,Valid,Valid,Saccade
2022-12-16 14:00:03.317586,,Eye Tracker,476.0,918.0,Valid,Valid,Saccade
2022-12-16 14:00:03.334241,,Eye Tracker,478.0,909.0,Valid,Valid,Fixation
2022-12-16 14:00:03.350897,,Eye Tracker,481.0,924.0,Valid,Valid,Fixation
2022-12-16 14:00:03.367551,,Eye Tracker,490.0,922.0,Valid,Valid,Fixation
2022-12-16 14:00:03.384206,,Eye Tracker,488.0,928.0,Valid,Valid,Fixation
2022-12-16 14:00:03.400861,,Eye Tracker,493.0,930.0,Valid,Valid,Fixation
2022-12-16 14:00:03.417515,,Eye Tracker,495.0,938.0,Valid,Valid,Fixation
2022-12-16 14:00:03.434170,,Eye Tracker,493.0,938.0,Valid,Valid,Fixation
2022-12-16 14:00:03.450825,,Eye Tracker,510.0,938.0,Valid,Valid,Fixation
2022-12-16 14:00:03.467479,,Eye Tracker,553.0,946.0,Valid,Valid,Saccade
2022-12-16 14:00:03.484134,,Eye Tracker,587.0,955.0,Valid,Valid,Saccade
2022-12-16 14:00:03.500789,,Eye Tracker,591.0,955.0,Valid,Valid,Fixation
2022-12-16 14:00:03.517443,,Eye Tracker,588.0,958.0,Valid,Valid,Fixation
2022-12-16 14:00:03.534098,,Eye Tracker,592.0,960.0,Valid,Valid,Fixation
2022-12-16 14:00:03.550753,,Eye Tracker,598.0,961.0,Valid,Valid,Fixation
2022-12-16 14:00:03.567408,,Eye Tracker,600.0,964.0,Valid,Valid,Fixation
2022-12-16 14:00:03.584062,,Eye Tracker,606.0,966.0,Valid,Valid,Fixation
2022-12-16 14:00:03.600718,,Eye Tracker,613.0,967.0,Valid,Valid,Fixation
2022-12-16 14:00:03.617373,,Eye Tracker,619.0,970.0,Valid,Valid,Fixation
2022-12-16 14:00:03.634027,,Eye Tracker,623.0,967.0,Valid,Valid,Fixation
2022-12-16 14:00:03.650682,,Eye Tracker,626.0,962.0,Valid,Valid,Fixation
2022-12-16 14:00:03.667337,,Eye Tracker,630.0,966.0,Valid,Valid,Fixation
2022-12-16 14:00:03.683991,,Eye Tracker,632.0,969.0,Valid,Valid,Fixation
2022-12-16 14:00:03.700646,,Eye Tracker,632.0,970.0,Valid,Valid,Fixation
2022-12-16 14:00:03.717301,,Eye Tracker,636.0,970.0,Valid,Valid,Fixation
2022-12-16 14:00:03.733955,,Eye Tracker,641.0,970.0,Valid,Valid,Fixation
2022-12-16 14:00:03.750610,,Eye Tracker,644.0,973.0,Valid,Valid,Fixation
2022-12-16 14:00:03.767265,,Eye Tracker,649.0,977.0,Valid,Valid,Fixation
2022-12-16 14:00:03.783919,,Eye Tracker,650.0,974.0,Valid,Valid,Fixation
2022-12-16 14:00:03.800574,,Eye Tracker,652.0,976.0,Valid,Valid,Fixation
2022-12-16 14:00:03.817229,,Eye Tracker,658.0,978.0,Valid,Valid,Fixation
2022-12-16 14:00:03.833884,,Eye Tracker,659.0,974.0,Valid,Valid,Fixation
2022-12-16 14:00:03.850538,,Eye Tracker,659.0,974.0,Valid,Valid,Fixation
2022-12-16 14:00:03.867194,,Eye Tracker,665.0,977.0,Valid,Valid,Fixation
2022-12-16 14:00:03.883849,,Eye Tracker,671.0,972.0,Valid,Valid,Fixation
2022-12-16 14:00:03.900503,,Eye Tracker,677.0,968.0,Valid,Valid,Fixation
2022-12-16 14:00:03.917158,,Eye Tracker,681.0,968.0,Valid,Valid,Fixation
2022-12-16 14:00:03.933813,,Eye Tracker,741.0,966.0,Valid,Valid,Saccade
2022-12-16 14:00:03.950467,,Eye Tracker,810.0,953.0,Valid,Valid,Saccade
2022-12-16 14:00:03.967122,,Eye Tracker,892.0,919.0,Valid,Valid,Saccade
2022-12-16 14:00:03.983777,,Eye Tracker,900.0,926.0,Valid,Valid,Fixation
2022-12-16 14:00:04.000431,,Eye Tracker,903.0,928.0,Valid,Valid,Fixation
2022-12-16 14:00:04.017086,,Eye Tracker,900.0,927.0,Valid,Valid,Fixation
2022-12-16 14:00:04.033741,,Eye Tracker,901.0,927.0,Valid,Valid,Fixation
2022-12-16 14:00:04.050395,,Eye Tracker,904.0,923.0,Valid,Valid,Fixation
2022-12-16 14:00:04.067050,,Eye Tracker,905.0,924.0,Valid,Valid,Fixation
2022-12-16 14:00:04.083705,,Eye Tracker,908.0,928.0,Valid,Valid,Fixation
2022-12-16 14:00:04.100360,,Eye Tracker,905.0,927.0,Valid,Valid,Fixation
2022-12-16 14:00:04.117014,,Eye Tracker,900.0,924.0,Valid,Valid,Fixation
2022-12-16 14:00:04.133670,,Eye Tracker,904.0,926.0,Valid,Valid,Fixation
2022-12-16 14:00:04.150325,,Eye Tracker,907.0,922.0,Valid,Valid,Fixation
2022-12-16 14:00:04.166979,,Eye Tracker,908.0,919.0,Valid,Valid,Fixation
2022-12-16 14:00:04.183634,,Eye Tracker,910.0,924.0,Valid,Valid,Fixation
2022-12-16 14:00:04.200289,,Eye Tracker,925.0,927.0,Valid,Valid,Fixation
2022-12-16 14:00:04.216943,,Eye Tracker,955.0,922.0,Valid,Valid,Saccade
2022-12-16 14:00:04.233598,,Eye Tracker,967.0,914.0,Valid,Valid,Fixation
2022-12-16 14:00:04.250253,,Eye Tracker,968.0,917.0,Valid,Valid,Fixation
2022-12-16 14:00:04.266907,,Eye Tracker,970.0,918.0,Valid,Valid,Fixation
2022-12-16 14:00:04.283562,,Eye Tracker,971.0,915.0,Valid,Valid,Fixation
2022-12-16 14:00:04.300217,,Eye Tracker,971.0,911.0,Valid,Valid,Fixation
2022-12-16 14:00:04.316871,,Eye Tracker,971.0,911.0,Valid,Valid,Fixation
2022-12-16 14:00:04.333526,,Eye Tracker,970.0,914.0,Valid,Valid,Fixation
2022-12-16 14:00:04.350181,,Eye Tracker,971.0,912.0,Valid,Valid,Fixation
2022-12-16 14:00:04.366836,,Eye Tracker,970.0,911.0,Valid,Valid,Fixation
2022-12-16 14:00:04.383490,,Eye Tracker,969.0,910.0,Valid,Valid,Fixation
2022-12-16 14:00:04.400146,,Eye Tracker,968.0,911.0,Valid,Valid,Fixation
2022-12-16 14:00:04.416801,,Eye Tracker,967.0,905.0,Valid,Valid,Fixation
2022-12-16 14:00:04.433455,,Eye Tracker,966.0,906.0,Valid,Valid,Fixation
2022-12-16 14:00:04.450110,,Eye Tracker,956.0,909.0,Valid,Valid,Fixation
2022-12-16 14:00:04.466765,,Eye Tracker,953.0,906.0,Valid,Valid,Fixation
2022-12-16 14:00:04.483419,,Eye Tracker,952.0,908.0,Valid,Valid,Fixation
2022-12-16 14:00:04.500074,,Eye Tracker,949.0,908.0,Valid,Valid,Fixation
2022-12-16 14:00:04.516729,,Eye Tracker,950.0,911.0,Valid,Valid,Fixation
2022-12-16 14:00:04.533383,,Eye Tracker,952.0,907.0,Valid,Valid,Fixation
2022-12-16 14:00:04.550038,,Eye Tracker,954.0,908.0,Valid,Valid,Fixation
2022-12-16 14:00:04.566693,,Eye Tracker,953.0,908.0,Valid,Valid,Fixation
2022-12-16 14:00:04.583347,,Eye Tracker,953.0,907.0,Valid,Valid,Fixation
2022-12-16 14:00:04.600002,,Eye Tracker,953.0,909.0,Valid,Valid,Fixation
2022-12-16 14:00:04.616657,,Eye Tracker,957.0,905.0,Valid,Valid,Fixation
2022-12-16 14:00:04.633312,,Eye Tracker,956.0,905.0,Valid,Valid,Fixation
2022-12-16 14:00:04.649967,,Eye Tracker,953.0,911.0,Valid,Valid,Fixation
2022-12-16 14:00:04.666622,,Eye Tracker,954.0,909.0,Valid,Valid,Fixation
2022-12-16 14:00:04.683277,,Eye Tracker,950.0,903.0,Valid,Valid,Fixation
2022-12-16 14:00:04.699931,,Eye Tracker,947.0,904.0,Valid,Valid,Fixation
2022-12-16 14:00:04.716586,,Eye Tracker,947.0,902.0,Valid,Valid,Fixation
2022-12-16 14:00:04.733241,,Eye Tracker,947.0,902.0,Valid,Valid,Fixation
2022-12-16 14:00:04.749895,,Eye Tracker,950.0,904.0,Valid,Valid,Fixation
2022-12-16 14:00:04.766550,,Eye Tracker,952.0,905.0,Valid,Valid,Fixation
2022-12-16 14:00:04.783205,,Eye Tracker,953.0,905.0,Valid,Valid,Fixation
2022-12-16 14:00:04.799859,,Eye Tracker,953.0,904.0,Valid,Valid,Fixation
2022-12-16 14:00:04.816515,,Eye Tracker,954.0,908.0,Valid,Valid,Fixation
2022-12-16 14:00:04.833170,,Eye Tracker,952.0,910.0,Valid,Valid,Fixation
2022-12-16 14:00:04.849824,,Eye Tracker,972.0,908.0,Valid,Valid,Fixation
2022-12-16 14:00:04.866479,,Eye Tracker,987.0,905.0,Valid,Valid,Fixation
2022-12-16 14:00:04.883134,,Eye Tracker,987.0,904.0,Valid,Valid,Fixation
2022-12-16 14:00:04.899789,,Eye Tracker,989.0,903.0,Valid,Valid,Fixation
2022-12-16 14:00:04.916443,,Eye Tracker,988.0,904.0,Valid,Valid,Fixation
2022-12-16 14:00:04.933098,,Eye Tracker,990.0,905.0,Valid,Valid,Fixation
2022-12-16 14:00:04.949753,,Eye Tracker,991.0,904.0,Valid,Valid,Fixation
2022-12-16 14:00:04.966407,,Eye Tracker,989.0,905.0,Valid,Valid,Fixation
2022-12-16 14:00:04.983062,,Eye Tracker,990.0,905.0,Valid,Valid,Fixation
2022-12-16 14:00:04.999717,,Eye Tracker,992.0,906.0,Valid,Valid,Fixation
2022-12-16 14:00:05.016371,,Eye Tracker,990.0,907.0,Valid,Valid,Fixation
2022-12-16 14:00:05.033026,,Eye Tracker,988.0,907.0,Valid,Valid,Fixation
2022-12-16 14:00:05.049681,,Eye Tracker,988.0,910.0,Valid,Valid,Fixation
2022-12-16 14:00:05.066336,,Eye Tracker,989.0,911.0,Valid,Valid,Fixation
2022-12-16 14:00:05.082991,,Eye Tracker,988.0,908.0,Valid,Valid,Fixation
2022-12-16 14:00:05.099646,,Eye Tracker,988.0,909.0,Valid,Valid,Fixation
2022-12-16 14:00:05.116300,,Eye Tracker,985.0,907.0,Valid,Valid,Fixation
2022-12-16 14:00:05.132955,,Eye Tracker,986.0,908.0,Valid,Valid,Fixation
2022-12-16 14:00:05.149610,,Eye Tracker,985.0,910.0,Valid,Valid,Fixation
2022-12-16 14:00:05.166265,,Eye Tracker,984.0,907.0,Valid,Valid,Fixation
2022-12-16 14:00:05.182919,,Eye Tracker,984.0,910.0,Valid,Valid,Fixation
2022-12-16 14:00:05.199574,,Eye Tracker,983.0,911.0,Valid,Valid,Fixation
2022-12-16 14:00:05.216229,,Eye Tracker,983.0,909.0,Valid,Valid,Fixation
2022-12-16 14:00:05.232883,,Eye Tracker,984.0,912.0,Valid,Valid,Fixation
2022-12-16 14:00:05.249538,,Eye Tracker,986.0,911.0,Valid,Valid,Fixation
2022-12-16 14:00:05.266193,,Eye Tracker,988.0,908.0,Valid,Valid,Fixation
2022-12-16 14:00:05.282847,,Eye Tracker,990.0,907.0,Valid,Valid,Fixation
2022-12-16 14:00:05.299502,,Eye Tracker,989.0,907.0,Valid,Valid,Fixation
2022-12-16 14:00:05.316157,,Eye Tracker,989.0,904.0,Valid,Valid,Fixation
2022-12-16 14:00:05.332812,,Eye Tracker,1003.0,893.0,Valid,Valid,Fixation
2022-12-16 14:00:05.349467,,Eye Tracker,1015.0,879.0,Valid,Valid,Fixation
2022-12-16 14:00:05.366122,,Eye Tracker,1021.0,872.0,Valid,Valid,Fixation
2022-12-16 14:00:05.382776,,Eye Tracker,1022.0,870.0,Valid,Valid,Fixation
2022-12-16 14:00:05.399431,,Eye Tracker,1021.0,869.0,Valid,Valid,Fixation
2022-12-16 14:00:05.416086,,Eye Tracker,1017.0,868.0,Valid,Valid,Fixation
2022-12-16 14:00:05.432741,,Eye Tracker,1012.0,870.0,Valid,Valid,Fixation
2022-12-16 14:00:05.449395,,Eye Tracker,1012.0,874.0,Valid,Valid,Fixation
2022-12-16 14:00:05.466050,,Eye Tracker,999.0,896.0,Valid,Valid,Saccade
2022-12-16 14:00:05.482705,,Eye Tracker,1001.0,938.0,Valid,Valid,Saccade
2022-12-16 14:00:05.499359,,Eye Tracker,1034.0,986.0,Valid,Valid,Saccade
2022-12-16 14:00:05.615943,,Eye Tracker,999.0,744.0,Valid,Valid,Saccade
2022-12-16 14:00:05.632598,,Eye Tracker,1024.0,789.0,Valid,Valid,Saccade
2022-12-16 14:00:05.649252,,Eye Tracker,1070.0,785.0,Valid,Valid,Fixation
2022-12-16 14:00:05.665907,,Eye Tracker,1036.0,764.0,Valid,Valid,Fixation
2022-12-16 14:00:05.682562,,Eye Tracker,1018.0,778.0,Valid,Valid,Fixation
2022-12-16 14:00:05.699217,,Eye Tracker,1025.0,768.0,Valid,Valid,Fixation
2022-12-16 14:00:05.715871,,Eye Tracker,1019.0,755.0,Valid,Valid,Fixation
2022-12-16 14:00:05.732526,,Eye Tracker,1022.0,740.0,Valid,Valid,Fixation
2022-12-16 14:00:05.749181,,Eye Tracker,1021.0,753.0,Valid,Valid,Fixation
2022-12-16 14:00:05.765835,,Eye Tracker,1020.0,751.0,Valid,Valid,Fixation
2022-12-16 14:00:05.782490,,Eye Tracker,1022.0,748.0,Valid,Valid,Fixation
2022-12-16 14:00:05.799145,,Eye Tracker,1025.0,753.0,Valid,Valid,Fixation
2022-12-16 14:00:05.815799,,Eye Tracker,1028.0,741.0,Valid,Valid,Fixation
2022-12-16 14:00:05.832454,,Eye Tracker,1021.0,739.0,Valid,Valid,Fixation
2022-12-16 14:00:05.849109,,Eye Tracker,1019.0,735.0,Valid,Valid,Fixation
2022-12-16 14:00:05.865764,,Eye Tracker,1016.0,738.0,Valid,Valid,Fixation
2022-12-16 14:00:05.882419,,Eye Tracker,1014.0,746.0,Valid,Valid,Fixation
2022-12-16 14:00:05.899074,,Eye Tracker,1017.0,740.0,Valid,Valid,Fixation
2022-12-16 14:00:05.915728,,Eye Tracker,1025.0,743.0,Valid,Valid,Fixation
2022-12-16 14:00:05.932383,,Eye Tracker,1024.0,741.0,Valid,Valid,Fixation
2022-12-16 14:00:05.949038,,Eye Tracker,1017.0,736.0,Valid,Valid,Fixation
2022-12-16 14:00:05.965693,,Eye Tracker,1021.0,735.0,Valid,Valid,Fixation
2022-12-16 14:00:05.982347,,Eye Tracker,1023.0,707.0,Valid,Valid,Saccade
2022-12-16 14:00:05.999002,,Eye Tracker,1024.0,686.0,Valid,Valid,Saccade
2022-12-16 14:00:06.015657,,Eye Tracker,1031.0,686.0,Valid,Valid,Fixation
2022-12-16 14:00:06.032311,,Eye Tracker,1035.0,685.0,Valid,Valid,Fixation
2022-12-16 14:00:06.048966,,Eye Tracker,1036.0,687.0,Valid,Valid,Fixation
2022-12-16 14:00:06.065621,,Eye Tracker,1033.0,684.0,Valid,Valid,Fixation
2022-12-16 14:00:06.082275,,Eye Tracker,1034.0,681.0,Valid,Valid,Fixation
2022-12-16 14:00:06.098930,,Eye Tracker,1035.0,680.0,Valid,Valid,Fixation
2022-12-16 14:00:06.115585,,Eye Tracker,1033.0,676.0,Valid,Valid,Fixation
2022-12-16 14:00:06.132240,,Eye Tracker,1035.0,675.0,Valid,Valid,Fixation
2022-12-16 14:00:06.148895,,Eye Tracker,1040.0,670.0,Valid,Valid,Fixation
2022-12-16 14:00:06.165550,,Eye Tracker,1038.0,672.0,Valid,Valid,Fixation
2022-12-16 14:00:06.182204,,Eye Tracker,1035.0,672.0,Valid,Valid,Fixation
2022-12-16 14:00:06.198859,,Eye Tracker,1033.0,669.0,Valid,Valid,Fixation
2022-12-16 14:00:06.215514,,Eye Tracker,1035.0,662.0,Valid,Valid,Fixation
2022-12-16 14:00:06.232169,,Eye Tracker,1035.0,662.0,Valid,Valid,Fixation
2022-12-16 14:00:06.248823,,Eye Tracker,1035.0,663.0,Valid,Valid,Fixation
2022-12-16 14:00:06.265478,,Eye Tracker,1035.0,661.0,Valid,Valid,Fixation
2022-12-16 14:00:06.282133,,Eye Tracker,1038.0,663.0,Valid,Valid,Fixation
2022-12-16 14:00:06.298787,,Eye Tracker,1035.0,654.0,Valid,Valid,Fixation
2022-12-16 14:00:06.315442,,Eye Tracker,1029.0,647.0,Valid,Valid,Fixation
2022-12-16 14:00:06.332097,,Eye Tracker,1030.0,646.0,Valid,Valid,Fixation
2022-12-16 14:00:06.348751,,Eye Tracker,1028.0,635.0,Valid,Valid,Fixation
2022-12-16 14:00:06.365406,,Eye Tracker,1028.0,636.0,Valid,Valid,Fixation
2022-12-16 14:00:06.382062,,Eye Tracker,1032.0,627.0,Valid,Valid,Fixation
2022-12-16 14:00:06.398716,,Eye Tracker,1036.0,625.0,Valid,Valid,Fixation
2022-12-16 14:00:06.415371,,Eye Tracker,1023.0,616.0,Valid,Valid,Fixation
2022-12-16 14:00:06.432026,,Eye Tracker,1025.0,606.0,Valid,Valid,Fixation
2022-12-16 14:00:06.448680,,Eye Tracker,1026.0,611.0,Valid,Valid,Fixation
2022-12-16 14:00:06.465335,,Eye Tracker,1023.0,606.0,Valid,Valid,Fixation
2022-12-16 14:00:06.481990,,Eye Tracker,1018.0,603.0,Valid,Valid,Fixation
2022-12-16 14:00:06.498645,,Eye Tracker,1018.0,606.0,Valid,Valid,Fixation
2022-12-16 14:00:06.515299,,Eye Tracker,1024.0,610.0,Valid,Valid,Fixation
2022-12-16 14:00:06.531954,,Eye Tracker,1026.0,611.0,Valid,Valid,Fixation
2022-12-16 14:00:06.548609,,Eye Tracker,1021.0,614.0,Valid,Valid,Fixation
2022-12-16 14:00:06.565263,,Eye Tracker,1021.0,611.0,Valid,Valid,Fixation
2022-12-16 14:00:06.581918,,Eye Tracker,1024.0,611.0,Valid,Valid,Fixation
2022-12-16 14:00:06.598573,,Eye Tracker,1020.0,611.0,Valid,Valid,Fixation
2022-12-16 14:00:06.615227,,Eye Tracker,1017.0,604.0,Valid,Valid,Fixation
2022-12-16 14:00:06.631882,,Eye Tracker,1019.0,604.0,Valid,Valid,Fixation
2022-12-16 14:00:06.648538,,Eye Tracker,1023.0,608.0,Valid,Valid,Fixation
2022-12-16 14:00:06.665192,,Eye Tracker,1023.0,607.0,Valid,Valid,Fixation
2022-12-16 14:00:06.681847,,Eye Tracker,1025.0,609.0,Valid,Valid,Fixation
2022-12-16 14:00:06.698502,,Eye Tracker,1024.0,612.0,Valid,Valid,Fixation
2022-12-16 14:00:06.715156,,Eye Tracker,1020.0,610.0,Valid,Valid,Fixation
2022-12-16 14:00:06.731811,,Eye Tracker,1018.0,610.0,Valid,Valid,Fixation
2022-12-16 14:00:06.748466,,Eye Tracker,1015.0,607.0,Valid,Valid,Fixation
2022-12-16 14:00:06.765121,,Eye Tracker,1013.0,606.0,Valid,Valid,Fixation
2022-12-16 14:00:06.781775,,Eye Tracker,1010.0,602.0,Valid,Valid,Fixation
2022-12-16 14:00:06.798430,,Eye Tracker,1009.0,603.0,Valid,Valid,Fixation
2022-12-16 14:00:06.815085,,Eye Tracker,1017.0,618.0,Valid,Valid,Fixation
2022-12-16 14:00:06.831739,,Eye Tracker,1016.0,620.0,Valid,Valid,Fixation
2022-12-16 14:00:06.848394,,Eye Tracker,989.0,608.0,Valid,Valid,Saccade
2022-12-16 14:00:06.865049,,Eye Tracker,973.0,595.0,Valid,Valid,Saccade
2022-12-16 14:00:06.881703,,Eye Tracker,973.0,572.0,Valid,Valid,Saccade
2022-12-16 14:00:06.898358,,Eye Tracker,971.0,574.0,Valid,Valid,Fixation
2022-12-16 14:00:06.915014,,Eye Tracker,967.0,569.0,Valid,Valid,Fixation
2022-12-16 14:00:06.931668,,Eye Tracker,967.0,569.0,Valid,Valid,Fixation
2022-12-16 14:00:06.948323,,Eye Tracker,967.0,573.0,Valid,Valid,Fixation
2022-12-16 14:00:06.964978,,Eye Tracker,966.0,575.0,Valid,Valid,Fixation
2022-12-16 14:00:06.981632,,Eye Tracker,970.0,572.0,Valid,Valid,Fixation
2022-12-16 14:00:06.998287,,Eye Tracker,971.0,568.0,Valid,Valid,Fixation
2022-12-16 14:00:07.014942,,Eye Tracker,970.0,571.0,Valid,Valid,Fixation
2022-12-16 14:00:07.031597,,Eye Tracker,968.0,572.0,Valid,Valid,Fixation
2022-12-16 14:00:07.048251,,Eye Tracker,966.0,586.0,Valid,Valid,Fixation
2022-12-16 14:00:07.064906,,Eye Tracker,962.0,588.0,Valid,Valid,Fixation
2022-12-16 14:00:07.081561,,Eye Tracker,956.0,590.0,Valid,Valid,Fixation
2022-12-16 14:00:07.098215,,Eye Tracker,957.0,594.0,Valid,Valid,Fixation
2022-12-16 14:00:07.114870,,Eye Tracker,963.0,603.0,Valid,Valid,Fixation
2022-12-16 14:00:07.148179,,Eye Tracker,728.0,760.0,Valid,Invalid,Unclassified
2022-12-16 14:00:07.164834,,Eye Tracker,728.0,760.0,Valid,Invalid,Unclassified
2022-12-16 14:00:07.181490,,Eye Tracker,899.0,615.0,Valid,Invalid,Saccade
2022-12-16 14:00:07.198144,,Eye Tracker,875.0,612.0,Valid,Invalid,Unclassified
2022-12-16 14:00:07.214799,,Eye Tracker,794.0,548.0,Valid,Valid,Saccade
2022-12-16 14:00:07.231454,,Eye Tracker,893.0,554.0,Valid,Valid,Fixation
2022-12-16 14:00:07.248108,,Eye Tracker,909.0,555.0,Valid,Valid,Fixation
2022-12-16 14:00:07.264763,,Eye Tracker,905.0,552.0,Valid,Valid,Fixation
2022-12-16 14:00:07.281418,,Eye Tracker,904.0,550.0,Valid,Valid,Fixation
2022-12-16 14:00:07.298073,,Eye Tracker,901.0,549.0,Valid,Valid,Fixation
2022-12-16 14:00:07.314727,,Eye Tracker,896.0,547.0,Valid,Valid,Fixation
2022-12-16 14:00:07.331382,,Eye Tracker,889.0,541.0,Valid,Valid,Fixation
2022-12-16 14:00:07.348037,,Eye Tracker,895.0,542.0,Valid,Valid,Fixation
2022-12-16 14:00:07.364691,,Eye Tracker,896.0,539.0,Valid,Valid,Fixation
2022-12-16 14:00:07.381346,,Eye Tracker,893.0,538.0,Valid,Valid,Fixation
2022-12-16 14:00:07.398001,,Eye Tracker,895.0,538.0,Valid,Valid,Fixation
2022-12-16 14:00:07.414655,,Eye Tracker,886.0,533.0,Valid,Valid,Fixation
2022-12-16 14:00:07.431310,,Eye Tracker,886.0,534.0,Valid,Valid,Fixation
2022-12-16 14:00:07.447966,,Eye Tracker,889.0,536.0,Valid,Valid,Fixation
2022-12-16 14:00:07.464620,,Eye Tracker,889.0,543.0,Valid,Valid,Fixation
2022-12-16 14:00:07.481275,,Eye Tracker,895.0,550.0,Valid,Valid,Fixation
2022-12-16 14:00:07.497930,,Eye Tracker,893.0,547.0,Valid,Valid,Fixation
2022-12-16 14:00:07.514584,,Eye Tracker,906.0,536.0,Valid,Valid,Fixation
2022-12-16 14:00:07.531239,,Eye Tracker,921.0,527.0,Valid,Valid,Fixation
2022-12-16 14:00:07.547894,,Eye Tracker,922.0,528.0,Valid,Valid,Fixation
2022-12-16 14:00:07.564549,,Eye Tracker,922.0,527.0,Valid,Valid,Fixation
2022-12-16 14:00:07.581203,,Eye Tracker,926.0,518.0,Valid,Valid,Fixation
2022-12-16 14:00:07.597858,,Eye Tracker,928.0,516.0,Valid,Valid,Fixation
2022-12-16 14:00:07.614513,,Eye Tracker,936.0,516.0,Valid,Valid,Fixation
2022-12-16 14:00:07.631167,,Eye Tracker,933.0,512.0,Valid,Valid,Fixation
2022-12-16 14:00:07.647822,,Eye Tracker,926.0,514.0,Valid,Valid,Fixation
2022-12-16 14:00:07.664477,,Eye Tracker,928.0,513.0,Valid,Valid,Fixation
2022-12-16 14:00:07.681131,,Eye Tracker,931.0,507.0,Valid,Valid,Fixation
2022-12-16 14:00:07.697786,,Eye Tracker,929.0,508.0,Valid,Valid,Fixation
2022-12-16 14:00:07.714442,,Eye Tracker,930.0,504.0,Valid,Valid,Fixation
2022-12-16 14:00:07.731096,,Eye Tracker,929.0,503.0,Valid,Valid,Fixation
2022-12-16 14:00:07.747751,,Eye Tracker,933.0,496.0,Valid,Valid,Fixation
2022-12-16 14:00:07.764406,,Eye Tracker,915.0,473.0,Valid,Valid,Saccade
2022-12-16 14:00:07.781060,,Eye Tracker,882.0,447.0,Valid,Valid,Saccade
2022-12-16 14:00:07.797715,,Eye Tracker,882.0,434.0,Valid,Valid,Fixation
2022-12-16 14:00:07.814370,,Eye Tracker,882.0,427.0,Valid,Valid,Fixation
2022-12-16 14:00:07.831025,,Eye Tracker,880.0,428.0,Valid,Valid,Fixation
2022-12-16 14:00:07.847679,,Eye Tracker,885.0,425.0,Valid,Valid,Fixation
2022-12-16 14:00:07.864334,,Eye Tracker,886.0,428.0,Valid,Valid,Fixation
2022-12-16 14:00:07.880989,,Eye Tracker,883.0,432.0,Valid,Valid,Fixation
2022-12-16 14:00:07.897643,,Eye Tracker,878.0,431.0,Valid,Valid,Fixation
2022-12-16 14:00:07.914298,,Eye Tracker,874.0,423.0,Valid,Valid,Fixation
2022-12-16 14:00:07.930953,,Eye Tracker,875.0,420.0,Valid,Valid,Fixation
2022-12-16 14:00:07.947607,,Eye Tracker,865.0,415.0,Valid,Valid,Fixation
2022-12-16 14:00:07.964263,,Eye Tracker,870.0,414.0,Valid,Valid,Fixation
2022-12-16 14:00:07.980918,,Eye Tracker,885.0,419.0,Valid,Valid,Fixation
2022-12-16 14:00:07.997572,,Eye Tracker,887.0,410.0,Valid,Valid,Fixation
2022-12-16 14:00:08.014227,,Eye Tracker,885.0,409.0,Valid,Valid,Fixation
2022-12-16 14:00:08.030882,,Eye Tracker,884.0,420.0,Valid,Invalid,Fixation
2022-12-16 14:00:08.047536,,Eye Tracker,894.0,389.0,Valid,Valid,Fixation
2022-12-16 14:00:08.064191,,Eye Tracker,888.0,392.0,Valid,Valid,Fixation
2022-12-16 14:00:08.080846,,Eye Tracker,879.0,385.0,Valid,Valid,Fixation
2022-12-16 14:00:08.097501,,Eye Tracker,883.0,382.0,Valid,Valid,Fixation
2022-12-16 14:00:08.114155,,Eye Tracker,886.0,378.0,Valid,Valid,Fixation
2022-12-16 14:00:08.130810,,Eye Tracker,883.0,376.0,Valid,Valid,Fixation
2022-12-16 14:00:08.147465,,Eye Tracker,890.0,362.0,Valid,Valid,Fixation
2022-12-16 14:00:08.164119,,Eye Tracker,902.0,342.0,Valid,Valid,Saccade
2022-12-16 14:00:08.180774,,Eye Tracker,912.0,336.0,Valid,Valid,Fixation
2022-12-16 14:00:08.197429,,Eye Tracker,911.0,339.0,Valid,Valid,Fixation
2022-12-16 14:00:08.214083,,Eye Tracker,915.0,335.0,Valid,Valid,Fixation
2022-12-16 14:00:08.230739,,Eye Tracker,911.0,336.0,Valid,Valid,Fixation
2022-12-16 14:00:08.247394,,Eye Tracker,917.0,337.0,Valid,Valid,Fixation
2022-12-16 14:00:08.264048,,Eye Tracker,917.0,333.0,Valid,Valid,Fixation
2022-12-16 14:00:08.280703,,Eye Tracker,905.0,333.0,Valid,Valid,Fixation
2022-12-16 14:00:08.297358,,Eye Tracker,904.0,329.0,Valid,Valid,Fixation
2022-12-16 14:00:08.314012,,Eye Tracker,905.0,323.0,Valid,Valid,Fixation
2022-12-16 14:00:08.330667,,Eye Tracker,908.0,321.0,Valid,Valid,Fixation
2022-12-16 14:00:08.347322,,Eye Tracker,914.0,313.0,Valid,Valid,Fixation
2022-12-16 14:00:08.363977,,Eye Tracker,915.0,313.0,Valid,Valid,Fixation
2022-12-16 14:00:08.380631,,Eye Tracker,904.0,310.0,Valid,Valid,Fixation
2022-12-16 14:00:08.397286,,Eye Tracker,898.0,303.0,Valid,Valid,Fixation
2022-12-16 14:00:08.413941,,Eye Tracker,893.0,312.0,Valid,Valid,Fixation
2022-12-16 14:00:08.530524,,Eye Tracker,905.0,424.0,Invalid,Valid,Saccade
2022-12-16 14:00:08.547179,,Eye Tracker,930.0,275.0,Valid,Valid,Saccade
2022-12-16 14:00:08.563834,,Eye Tracker,921.0,248.0,Valid,Valid,Unclassified
2022-12-16 14:00:08.580488,,Eye Tracker,917.0,213.0,Valid,Valid,Saccade
2022-12-16 14:00:08.597143,,Eye Tracker,925.0,201.0,Valid,Valid,Fixation
2022-12-16 14:00:08.613798,,Eye Tracker,936.0,230.0,Valid,Valid,Fixation
2022-12-16 14:00:08.630453,,Eye Tracker,935.0,222.0,Valid,Valid,Fixation
2022-12-16 14:00:08.647107,,Eye Tracker,930.0,215.0,Valid,Valid,Fixation
2022-12-16 14:00:08.663762,,Eye Tracker,931.0,207.0,Valid,Valid,Fixation
2022-12-16 14:00:08.680417,,Eye Tracker,936.0,188.0,Valid,Valid,Fixation
2022-12-16 14:00:08.946893,,Eye Tracker,894.0,131.0,Invalid,Valid,Saccade
2022-12-16 14:00:08.963547,,Eye Tracker,903.0,190.0,Valid,Valid,Saccade
2022-12-16 14:00:08.980202,,Eye Tracker,909.0,199.0,Valid,Valid,Fixation
2022-12-16 14:00:08.996857,,Eye Tracker,913.0,180.0,Valid,Valid,Fixation
2022-12-16 14:00:09.013511,,Eye Tracker,912.0,184.0,Valid,Valid,Fixation
2022-12-16 14:00:09.030167,,Eye Tracker,911.0,188.0,Valid,Valid,Fixation
2022-12-16 14:00:09.046822,,Eye Tracker,912.0,189.0,Valid,Valid,Fixation
2022-12-16 14:00:09.063476,,Eye Tracker,913.0,192.0,Valid,Valid,Fixation
2022-12-16 14:00:09.080131,,Eye Tracker,919.0,190.0,Valid,Valid,Fixation
2022-12-16 14:00:09.096786,,Eye Tracker,918.0,195.0,Valid,Valid,Fixation
2022-12-16 14:00:09.113440,,Eye Tracker,912.0,203.0,Valid,Valid,Fixation
2022-12-16 14:00:09.130095,,Eye Tracker,913.0,201.0,Valid,Valid,Fixation
2022-12-16 14:00:09.146750,,Eye Tracker,919.0,192.0,Valid,Valid,Fixation
2022-12-16 14:00:09.163405,,Eye Tracker,915.0,190.0,Valid,Valid,Fixation
2022-12-16 14:00:09.180059,,Eye Tracker,912.0,210.0,Valid,Valid,Fixation
2022-12-16 14:00:09.196714,,Eye Tracker,914.0,221.0,Valid,Valid,Fixation
2022-12-16 14:00:09.213369,,Eye Tracker,914.0,199.0,Valid,Valid,Fixation
2022-12-16 14:00:09.230023,,Eye Tracker,923.0,165.0,Invalid,Valid,Saccade
2022-12-16 14:00:09.313298,,Eye Tracker,967.0,-13.0,Invalid,Valid,Saccade
2022-12-16 14:00:09.329952,,Eye Tracker,938.0,162.0,Valid,Valid,Saccade
2022-12-16 14:00:09.346607,,Eye Tracker,934.0,229.0,Valid,Valid,Saccade
2022-12-16 14:00:09.363262,,Eye Tracker,932.0,221.0,Valid,Valid,Fixation
2022-12-16 14:00:09.379916,,Eye Tracker,933.0,212.0,Valid,Valid,Fixation
2022-12-16 14:00:09.396571,,Eye Tracker,929.0,212.0,Valid,Valid,Fixation
2022-12-16 14:00:09.413226,,Eye Tracker,930.0,199.0,Valid,Valid,Fixation
2022-12-16 14:00:09.429881,,Eye Tracker,932.0,200.0,Valid,Valid,Fixation
2022-12-16 14:00:09.446535,,Eye Tracker,930.0,195.0,Valid,Valid,Fixation
2022-12-16 14:00:09.463190,,Eye Tracker,935.0,195.0,Valid,Valid,Fixation
2022-12-16 14:00:09.479845,,Eye Tracker,933.0,187.0,Valid,Valid,Fixation
2022-12-16 14:00:09.496499,,Eye Tracker,933.0,186.0,Valid,Valid,Fixation
2022-12-16 14:00:09.513154,,Eye Tracker,938.0,186.0,Valid,Valid,Fixation
2022-12-16 14:00:09.529809,,Eye Tracker,936.0,185.0,Valid,Valid,Fixation
2022-12-16 14:00:09.546463,,Eye Tracker,935.0,189.0,Valid,Valid,Fixation
2022-12-16 14:00:09.563119,,Eye Tracker,928.0,192.0,Valid,Valid,Fixation
2022-12-16 14:00:09.579774,,Eye Tracker,918.0,222.0,Valid,Valid,Saccade
2022-12-16 14:00:09.596428,,Eye Tracker,916.0,224.0,Valid,Valid,Fixation
2022-12-16 14:00:09.613083,,Eye Tracker,914.0,210.0,Valid,Valid,Fixation
2022-12-16 14:00:09.629738,,Eye Tracker,915.0,209.0,Valid,Valid,Fixation
2022-12-16 14:00:09.646392,,Eye Tracker,916.0,204.0,Valid,Valid,Fixation
2022-12-16 14:00:09.663047,,Eye Tracker,915.0,205.0,Valid,Valid,Fixation
2022-12-16 14:00:09.679702,,Eye Tracker,914.0,209.0,Valid,Valid,Fixation
2022-12-16 14:00:09.696357,,Eye Tracker,916.0,205.0,Valid,Valid,Fixation
2022-12-16 14:00:09.713011,,Eye Tracker,916.0,204.0,Valid,Valid,Fixation
2022-12-16 14:00:09.729666,,Eye Tracker,918.0,207.0,Valid,Valid,Fixation
2022-12-16 14:00:09.746321,,Eye Tracker,920.0,212.0,Valid,Valid,Fixation
2022-12-16 14:00:09.762975,,Eye Tracker,922.0,209.0,Valid,Valid,Fixation
2022-12-16 14:00:09.779630,,Eye Tracker,923.0,205.0,Valid,Valid,Fixation
2022-12-16 14:00:09.796285,,Eye Tracker,923.0,208.0,Valid,Valid,Fixation
2022-12-16 14:00:09.812940,,Eye Tracker,917.0,210.0,Valid,Valid,Fixation
2022-12-16 14:00:09.829595,,Eye Tracker,917.0,206.0,Valid,Valid,Fixation
2022-12-16 14:00:09.846250,,Eye Tracker,920.0,205.0,Valid,Valid,Fixation
2022-12-16 14:00:09.862904,,Eye Tracker,923.0,208.0,Valid,Valid,Fixation
2022-12-16 14:00:09.879559,,Eye Tracker,930.0,196.0,Valid,Valid,Fixation
2022-12-16 14:00:09.896214,,Eye Tracker,929.0,195.0,Valid,Valid,Fixation
2022-12-16 14:00:09.912868,,Eye Tracker,928.0,196.0,Valid,Valid,Fixation
2022-12-16 14:00:09.929523,,Eye Tracker,927.0,191.0,Valid,Valid,Fixation
2022-12-16 14:00:09.946178,,Eye Tracker,926.0,186.0,Valid,Valid,Fixation
2022-12-16 14:00:09.962833,,Eye Tracker,926.0,185.0,Valid,Valid,Fixation
2022-12-16 14:00:09.979487,,Eye Tracker,960.0,155.0,Valid,Valid,Saccade
2022-12-16 14:00:09.996142,,Eye Tracker,981.0,137.0,Valid,Valid,Saccade
2022-12-16 14:00:10.012797,,Eye Tracker,980.0,131.0,Valid,Valid,Fixation
2022-12-16 14:00:10.029451,,Eye Tracker,982.0,129.0,Valid,Valid,Fixation
2022-12-16 14:00:10.046106,,Eye Tracker,983.0,127.0,Valid,Valid,Fixation
2022-12-16 14:00:10.062761,,Eye Tracker,983.0,129.0,Valid,Valid,Fixation
2022-12-16 14:00:10.079416,,Eye Tracker,982.0,127.0,Valid,Valid,Fixation
2022-12-16 14:00:10.096071,,Eye Tracker,985.0,126.0,Valid,Valid,Fixation
2022-12-16 14:00:10.112726,,Eye Tracker,986.0,125.0,Valid,Valid,Fixation
2022-12-16 14:00:10.129380,,Eye Tracker,988.0,121.0,Valid,Valid,Fixation
2022-12-16 14:00:10.146035,,Eye Tracker,991.0,118.0,Valid,Valid,Fixation
2022-12-16 14:00:10.162690,,Eye Tracker,993.0,111.0,Valid,Valid,Fixation
2022-12-16 14:00:10.179344,,Eye Tracker,989.0,111.0,Valid,Valid,Fixation
2022-12-16 14:00:10.195999,,Eye Tracker,994.0,115.0,Valid,Valid,Fixation
2022-12-16 14:00:10.212654,,Eye Tracker,999.0,115.0,Valid,Valid,Fixation
2022-12-16 14:00:10.229309,,Eye Tracker,996.0,114.0,Valid,Valid,Fixation
2022-12-16 14:00:10.245963,,Eye Tracker,998.0,105.0,Valid,Valid,Fixation
2022-12-16 14:00:10.262618,,Eye Tracker,998.0,102.0,Valid,Valid,Fixation
2022-12-16 14:00:10.279273,,Eye Tracker,995.0,105.0,Valid,Valid,Fixation
2022-12-16 14:00:10.295927,,Eye Tracker,999.0,104.0,Valid,Valid,Fixation
2022-12-16 14:00:10.312582,,Eye Tracker,1001.0,100.0,Valid,Valid,Fixation
2022-12-16 14:00:10.329237,,Eye Tracker,999.0,98.0,Valid,Valid,Fixation
2022-12-16 14:00:10.345892,,Eye Tracker,1000.0,99.0,Valid,Valid,Fixation
2022-12-16 14:00:10.362547,,Eye Tracker,1000.0,98.0,Valid,Valid,Fixation
2022-12-16 14:00:10.379202,,Eye Tracker,1046.0,101.0,Valid,Valid,Saccade
2022-12-16 14:00:10.395856,,Eye Tracker,1070.0,104.0,Valid,Valid,Fixation
2022-12-16 14:00:10.412511,,Eye Tracker,1068.0,110.0,Valid,Valid,Fixation
2022-12-16 14:00:10.429166,,Eye Tracker,1067.0,112.0,Valid,Valid,Fixation
2022-12-16 14:00:10.445820,,Eye Tracker,1068.0,114.0,Valid,Valid,Fixation
2022-12-16 14:00:10.462475,,Eye Tracker,1072.0,111.0,Valid,Valid,Fixation
2022-12-16 14:00:10.479130,,Eye Tracker,1077.0,120.0,Valid,Valid,Fixation
2022-12-16 14:00:10.495785,,Eye Tracker,1093.0,178.0,Valid,Valid,Saccade
2022-12-16 14:00:10.512439,,Eye Tracker,1126.0,295.0,Valid,Valid,Saccade
2022-12-16 14:00:10.562403,,Eye Tracker,851.0,235.0,Valid,Invalid,Saccade
2022-12-16 14:00:10.579058,,Eye Tracker,1147.0,111.0,Valid,Valid,Saccade
2022-12-16 14:00:10.595713,,Eye Tracker,1194.0,138.0,Valid,Valid,Saccade
2022-12-16 14:00:10.612368,,Eye Tracker,1186.0,186.0,Valid,Valid,Saccade
2022-12-16 14:00:10.629023,,Eye Tracker,1195.0,170.0,Valid,Valid,Unclassified
2022-12-16 14:00:10.645678,,Eye Tracker,1198.0,143.0,Valid,Valid,Saccade
2022-12-16 14:00:10.662332,,Eye Tracker,1187.0,141.0,Valid,Valid,Fixation
2022-12-16 14:00:10.678987,,Eye Tracker,1186.0,141.0,Valid,Valid,Fixation
2022-12-16 14:00:10.695642,,Eye Tracker,1187.0,149.0,Valid,Valid,Fixation
2022-12-16 14:00:10.712296,,Eye Tracker,1185.0,156.0,Valid,Valid,Fixation
2022-12-16 14:00:10.728951,,Eye Tracker,1180.0,156.0,Valid,Valid,Fixation
2022-12-16 14:00:10.745606,,Eye Tracker,1185.0,157.0,Valid,Valid,Fixation
2022-12-16 14:00:10.762261,,Eye Tracker,1187.0,150.0,Valid,Valid,Fixation
2022-12-16 14:00:10.778915,,Eye Tracker,1186.0,148.0,Valid,Valid,Fixation
2022-12-16 14:00:10.795570,,Eye Tracker,1179.0,134.0,Valid,Valid,Fixation
2022-12-16 14:00:10.812225,,Eye Tracker,1155.0,120.0,Valid,Valid,Saccade
2022-12-16 14:00:10.828879,,Eye Tracker,1152.0,121.0,Valid,Valid,Fixation
2022-12-16 14:00:10.845534,,Eye Tracker,1149.0,134.0,Valid,Valid,Fixation
2022-12-16 14:00:10.862189,,Eye Tracker,1150.0,137.0,Valid,Valid,Fixation
2022-12-16 14:00:10.878844,,Eye Tracker,1151.0,138.0,Valid,Valid,Fixation
2022-12-16 14:00:10.895499,,Eye Tracker,1154.0,140.0,Valid,Valid,Fixation
2022-12-16 14:00:10.912154,,Eye Tracker,1153.0,137.0,Valid,Valid,Fixation
2022-12-16 14:00:10.928808,,Eye Tracker,1154.0,137.0,Valid,Valid,Fixation
2022-12-16 14:00:10.945464,,Eye Tracker,1159.0,130.0,Valid,Valid,Fixation
2022-12-16 14:00:10.962119,,Eye Tracker,1162.0,126.0,Valid,Valid,Fixation
2022-12-16 14:00:10.978773,,Eye Tracker,1164.0,131.0,Valid,Valid,Fixation
2022-12-16 14:00:10.995428,,Eye Tracker,1160.0,133.0,Valid,Valid,Fixation
2022-12-16 14:00:11.012083,,Eye Tracker,1161.0,134.0,Valid,Valid,Fixation
2022-12-16 14:00:11.028738,,Eye Tracker,1162.0,143.0,Valid,Valid,Fixation
2022-12-16 14:00:11.045392,,Eye Tracker,1162.0,144.0,Valid,Valid,Fixation
2022-12-16 14:00:11.062047,,Eye Tracker,1159.0,144.0,Valid,Valid,Fixation
2022-12-16 14:00:11.078702,,Eye Tracker,1162.0,144.0,Valid,Valid,Fixation
2022-12-16 14:00:11.095356,,Eye Tracker,1166.0,144.0,Valid,Valid,Fixation
2022-12-16 14:00:11.112011,,Eye Tracker,1174.0,147.0,Valid,Valid,Fixation
2022-12-16 14:00:11.128666,,Eye Tracker,1173.0,149.0,Valid,Valid,Fixation
2022-12-16 14:00:11.145321,,Eye Tracker,1169.0,153.0,Valid,Valid,Fixation
2022-12-16 14:00:11.161976,,Eye Tracker,1172.0,154.0,Valid,Valid,Fixation
2022-12-16 14:00:11.178631,,Eye Tracker,1174.0,147.0,Valid,Valid,Fixation
2022-12-16 14:00:11.195285,,Eye Tracker,1176.0,145.0,Valid,Valid,Fixation
2022-12-16 14:00:11.211940,,Eye Tracker,1171.0,148.0,Valid,Valid,Fixation
2022-12-16 14:00:11.228595,,Eye Tracker,1173.0,150.0,Valid,Valid,Fixation
2022-12-16 14:00:11.245249,,Eye Tracker,1175.0,153.0,Valid,Valid,Fixation
2022-12-16 14:00:11.261904,,Eye Tracker,1174.0,154.0,Valid,Valid,Fixation
2022-12-16 14:00:11.278559,,Eye Tracker,1175.0,156.0,Valid,Valid,Fixation
2022-12-16 14:00:11.295214,,Eye Tracker,1170.0,154.0,Valid,Valid,Fixation
2022-12-16 14:00:11.311868,,Eye Tracker,1172.0,153.0,Valid,Valid,Fixation
2022-12-16 14:00:11.328523,,Eye Tracker,1173.0,154.0,Valid,Valid,Fixation
2022-12-16 14:00:11.345178,,Eye Tracker,1174.0,147.0,Valid,Valid,Fixation
2022-12-16 14:00:11.361832,,Eye Tracker,1175.0,144.0,Valid,Valid,Fixation
2022-12-16 14:00:11.378487,,Eye Tracker,1176.0,144.0,Valid,Valid,Fixation
2022-12-16 14:00:11.395143,,Eye Tracker,1178.0,146.0,Valid,Valid,Fixation
2022-12-16 14:00:11.411797,,Eye Tracker,1214.0,163.0,Valid,Valid,Saccade
2022-12-16 14:00:11.428452,,Eye Tracker,1246.0,169.0,Valid,Valid,Saccade
2022-12-16 14:00:11.445107,,Eye Tracker,1284.0,177.0,Valid,Valid,Saccade
2022-12-16 14:00:11.461761,,Eye Tracker,1272.0,176.0,Valid,Valid,Fixation
2022-12-16 14:00:11.478416,,Eye Tracker,1272.0,174.0,Valid,Valid,Fixation
2022-12-16 14:00:11.495071,,Eye Tracker,1272.0,167.0,Valid,Valid,Fixation
2022-12-16 14:00:11.511725,,Eye Tracker,1274.0,156.0,Valid,Valid,Fixation
2022-12-16 14:00:11.528380,,Eye Tracker,1278.0,150.0,Valid,Valid,Fixation
2022-12-16 14:00:11.545035,,Eye Tracker,1277.0,148.0,Valid,Valid,Fixation
2022-12-16 14:00:11.561690,,Eye Tracker,1278.0,149.0,Valid,Valid,Fixation
2022-12-16 14:00:11.578344,,Eye Tracker,1283.0,147.0,Valid,Valid,Fixation
2022-12-16 14:00:11.594999,,Eye Tracker,1288.0,141.0,Valid,Valid,Fixation
2022-12-16 14:00:11.611654,,Eye Tracker,1288.0,134.0,Valid,Valid,Fixation
2022-12-16 14:00:11.628308,,Eye Tracker,1292.0,128.0,Valid,Valid,Fixation
2022-12-16 14:00:11.644963,,Eye Tracker,1298.0,125.0,Valid,Valid,Fixation
2022-12-16 14:00:11.661619,,Eye Tracker,1300.0,120.0,Valid,Valid,Fixation
2022-12-16 14:00:11.678273,,Eye Tracker,1281.0,100.0,Valid,Valid,Saccade
2022-12-16 14:00:11.694928,,Eye Tracker,1275.0,85.0,Valid,Valid,Fixation
2022-12-16 14:00:11.711583,,Eye Tracker,1289.0,68.0,Valid,Valid,Fixation
2022-12-16 14:00:11.728237,,Eye Tracker,1288.0,67.0,Valid,Valid,Fixation
2022-12-16 14:00:11.744892,,Eye Tracker,1280.0,62.0,Valid,Valid,Fixation
2022-12-16 14:00:11.761547,,Eye Tracker,1282.0,60.0,Valid,Valid,Fixation
2022-12-16 14:00:11.778201,,Eye Tracker,1286.0,56.0,Valid,Valid,Fixation
2022-12-16 14:00:11.794856,,Eye Tracker,1287.0,55.0,Valid,Valid,Fixation
2022-12-16 14:00:11.811511,,Eye Tracker,1287.0,55.0,Valid,Valid,Fixation
2022-12-16 14:00:11.828166,,Eye Tracker,1296.0,43.0,Valid,Valid,Fixation
2022-12-16 14:00:11.844820,,Eye Tracker,1290.0,41.0,Valid,Valid,Fixation
2022-12-16 14:00:11.861475,,Eye Tracker,1284.0,49.0,Valid,Valid,Fixation
2022-12-16 14:00:11.878131,,Eye Tracker,1278.0,56.0,Valid,Valid,Fixation
2022-12-16 14:00:11.894785,,Eye Tracker,1280.0,56.0,Valid,Valid,Fixation
2022-12-16 14:00:11.911440,,Eye Tracker,1283.0,55.0,Valid,Valid,Fixation
2022-12-16 14:00:11.928095,,Eye Tracker,1289.0,47.0,Valid,Valid,Fixation
2022-12-16 14:00:11.944749,,Eye Tracker,1301.0,49.0,Valid,Valid,Fixation
2022-12-16 14:00:11.961404,,Eye Tracker,1302.0,48.0,Valid,Valid,Fixation
2022-12-16 14:00:11.978060,,Eye Tracker,1302.0,42.0,Valid,Valid,Fixation
2022-12-16 14:00:11.994714,,Eye Tracker,1303.0,40.0,Valid,Valid,Fixation
2022-12-16 14:00:12.011369,,Eye Tracker,1301.0,36.0,Valid,Valid,Fixation
2022-12-16 14:00:12.028024,,Eye Tracker,1303.0,34.0,Valid,Valid,Fixation
2022-12-16 14:00:12.044678,,Eye Tracker,1298.0,39.0,Valid,Valid,Fixation
2022-12-16 14:00:12.061333,,Eye Tracker,1299.0,36.0,Valid,Valid,Fixation
2022-12-16 14:00:12.077988,,Eye Tracker,1306.0,34.0,Valid,Valid,Fixation
2022-12-16 14:00:12.094643,,Eye Tracker,1310.0,34.0,Valid,Valid,Fixation
2022-12-16 14:00:12.111297,,Eye Tracker,1310.0,36.0,Valid,Valid,Fixation
2022-12-16 14:00:12.127952,,Eye Tracker,1312.0,33.0,Valid,Valid,Fixation
2022-12-16 14:00:12.144607,,Eye Tracker,1310.0,34.0,Valid,Valid,Fixation
2022-12-16 14:00:12.161261,,Eye Tracker,1309.0,37.0,Valid,Valid,Fixation
2022-12-16 14:00:12.177916,,Eye Tracker,1312.0,35.0,Valid,Valid,Fixation
2022-12-16 14:00:12.194571,,Eye Tracker,1311.0,38.0,Valid,Valid,Fixation
2022-12-16 14:00:12.211225,,Eye Tracker,1308.0,38.0,Valid,Valid,Fixation
2022-12-16 14:00:12.227881,,Eye Tracker,1322.0,46.0,Valid,Valid,Fixation
2022-12-16 14:00:12.244536,,Eye Tracker,1329.0,42.0,Valid,Valid,Fixation
2022-12-16 14:00:12.261190,,Eye Tracker,1324.0,46.0,Valid,Valid,Fixation
2022-12-16 14:00:12.277845,,Eye Tracker,1323.0,46.0,Valid,Valid,Fixation
2022-12-16 14:00:12.294500,,Eye Tracker,1325.0,43.0,Valid,Valid,Fixation
2022-12-16 14:00:12.311154,,Eye Tracker,1326.0,42.0,Valid,Valid,Fixation
2022-12-16 14:00:12.327809,,Eye Tracker,1328.0,46.0,Valid,Valid,Fixation
2022-12-16 14:00:12.344464,,Eye Tracker,1326.0,43.0,Valid,Valid,Fixation
2022-12-16 14:00:12.361119,,Eye Tracker,1325.0,44.0,Valid,Valid,Fixation
2022-12-16 14:00:12.377773,,Eye Tracker,1333.0,51.0,Valid,Valid,Fixation
2022-12-16 14:00:12.394428,,Eye Tracker,1331.0,54.0,Valid,Valid,Fixation
2022-12-16 14:00:12.411083,,Eye Tracker,1330.0,67.0,Valid,Valid,Fixation
2022-12-16 14:00:12.427737,,Eye Tracker,1331.0,67.0,Valid,Valid,Fixation
2022-12-16 14:00:12.444392,,Eye Tracker,1335.0,68.0,Valid,Valid,Fixation
2022-12-16 14:00:12.461048,,Eye Tracker,1335.0,73.0,Valid,Valid,Fixation
2022-12-16 14:00:12.477702,,Eye Tracker,1332.0,80.0,Valid,Valid,Fixation
2022-12-16 14:00:12.494357,,Eye Tracker,1332.0,79.0,Valid,Valid,Fixation
2022-12-16 14:00:12.511012,,Eye Tracker,1336.0,87.0,Valid,Valid,Fixation
2022-12-16 14:00:12.527666,,Eye Tracker,1336.0,91.0,Valid,Valid,Fixation
2022-12-16 14:00:12.544321,,Eye Tracker,1335.0,93.0,Valid,Valid,Fixation
2022-12-16 14:00:12.560976,,Eye Tracker,1333.0,93.0,Valid,Valid,Fixation
2022-12-16 14:00:12.577630,,Eye Tracker,1334.0,90.0,Valid,Valid,Fixation
2022-12-16 14:00:12.594285,,Eye Tracker,1336.0,89.0,Valid,Valid,Fixation
2022-12-16 14:00:12.610940,,Eye Tracker,1341.0,94.0,Valid,Valid,Fixation
2022-12-16 14:00:12.627595,,Eye Tracker,1342.0,98.0,Valid,Valid,Fixation
2022-12-16 14:00:12.644249,,Eye Tracker,1333.0,103.0,Valid,Valid,Fixation
2022-12-16 14:00:12.660904,,Eye Tracker,1313.0,177.0,Valid,Valid,Saccade
2022-12-16 14:00:12.677559,,Eye Tracker,1356.0,733.0,Valid,Valid,Saccade
2022-12-16 14:00:12.694213,,Eye Tracker,1279.0,443.0,Valid,Invalid,Saccade
2022-12-16 14:00:12.710868,,Eye Tracker,1304.0,116.0,Valid,Invalid,Saccade
2022-12-16 14:00:12.727524,,Eye Tracker,1354.0,159.0,Valid,Valid,Saccade
2022-12-16 14:00:12.744178,,Eye Tracker,1336.0,181.0,Valid,Valid,Fixation
2022-12-16 14:00:12.760833,,Eye Tracker,1348.0,172.0,Valid,Valid,Fixation
2022-12-16 14:00:12.777488,,Eye Tracker,1349.0,165.0,Valid,Valid,Fixation
2022-12-16 14:00:12.794142,,Eye Tracker,1348.0,171.0,Valid,Valid,Fixation
2022-12-16 14:00:12.810797,,Eye Tracker,1347.0,171.0,Valid,Valid,Fixation
2022-12-16 14:00:12.827452,,Eye Tracker,1348.0,171.0,Valid,Valid,Fixation
2022-12-16 14:00:12.844106,,Eye Tracker,1349.0,178.0,Valid,Valid,Fixation
2022-12-16 14:00:12.860761,,Eye Tracker,1344.0,176.0,Valid,Valid,Fixation
2022-12-16 14:00:12.877417,,Eye Tracker,1347.0,188.0,Valid,Valid,Fixation
2022-12-16 14:00:12.894072,,Eye Tracker,1350.0,192.0,Valid,Valid,Fixation
2022-12-16 14:00:12.910726,,Eye Tracker,1338.0,197.0,Valid,Valid,Fixation
2022-12-16 14:00:12.927381,,Eye Tracker,1329.0,215.0,Valid,Valid,Fixation
2022-12-16 14:00:12.944036,,Eye Tracker,1325.0,243.0,Valid,Valid,Saccade
2022-12-16 14:00:12.960690,,Eye Tracker,1285.0,265.0,Valid,Valid,Saccade
2022-12-16 14:00:13.043965,,Eye Tracker,1349.0,189.0,Valid,Invalid,Saccade
2022-12-16 14:00:13.060619,,Eye Tracker,1338.0,254.0,Valid,Valid,Saccade
2022-12-16 14:00:13.077274,,Eye Tracker,1327.0,238.0,Valid,Valid,Fixation
2022-12-16 14:00:13.093929,,Eye Tracker,1329.0,238.0,Valid,Valid,Fixation
2022-12-16 14:00:13.110583,,Eye Tracker,1338.0,232.0,Valid,Valid,Fixation
2022-12-16 14:00:13.127238,,Eye Tracker,1338.0,228.0,Valid,Valid,Fixation
2022-12-16 14:00:13.143893,,Eye Tracker,1341.0,237.0,Valid,Valid,Fixation
2022-12-16 14:00:13.160548,,Eye Tracker,1340.0,241.0,Valid,Valid,Fixation
2022-12-16 14:00:13.177202,,Eye Tracker,1337.0,235.0,Valid,Valid,Fixation
2022-12-16 14:00:13.193857,,Eye Tracker,1337.0,232.0,Valid,Valid,Fixation
2022-12-16 14:00:13.210512,,Eye Tracker,1338.0,242.0,Valid,Valid,Fixation
2022-12-16 14:00:13.227166,,Eye Tracker,1337.0,243.0,Valid,Valid,Fixation
2022-12-16 14:00:13.243821,,Eye Tracker,1335.0,245.0,Valid,Valid,Fixation
2022-12-16 14:00:13.260477,,Eye Tracker,1337.0,247.0,Valid,Valid,Fixation
2022-12-16 14:00:13.277131,,Eye Tracker,1334.0,251.0,Valid,Valid,Fixation
2022-12-16 14:00:13.293786,,Eye Tracker,1335.0,254.0,Valid,Valid,Fixation
2022-12-16 14:00:13.310441,,Eye Tracker,1336.0,256.0,Valid,Valid,Fixation
2022-12-16 14:00:13.327095,,Eye Tracker,1332.0,259.0,Valid,Valid,Fixation
2022-12-16 14:00:13.343750,,Eye Tracker,1333.0,254.0,Valid,Valid,Fixation
2022-12-16 14:00:13.360405,,Eye Tracker,1326.0,251.0,Valid,Valid,Fixation
2022-12-16 14:00:13.377059,,Eye Tracker,1320.0,259.0,Valid,Valid,Fixation
2022-12-16 14:00:13.393714,,Eye Tracker,1318.0,262.0,Valid,Valid,Fixation
2022-12-16 14:00:13.410369,,Eye Tracker,1321.0,261.0,Valid,Valid,Fixation
2022-12-16 14:00:13.427024,,Eye Tracker,1321.0,260.0,Valid,Valid,Fixation
2022-12-16 14:00:13.443678,,Eye Tracker,1314.0,265.0,Valid,Valid,Fixation
2022-12-16 14:00:13.460333,,Eye Tracker,1314.0,270.0,Valid,Valid,Fixation
2022-12-16 14:00:13.476988,,Eye Tracker,1312.0,263.0,Valid,Valid,Fixation
2022-12-16 14:00:13.493642,,Eye Tracker,1313.0,261.0,Valid,Valid,Fixation
2022-12-16 14:00:13.510297,,Eye Tracker,1297.0,264.0,Valid,Valid,Fixation
2022-12-16 14:00:13.526953,,Eye Tracker,1299.0,270.0,Valid,Valid,Fixation
2022-12-16 14:00:13.543607,,Eye Tracker,1301.0,276.0,Valid,Valid,Fixation
2022-12-16 14:00:13.560262,,Eye Tracker,1300.0,283.0,Valid,Valid,Fixation
2022-12-16 14:00:13.576917,,Eye Tracker,1306.0,290.0,Valid,Valid,Fixation
2022-12-16 14:00:13.593571,,Eye Tracker,1306.0,298.0,Valid,Valid,Fixation
2022-12-16 14:00:13.610226,,Eye Tracker,1314.0,367.0,Valid,Valid,Saccade
2022-12-16 14:00:13.626881,,Eye Tracker,1314.0,407.0,Valid,Valid,Saccade
2022-12-16 14:00:13.643535,,Eye Tracker,1317.0,413.0,Valid,Valid,Fixation
2022-12-16 14:00:13.660190,,Eye Tracker,1312.0,415.0,Valid,Valid,Fixation
2022-12-16 14:00:13.676845,,Eye Tracker,1310.0,419.0,Valid,Valid,Fixation
2022-12-16 14:00:13.693500,,Eye Tracker,1311.0,420.0,Valid,Valid,Fixation
2022-12-16 14:00:13.710154,,Eye Tracker,1308.0,419.0,Valid,Valid,Fixation
2022-12-16 14:00:13.726809,,Eye Tracker,1309.0,421.0,Valid,Valid,Fixation
2022-12-16 14:00:13.743464,,Eye Tracker,1311.0,425.0,Valid,Valid,Fixation
2022-12-16 14:00:13.760118,,Eye Tracker,1311.0,428.0,Valid,Valid,Fixation
2022-12-16 14:00:13.776774,,Eye Tracker,1315.0,424.0,Valid,Valid,Fixation
2022-12-16 14:00:13.793429,,Eye Tracker,1317.0,426.0,Valid,Valid,Fixation
2022-12-16 14:00:13.810083,,Eye Tracker,1318.0,429.0,Valid,Valid,Fixation
2022-12-16 14:00:13.826738,,Eye Tracker,1317.0,431.0,Valid,Valid,Fixation
2022-12-16 14:00:13.843393,,Eye Tracker,1319.0,441.0,Valid,Valid,Fixation
2022-12-16 14:00:13.860047,,Eye Tracker,1318.0,444.0,Valid,Valid,Fixation
2022-12-16 14:00:13.876703,,Eye Tracker,1316.0,448.0,Valid,Valid,Fixation
2022-12-16 14:00:13.893358,,Eye Tracker,1320.0,464.0,Valid,Valid,Fixation
2022-12-16 14:00:13.910012,,Eye Tracker,1366.0,525.0,Valid,Valid,Saccade
2022-12-16 14:00:13.926667,,Eye Tracker,1390.0,564.0,Valid,Valid,Saccade
2022-12-16 14:00:13.943322,,Eye Tracker,1387.0,564.0,Valid,Valid,Fixation
2022-12-16 14:00:13.959977,,Eye Tracker,1385.0,568.0,Valid,Valid,Fixation
2022-12-16 14:00:13.976631,,Eye Tracker,1382.0,568.0,Valid,Valid,Fixation
2022-12-16 14:00:13.993286,,Eye Tracker,1383.0,567.0,Valid,Valid,Fixation
2022-12-16 14:00:14.009941,,Eye Tracker,1383.0,563.0,Valid,Valid,Fixation
2022-12-16 14:00:14.026595,,Eye Tracker,1386.0,561.0,Valid,Valid,Fixation
2022-12-16 14:00:14.043251,,Eye Tracker,1384.0,567.0,Valid,Valid,Fixation
2022-12-16 14:00:14.059906,,Eye Tracker,1383.0,569.0,Valid,Valid,Fixation
2022-12-16 14:00:14.076560,,Eye Tracker,1387.0,567.0,Valid,Valid,Fixation
2022-12-16 14:00:14.093215,,Eye Tracker,1386.0,567.0,Valid,Valid,Fixation
2022-12-16 14:00:14.109870,,Eye Tracker,1387.0,572.0,Valid,Valid,Fixation
2022-12-16 14:00:14.126524,,Eye Tracker,1388.0,570.0,Valid,Valid,Fixation
2022-12-16 14:00:14.143179,,Eye Tracker,1387.0,567.0,Valid,Valid,Fixation
2022-12-16 14:00:14.159834,,Eye Tracker,1384.0,569.0,Valid,Valid,Fixation
2022-12-16 14:00:14.176488,,Eye Tracker,1386.0,566.0,Valid,Valid,Fixation
2022-12-16 14:00:14.193143,,Eye Tracker,1386.0,566.0,Valid,Valid,Fixation
2022-12-16 14:00:14.209798,,Eye Tracker,1382.0,566.0,Valid,Valid,Fixation
2022-12-16 14:00:14.226453,,Eye Tracker,1381.0,567.0,Valid,Valid,Fixation
2022-12-16 14:00:14.243107,,Eye Tracker,1360.0,565.0,Valid,Valid,Saccade
2022-12-16 14:00:14.259762,,Eye Tracker,1349.0,555.0,Valid,Valid,Fixation
2022-12-16 14:00:14.276417,,Eye Tracker,1354.0,544.0,Valid,Valid,Fixation
2022-12-16 14:00:14.293072,,Eye Tracker,1355.0,542.0,Valid,Valid,Fixation
2022-12-16 14:00:14.309727,,Eye Tracker,1351.0,546.0,Valid,Valid,Fixation
2022-12-16 14:00:14.326382,,Eye Tracker,1353.0,547.0,Valid,Valid,Fixation
2022-12-16 14:00:14.343036,,Eye Tracker,1361.0,540.0,Valid,Valid,Fixation
2022-12-16 14:00:14.359691,,Eye Tracker,1362.0,540.0,Valid,Valid,Fixation
2022-12-16 14:00:14.376346,,Eye Tracker,1362.0,542.0,Valid,Valid,Fixation
2022-12-16 14:00:14.393000,,Eye Tracker,1366.0,539.0,Valid,Valid,Fixation
2022-12-16 14:00:14.409655,,Eye Tracker,1362.0,540.0,Valid,Valid,Fixation
2022-12-16 14:00:14.426310,,Eye Tracker,1362.0,541.0,Valid,Valid,Fixation
2022-12-16 14:00:14.442964,,Eye Tracker,1362.0,539.0,Valid,Valid,Fixation
2022-12-16 14:00:14.459619,,Eye Tracker,1360.0,537.0,Valid,Valid,Fixation
2022-12-16 14:00:14.476274,,Eye Tracker,1358.0,535.0,Valid,Valid,Fixation
2022-12-16 14:00:14.492929,,Eye Tracker,1356.0,536.0,Valid,Valid,Fixation
2022-12-16 14:00:14.509583,,Eye Tracker,1357.0,535.0,Valid,Valid,Fixation
2022-12-16 14:00:14.526238,,Eye Tracker,1356.0,535.0,Valid,Valid,Fixation
2022-12-16 14:00:14.542894,,Eye Tracker,1355.0,537.0,Valid,Valid,Fixation
2022-12-16 14:00:14.559548,,Eye Tracker,1357.0,537.0,Valid,Valid,Fixation
2022-12-16 14:00:14.576203,,Eye Tracker,1357.0,538.0,Valid,Valid,Fixation
2022-12-16 14:00:14.592858,,Eye Tracker,1355.0,540.0,Valid,Valid,Fixation
2022-12-16 14:00:14.609512,,Eye Tracker,1354.0,542.0,Valid,Valid,Fixation
2022-12-16 14:00:14.626167,,Eye Tracker,1356.0,541.0,Valid,Valid,Fixation
2022-12-16 14:00:14.642822,,Eye Tracker,1357.0,538.0,Valid,Valid,Fixation
2022-12-16 14:00:14.659476,,Eye Tracker,1356.0,540.0,Valid,Valid,Fixation
2022-12-16 14:00:14.676131,,Eye Tracker,1355.0,543.0,Valid,Valid,Fixation
2022-12-16 14:00:14.692786,,Eye Tracker,1356.0,542.0,Valid,Valid,Fixation
2022-12-16 14:00:14.709440,,Eye Tracker,1363.0,542.0,Valid,Valid,Fixation
2022-12-16 14:00:14.726095,,Eye Tracker,1362.0,546.0,Valid,Valid,Fixation
2022-12-16 14:00:14.742750,,Eye Tracker,1361.0,548.0,Valid,Valid,Fixation
2022-12-16 14:00:14.759405,,Eye Tracker,1363.0,552.0,Valid,Valid,Fixation
2022-12-16 14:00:14.776059,,Eye Tracker,1358.0,546.0,Valid,Valid,Fixation
2022-12-16 14:00:14.792714,,Eye Tracker,1358.0,545.0,Valid,Valid,Fixation
2022-12-16 14:00:14.809370,,Eye Tracker,1363.0,551.0,Valid,Valid,Fixation
2022-12-16 14:00:14.826024,,Eye Tracker,1362.0,547.0,Valid,Valid,Fixation
2022-12-16 14:00:14.842679,,Eye Tracker,1400.0,559.0,Valid,Valid,Saccade
2022-12-16 14:00:14.859334,,Eye Tracker,1422.0,564.0,Valid,Valid,Fixation
2022-12-16 14:00:14.875989,,Eye Tracker,1416.0,560.0,Valid,Valid,Fixation
2022-12-16 14:00:14.892644,,Eye Tracker,1415.0,561.0,Valid,Valid,Fixation
2022-12-16 14:00:14.909299,,Eye Tracker,1415.0,562.0,Valid,Valid,Fixation
2022-12-16 14:00:14.925953,,Eye Tracker,1418.0,558.0,Valid,Valid,Fixation
2022-12-16 14:00:14.942608,,Eye Tracker,1420.0,555.0,Valid,Valid,Fixation
2022-12-16 14:00:14.959263,,Eye Tracker,1423.0,550.0,Valid,Valid,Fixation
2022-12-16 14:00:14.975917,,Eye Tracker,1429.0,554.0,Valid,Valid,Fixation
2022-12-16 14:00:14.992572,,Eye Tracker,1444.0,564.0,Valid,Valid,Fixation
2022-12-16 14:00:15.009227,,Eye Tracker,1453.0,603.0,Valid,Invalid,Saccade
2022-12-16 14:00:15.142465,,Eye Tracker,1441.0,673.0,Valid,Invalid,Unclassified
2022-12-16 14:00:15.159120,,Eye Tracker,1441.0,673.0,Valid,Invalid,Unclassified
2022-12-16 14:00:15.175775,,Eye Tracker,1453.0,544.0,Valid,Valid,Saccade
2022-12-16 14:00:15.192429,,Eye Tracker,1446.0,573.0,Valid,Valid,Fixation
2022-12-16 14:00:15.209084,,Eye Tracker,1426.0,583.0,Valid,Valid,Fixation
2022-12-16 14:00:15.225739,,Eye Tracker,1425.0,578.0,Valid,Valid,Fixation
2022-12-16 14:00:15.242393,,Eye Tracker,1436.0,574.0,Valid,Valid,Fixation
2022-12-16 14:00:15.259048,,Eye Tracker,1430.0,574.0,Valid,Valid,Fixation
2022-12-16 14:00:15.275703,,Eye Tracker,1427.0,567.0,Valid,Valid,Fixation
2022-12-16 14:00:15.292358,,Eye Tracker,1426.0,567.0,Valid,Valid,Fixation
2022-12-16 14:00:15.309012,,Eye Tracker,1427.0,568.0,Valid,Valid,Fixation
2022-12-16 14:00:15.325668,,Eye Tracker,1430.0,568.0,Valid,Valid,Fixation
2022-12-16 14:00:15.342323,,Eye Tracker,1427.0,567.0,Valid,Valid,Fixation
2022-12-16 14:00:15.358977,,Eye Tracker,1427.0,567.0,Valid,Valid,Fixation
2022-12-16 14:00:15.375632,,Eye Tracker,1433.0,574.0,Valid,Valid,Fixation
2022-12-16 14:00:15.392287,,Eye Tracker,1436.0,575.0,Valid,Valid,Fixation
2022-12-16 14:00:15.408941,,Eye Tracker,1439.0,579.0,Valid,Valid,Fixation
2022-12-16 14:00:15.425596,,Eye Tracker,1441.0,577.0,Valid,Valid,Fixation
2022-12-16 14:00:15.442251,,Eye Tracker,1443.0,575.0,Valid,Valid,Fixation
2022-12-16 14:00:15.458905,,Eye Tracker,1460.0,563.0,Valid,Valid,Fixation
2022-12-16 14:00:15.475560,,Eye Tracker,1483.0,569.0,Valid,Valid,Fixation
2022-12-16 14:00:15.492215,,Eye Tracker,1486.0,580.0,Valid,Valid,Fixation
2022-12-16 14:00:15.508869,,Eye Tracker,1493.0,587.0,Valid,Valid,Fixation
2022-12-16 14:00:15.525524,,Eye Tracker,1493.0,592.0,Valid,Valid,Fixation
2022-12-16 14:00:15.542179,,Eye Tracker,1492.0,592.0,Valid,Valid,Fixation
2022-12-16 14:00:15.558834,,Eye Tracker,1495.0,592.0,Valid,Valid,Fixation
2022-12-16 14:00:15.575489,,Eye Tracker,1496.0,591.0,Valid,Valid,Fixation
2022-12-16 14:00:15.592144,,Eye Tracker,1494.0,587.0,Valid,Valid,Fixation
2022-12-16 14:00:15.608799,,Eye Tracker,1495.0,585.0,Valid,Valid,Fixation
2022-12-16 14:00:15.625453,,Eye Tracker,1496.0,589.0,Valid,Valid,Fixation
2022-12-16 14:00:15.642108,,Eye Tracker,1503.0,595.0,Valid,Valid,Fixation
2022-12-16 14:00:15.658763,,Eye Tracker,1511.0,596.0,Valid,Valid,Fixation
2022-12-16 14:00:15.675417,,Eye Tracker,1512.0,594.0,Valid,Valid,Fixation
2022-12-16 14:00:15.692072,,Eye Tracker,1514.0,592.0,Valid,Valid,Fixation
2022-12-16 14:00:15.708727,,Eye Tracker,1551.0,605.0,Valid,Valid,Saccade
2022-12-16 14:00:15.725381,,Eye Tracker,1609.0,610.0,Valid,Valid,Saccade
2022-12-16 14:00:15.742036,,Eye Tracker,1674.0,633.0,Valid,Valid,Saccade
2022-12-16 14:00:15.758691,,Eye Tracker,1684.0,638.0,Valid,Valid,Fixation
2022-12-16 14:00:15.775345,,Eye Tracker,1682.0,633.0,Valid,Valid,Fixation
2022-12-16 14:00:15.792000,,Eye Tracker,1676.0,635.0,Valid,Valid,Fixation
2022-12-16 14:00:15.808655,,Eye Tracker,1665.0,637.0,Valid,Valid,Fixation
2022-12-16 14:00:15.825310,,Eye Tracker,1658.0,640.0,Valid,Valid,Fixation
2022-12-16 14:00:15.841965,,Eye Tracker,1658.0,648.0,Valid,Valid,Fixation
2022-12-16 14:00:15.858620,,Eye Tracker,1654.0,650.0,Valid,Valid,Fixation
2022-12-16 14:00:15.875275,,Eye Tracker,1655.0,650.0,Valid,Valid,Fixation
2022-12-16 14:00:15.891929,,Eye Tracker,1655.0,648.0,Valid,Valid,Fixation
2022-12-16 14:00:15.908584,,Eye Tracker,1653.0,651.0,Valid,Valid,Fixation
2022-12-16 14:00:15.925239,,Eye Tracker,1625.0,641.0,Valid,Valid,Saccade
2022-12-16 14:00:15.941893,,Eye Tracker,1587.0,628.0,Valid,Valid,Saccade
2022-12-16 14:00:15.958548,,Eye Tracker,1576.0,631.0,Valid,Valid,Fixation
2022-12-16 14:00:15.975203,,Eye Tracker,1587.0,639.0,Valid,Valid,Fixation
2022-12-16 14:00:15.991857,,Eye Tracker,1589.0,643.0,Valid,Valid,Fixation
2022-12-16 14:00:16.008512,,Eye Tracker,1583.0,636.0,Valid,Valid,Fixation
2022-12-16 14:00:16.025167,,Eye Tracker,1583.0,631.0,Valid,Valid,Fixation
2022-12-16 14:00:16.041821,,Eye Tracker,1586.0,628.0,Valid,Valid,Fixation
2022-12-16 14:00:16.058476,,Eye Tracker,1589.0,627.0,Valid,Valid,Fixation
2022-12-16 14:00:16.075131,,Eye Tracker,1594.0,633.0,Valid,Valid,Fixation
2022-12-16 14:00:16.091787,,Eye Tracker,1591.0,635.0,Valid,Valid,Fixation
2022-12-16 14:00:16.108441,,Eye Tracker,1589.0,632.0,Valid,Valid,Fixation
2022-12-16 14:00:16.125096,,Eye Tracker,1596.0,629.0,Valid,Valid,Fixation
2022-12-16 14:00:16.141751,,Eye Tracker,1589.0,629.0,Valid,Valid,Fixation
2022-12-16 14:00:16.158405,,Eye Tracker,1589.0,633.0,Valid,Valid,Fixation
2022-12-16 14:00:16.175060,,Eye Tracker,1584.0,636.0,Valid,Valid,Fixation
2022-12-16 14:00:16.191715,,Eye Tracker,1583.0,638.0,Valid,Valid,Fixation
2022-12-16 14:00:16.208369,,Eye Tracker,1584.0,643.0,Valid,Valid,Fixation
2022-12-16 14:00:16.225024,,Eye Tracker,1583.0,647.0,Valid,Valid,Fixation
2022-12-16 14:00:16.241679,,Eye Tracker,1592.0,642.0,Valid,Valid,Fixation
2022-12-16 14:00:16.258333,,Eye Tracker,1625.0,650.0,Valid,Valid,Saccade
2022-12-16 14:00:16.274988,,Eye Tracker,1667.0,664.0,Valid,Valid,Saccade
2022-12-16 14:00:16.291643,,Eye Tracker,1671.0,661.0,Valid,Valid,Fixation
2022-12-16 14:00:16.308297,,Eye Tracker,1668.0,660.0,Valid,Valid,Fixation
2022-12-16 14:00:16.324952,,Eye Tracker,1662.0,662.0,Valid,Valid,Fixation
2022-12-16 14:00:16.341608,,Eye Tracker,1666.0,663.0,Valid,Valid,Fixation
2022-12-16 14:00:16.358263,,Eye Tracker,1670.0,662.0,Valid,Valid,Fixation
2022-12-16 14:00:16.374917,,Eye Tracker,1674.0,668.0,Valid,Valid,Fixation
2022-12-16 14:00:16.391572,,Eye Tracker,1670.0,671.0,Valid,Valid,Fixation
2022-12-16 14:00:16.408227,,Eye Tracker,1668.0,672.0,Valid,Valid,Fixation
2022-12-16 14:00:16.424881,,Eye Tracker,1687.0,627.0,Valid,Invalid,Fixation
2022-12-16 14:00:16.441536,,Eye Tracker,1659.0,664.0,Valid,Valid,Fixation
2022-12-16 14:00:16.458191,,Eye Tracker,1659.0,668.0,Valid,Valid,Fixation
2022-12-16 14:00:16.474845,,Eye Tracker,1660.0,675.0,Valid,Valid,Fixation
2022-12-16 14:00:16.491500,,Eye Tracker,1660.0,675.0,Valid,Valid,Fixation
2022-12-16 14:00:16.508155,,Eye Tracker,1658.0,675.0,Valid,Valid,Fixation
2022-12-16 14:00:16.524809,,Eye Tracker,1693.0,635.0,Valid,Invalid,Fixation
2022-12-16 14:00:16.541464,,Eye Tracker,1667.0,666.0,Valid,Valid,Fixation
2022-12-16 14:00:16.558119,,Eye Tracker,1664.0,670.0,Valid,Valid,Fixation
2022-12-16 14:00:16.574773,,Eye Tracker,1662.0,668.0,Valid,Valid,Fixation
2022-12-16 14:00:16.591428,,Eye Tracker,1664.0,667.0,Valid,Valid,Fixation
2022-12-16 14:00:16.608084,,Eye Tracker,1664.0,670.0,Valid,Valid,Fixation
2022-12-16 14:00:16.624739,,Eye Tracker,1665.0,667.0,Valid,Valid,Fixation
2022-12-16 14:00:16.641393,,Eye Tracker,1666.0,667.0,Valid,Valid,Fixation
2022-12-16 14:00:16.658048,,Eye Tracker,1667.0,669.0,Valid,Valid,Fixation
2022-12-16 14:00:16.674703,,Eye Tracker,1668.0,669.0,Valid,Valid,Fixation
2022-12-16 14:00:16.691357,,Eye Tracker,1669.0,666.0,Valid,Valid,Fixation
2022-12-16 14:00:16.708012,,Eye Tracker,1665.0,669.0,Valid,Valid,Fixation
2022-12-16 14:00:16.724667,,Eye Tracker,1680.0,675.0,Valid,Valid,Fixation
2022-12-16 14:00:16.741321,,Eye Tracker,1720.0,673.0,Valid,Valid,Saccade
2022-12-16 14:00:16.757976,,Eye Tracker,1729.0,674.0,Valid,Valid,Fixation
2022-12-16 14:00:16.774631,,Eye Tracker,1727.0,679.0,Valid,Valid,Fixation
2022-12-16 14:00:16.791285,,Eye Tracker,1727.0,677.0,Valid,Valid,Fixation
2022-12-16 14:00:16.807940,,Eye Tracker,1729.0,676.0,Valid,Valid,Fixation
2022-12-16 14:00:16.824595,,Eye Tracker,1731.0,673.0,Valid,Valid,Fixation
2022-12-16 14:00:16.841249,,Eye Tracker,1732.0,671.0,Valid,Valid,Fixation
2022-12-16 14:00:16.857905,,Eye Tracker,1734.0,674.0,Valid,Valid,Fixation
2022-12-16 14:00:16.874560,,Eye Tracker,1736.0,672.0,Valid,Valid,Fixation
2022-12-16 14:00:16.891215,,Eye Tracker,1738.0,673.0,Valid,Valid,Fixation
2022-12-16 14:00:16.907869,,Eye Tracker,1733.0,679.0,Valid,Valid,Fixation
2022-12-16 14:00:16.924524,,Eye Tracker,1731.0,678.0,Valid,Valid,Fixation
2022-12-16 14:00:16.941179,,Eye Tracker,1737.0,674.0,Valid,Valid,Fixation
2022-12-16 14:00:16.957833,,Eye Tracker,1736.0,679.0,Valid,Valid,Fixation
2022-12-16 14:00:16.974488,,Eye Tracker,1737.0,685.0,Valid,Valid,Fixation
2022-12-16 14:00:16.991143,,Eye Tracker,1740.0,687.0,Valid,Valid,Fixation
2022-12-16 14:00:17.007797,,Eye Tracker,1743.0,671.0,Valid,Valid,Fixation
2022-12-16 14:00:17.024452,,Eye Tracker,1745.0,669.0,Valid,Valid,Fixation
2022-12-16 14:00:17.041107,,Eye Tracker,1743.0,674.0,Valid,Valid,Fixation
2022-12-16 14:00:17.057761,,Eye Tracker,1740.0,673.0,Valid,Valid,Fixation
2022-12-16 14:00:17.074416,,Eye Tracker,1742.0,671.0,Valid,Valid,Fixation
2022-12-16 14:00:17.091071,,Eye Tracker,1745.0,670.0,Valid,Valid,Fixation
2022-12-16 14:00:17.107725,,Eye Tracker,1747.0,673.0,Valid,Valid,Fixation
2022-12-16 14:00:17.124381,,Eye Tracker,1746.0,671.0,Valid,Valid,Fixation
2022-12-16 14:00:17.141036,,Eye Tracker,1742.0,672.0,Valid,Valid,Fixation
2022-12-16 14:00:17.157691,,Eye Tracker,1746.0,669.0,Valid,Valid,Fixation
2022-12-16 14:00:17.174345,,Eye Tracker,1757.0,664.0,Valid,Valid,Fixation
2022-12-16 14:00:17.191000,,Eye Tracker,1757.0,670.0,Valid,Valid,Fixation
2022-12-16 14:00:17.207655,,Eye Tracker,1759.0,674.0,Valid,Valid,Fixation
2022-12-16 14:00:17.224309,,Eye Tracker,1762.0,670.0,Valid,Valid,Fixation
2022-12-16 14:00:17.240964,,Eye Tracker,1758.0,667.0,Valid,Valid,Fixation
2022-12-16 14:00:17.257619,,Eye Tracker,1758.0,668.0,Valid,Valid,Fixation
2022-12-16 14:00:17.274273,,Eye Tracker,1781.0,703.0,Valid,Valid,Saccade
2022-12-16 14:00:17.290928,,Eye Tracker,1794.0,727.0,Valid,Valid,Saccade
2022-12-16 14:00:17.307583,,Eye Tracker,1788.0,738.0,Valid,Valid,Fixation
2022-12-16 14:00:17.324237,,Eye Tracker,1787.0,740.0,Valid,Valid,Fixation
2022-12-16 14:00:17.340892,,Eye Tracker,1783.0,736.0,Valid,Valid,Fixation
2022-12-16 14:00:17.357547,,Eye Tracker,1787.0,736.0,Valid,Valid,Fixation
2022-12-16 14:00:17.374202,,Eye Tracker,1788.0,735.0,Valid,Valid,Fixation
2022-12-16 14:00:17.390857,,Eye Tracker,1789.0,737.0,Valid,Valid,Fixation
2022-12-16 14:00:17.407512,,Eye Tracker,1795.0,735.0,Valid,Valid,Fixation
2022-12-16 14:00:17.424167,,Eye Tracker,1796.0,735.0,Valid,Valid,Fixation
2022-12-16 14:00:17.440821,,Eye Tracker,1792.0,736.0,Valid,Valid,Fixation
2022-12-16 14:00:17.457476,,Eye Tracker,1791.0,737.0,Valid,Valid,Fixation
2022-12-16 14:00:17.474131,,Eye Tracker,1791.0,741.0,Valid,Valid,Fixation
2022-12-16 14:00:17.490785,,Eye Tracker,1796.0,742.0,Valid,Valid,Fixation
2022-12-16 14:00:17.507440,,Eye Tracker,1800.0,744.0,Valid,Valid,Fixation
2022-12-16 14:00:17.524095,,Eye Tracker,1811.0,755.0,Valid,Valid,Fixation
2022-12-16 14:00:17.540749,,Eye Tracker,1820.0,773.0,Valid,Valid,Fixation
2022-12-16 14:00:17.557404,,Eye Tracker,1818.0,777.0,Valid,Valid,Fixation
2022-12-16 14:00:17.574059,,Eye Tracker,1822.0,777.0,Valid,Valid,Fixation
2022-12-16 14:00:17.590713,,Eye Tracker,1821.0,776.0,Valid,Valid,Fixation
2022-12-16 14:00:17.607368,,Eye Tracker,1821.0,774.0,Valid,Valid,Fixation
2022-12-16 14:00:17.624023,,Eye Tracker,1822.0,774.0,Valid,Valid,Fixation
2022-12-16 14:00:17.640678,,Eye Tracker,1818.0,775.0,Valid,Valid,Fixation
2022-12-16 14:00:17.657333,,Eye Tracker,1821.0,784.0,Valid,Valid,Fixation
2022-12-16 14:00:17.673988,,Eye Tracker,1861.0,818.0,Valid,Valid,Saccade
2022-12-16 14:00:17.690643,,Eye Tracker,1897.0,846.0,Valid,Valid,Saccade
2022-12-16 14:00:17.807225,,Eye Tracker,1844.0,903.0,Valid,Valid,Saccade
2022-12-16 14:00:17.823880,,Eye Tracker,1817.0,896.0,Valid,Valid,Saccade
2022-12-16 14:00:17.840535,,Eye Tracker,1800.0,851.0,Valid,Valid,Saccade
2022-12-16 14:00:17.857189,,Eye Tracker,1802.0,855.0,Valid,Valid,Fixation
2022-12-16 14:00:17.873844,,Eye Tracker,1782.0,869.0,Valid,Valid,Fixation
2022-12-16 14:00:17.890500,,Eye Tracker,1790.0,854.0,Valid,Valid,Fixation
2022-12-16 14:00:17.907154,,Eye Tracker,1795.0,851.0,Valid,Valid,Fixation
2022-12-16 14:00:17.923809,,Eye Tracker,1788.0,856.0,Valid,Valid,Fixation
2022-12-16 14:00:17.940464,,Eye Tracker,1785.0,853.0,Valid,Valid,Fixation
2022-12-16 14:00:17.957119,,Eye Tracker,1783.0,850.0,Valid,Valid,Fixation
2022-12-16 14:00:17.973773,,Eye Tracker,1782.0,853.0,Valid,Valid,Fixation
2022-12-16 14:00:17.990428,,Eye Tracker,1774.0,856.0,Valid,Valid,Fixation
2022-12-16 14:00:18.007083,,Eye Tracker,1777.0,862.0,Valid,Valid,Fixation
2022-12-16 14:00:18.023737,,Eye Tracker,1779.0,865.0,Valid,Valid,Fixation
2022-12-16 14:00:18.040392,,Eye Tracker,1777.0,863.0,Valid,Valid,Fixation
2022-12-16 14:00:18.057047,,Eye Tracker,1774.0,865.0,Valid,Valid,Fixation
2022-12-16 14:00:18.073701,,Eye Tracker,1780.0,870.0,Valid,Valid,Fixation
2022-12-16 14:00:18.090356,,Eye Tracker,1782.0,874.0,Valid,Valid,Fixation
2022-12-16 14:00:18.107011,,Eye Tracker,1775.0,869.0,Valid,Valid,Fixation
2022-12-16 14:00:18.123665,,Eye Tracker,1775.0,870.0,Valid,Valid,Fixation
2022-12-16 14:00:18.140320,,Eye Tracker,1767.0,883.0,Valid,Valid,Fixation
2022-12-16 14:00:18.156976,,Eye Tracker,1753.0,895.0,Valid,Valid,Fixation
2022-12-16 14:00:18.173630,,Eye Tracker,1745.0,891.0,Valid,Valid,Fixation
2022-12-16 14:00:18.190285,,Eye Tracker,1744.0,896.0,Valid,Valid,Fixation
2022-12-16 14:00:18.206940,,Eye Tracker,1752.0,900.0,Valid,Valid,Fixation
2022-12-16 14:00:18.223595,,Eye Tracker,1751.0,901.0,Valid,Valid,Fixation
2022-12-16 14:00:18.240249,,Eye Tracker,1751.0,906.0,Valid,Valid,Fixation
2022-12-16 14:00:18.256904,,Eye Tracker,1755.0,906.0,Valid,Valid,Fixation
2022-12-16 14:00:18.273559,,Eye Tracker,1749.0,906.0,Valid,Valid,Fixation
2022-12-16 14:00:18.290213,,Eye Tracker,1753.0,910.0,Valid,Valid,Fixation
2022-12-16 14:00:18.306868,,Eye Tracker,1755.0,909.0,Valid,Valid,Fixation
2022-12-16 14:00:18.323523,,Eye Tracker,1753.0,910.0,Valid,Valid,Fixation
2022-12-16 14:00:18.340177,,Eye Tracker,1758.0,912.0,Valid,Valid,Fixation
2022-12-16 14:00:18.356832,,Eye Tracker,1763.0,913.0,Valid,Valid,Fixation
2022-12-16 14:00:18.373487,,Eye Tracker,1761.0,913.0,Valid,Valid,Fixation
2022-12-16 14:00:18.390141,,Eye Tracker,1761.0,916.0,Valid,Valid,Fixation
2022-12-16 14:00:18.406797,,Eye Tracker,1764.0,935.0,Valid,Valid,Fixation
2022-12-16 14:00:18.423452,,Eye Tracker,1762.0,957.0,Valid,Valid,Saccade
2022-12-16 14:00:18.440106,,Eye Tracker,1765.0,962.0,Valid,Valid,Fixation
2022-12-16 14:00:18.456761,,Eye Tracker,1768.0,962.0,Valid,Valid,Fixation
2022-12-16 14:00:18.473416,,Eye Tracker,1772.0,964.0,Valid,Valid,Fixation
2022-12-16 14:00:18.490071,,Eye Tracker,1771.0,964.0,Valid,Valid,Fixation
2022-12-16 14:00:18.506725,,Eye Tracker,1769.0,964.0,Valid,Valid,Fixation
2022-12-16 14:00:18.523380,,Eye Tracker,1773.0,965.0,Valid,Valid,Fixation
2022-12-16 14:00:18.540035,,Eye Tracker,1783.0,966.0,Valid,Valid,Fixation
2022-12-16 14:00:18.556689,,Eye Tracker,1788.0,968.0,Valid,Valid,Fixation
2022-12-16 14:00:18.573344,,Eye Tracker,1783.0,961.0,Valid,Valid,Fixation
2022-12-16 14:00:18.589999,,Eye Tracker,1781.0,961.0,Valid,Valid,Fixation
2022-12-16 14:00:18.606653,,Eye Tracker,1787.0,962.0,Valid,Valid,Fixation
2022-12-16 14:00:18.623308,,Eye Tracker,1792.0,962.0,Valid,Valid,Fixation
2022-12-16 14:00:18.639963,,Eye Tracker,1789.0,967.0,Valid,Valid,Fixation
2022-12-16 14:00:18.656618,,Eye Tracker,1771.0,977.0,Valid,Valid,Fixation
2022-12-16 14:00:18.673273,,Eye Tracker,1758.0,985.0,Valid,Valid,Fixation
2022-12-16 14:00:18.689928,,Eye Tracker,1760.0,983.0,Valid,Valid,Fixation
2022-12-16 14:00:18.706582,,Eye Tracker,1760.0,981.0,Valid,Valid,Fixation
2022-12-16 14:00:18.723237,,Eye Tracker,1761.0,980.0,Valid,Valid,Fixation
2022-12-16 14:00:18.739892,,Eye Tracker,1763.0,981.0,Valid,Valid,Fixation
2022-12-16 14:00:18.756547,,Eye Tracker,1764.0,983.0,Valid,Valid,Fixation
2022-12-16 14:00:18.773201,,Eye Tracker,1769.0,981.0,Valid,Valid,Fixation
2022-12-16 14:00:18.789856,,Eye Tracker,1772.0,982.0,Valid,Valid,Fixation
2022-12-16 14:00:18.806511,,Eye Tracker,1775.0,977.0,Valid,Valid,Fixation
2022-12-16 14:00:18.823165,,Eye Tracker,1775.0,977.0,Valid,Valid,Fixation
2022-12-16 14:00:18.839820,,Eye Tracker,1771.0,975.0,Valid,Valid,Fixation
2022-12-16 14:00:18.856475,,Eye Tracker,1773.0,973.0,Valid,Valid,Fixation
2022-12-16 14:00:18.873129,,Eye Tracker,1776.0,976.0,Valid,Valid,Fixation
2022-12-16 14:00:18.889784,,Eye Tracker,1776.0,974.0,Valid,Valid,Fixation
2022-12-16 14:00:18.906439,,Eye Tracker,1772.0,974.0,Valid,Valid,Fixation
2022-12-16 14:00:18.923094,,Eye Tracker,1773.0,972.0,Valid,Valid,Fixation
2022-12-16 14:00:18.939749,,Eye Tracker,1774.0,976.0,Valid,Valid,Fixation
2022-12-16 14:00:18.956404,,Eye Tracker,1773.0,973.0,Valid,Valid,Fixation
2022-12-16 14:00:18.973058,,Eye Tracker,1742.0,953.0,Valid,Valid,Saccade
2022-12-16 14:00:18.989713,,Eye Tracker,1729.0,945.0,Valid,Valid,Fixation
2022-12-16 14:00:19.006368,,Eye Tracker,1732.0,946.0,Valid,Valid,Fixation
2022-12-16 14:00:19.023023,,Eye Tracker,1733.0,944.0,Valid,Valid,Fixation
2022-12-16 14:00:19.039677,,Eye Tracker,1733.0,943.0,Valid,Valid,Fixation
2022-12-16 14:00:19.056332,,Eye Tracker,1731.0,944.0,Valid,Valid,Fixation
2022-12-16 14:00:19.072987,,Eye Tracker,1730.0,946.0,Valid,Valid,Fixation
2022-12-16 14:00:19.089641,,Eye Tracker,1732.0,943.0,Valid,Valid,Fixation
2022-12-16 14:00:19.106296,,Eye Tracker,1730.0,946.0,Valid,Valid,Fixation
2022-12-16 14:00:19.122951,,Eye Tracker,1732.0,949.0,Valid,Valid,Fixation
2022-12-16 14:00:19.139605,,Eye Tracker,1735.0,942.0,Valid,Valid,Fixation
2022-12-16 14:00:19.156260,,Eye Tracker,1735.0,938.0,Valid,Valid,Fixation
2022-12-16 14:00:19.172916,,Eye Tracker,1728.0,936.0,Valid,Valid,Fixation
2022-12-16 14:00:19.189570,,Eye Tracker,1727.0,938.0,Valid,Valid,Fixation
2022-12-16 14:00:19.206225,,Eye Tracker,1726.0,937.0,Valid,Valid,Fixation
2022-12-16 14:00:19.222880,,Eye Tracker,1723.0,938.0,Valid,Valid,Fixation
2022-12-16 14:00:19.239534,,Eye Tracker,1670.0,941.0,Valid,Valid,Saccade
2022-12-16 14:00:19.256189,,Eye Tracker,1626.0,937.0,Valid,Valid,Saccade
2022-12-16 14:00:19.272844,,Eye Tracker,1604.0,947.0,Valid,Valid,Fixation
2022-12-16 14:00:19.289499,,Eye Tracker,1596.0,952.0,Valid,Valid,Fixation
2022-12-16 14:00:19.306153,,Eye Tracker,1594.0,953.0,Valid,Valid,Fixation
2022-12-16 14:00:19.322808,,Eye Tracker,1590.0,953.0,Valid,Valid,Fixation
2022-12-16 14:00:19.339463,,Eye Tracker,1577.0,950.0,Valid,Valid,Fixation
2022-12-16 14:00:19.356117,,Eye Tracker,1572.0,949.0,Valid,Valid,Fixation
2022-12-16 14:00:19.372772,,Eye Tracker,1578.0,950.0,Valid,Valid,Fixation
2022-12-16 14:00:19.389427,,Eye Tracker,1574.0,950.0,Valid,Valid,Fixation
2022-12-16 14:00:19.406081,,Eye Tracker,1572.0,952.0,Valid,Valid,Fixation
2022-12-16 14:00:19.422736,,Eye Tracker,1571.0,950.0,Valid,Valid,Fixation
2022-12-16 14:00:19.439392,,Eye Tracker,1566.0,948.0,Valid,Valid,Fixation
2022-12-16 14:00:19.456046,,Eye Tracker,1563.0,949.0,Valid,Valid,Fixation
2022-12-16 14:00:19.472701,,Eye Tracker,1587.0,949.0,Valid,Valid,Fixation
2022-12-16 14:00:19.489356,,Eye Tracker,1599.0,943.0,Valid,Valid,Fixation
2022-12-16 14:00:19.506010,,Eye Tracker,1593.0,937.0,Valid,Valid,Fixation
2022-12-16 14:00:19.522665,,Eye Tracker,1591.0,937.0,Valid,Valid,Fixation
2022-12-16 14:00:19.539320,,Eye Tracker,1587.0,933.0,Valid,Valid,Fixation
2022-12-16 14:00:19.555975,,Eye Tracker,1584.0,933.0,Valid,Valid,Fixation
2022-12-16 14:00:19.572629,,Eye Tracker,1574.0,945.0,Valid,Valid,Fixation
2022-12-16 14:00:19.589284,,Eye Tracker,1569.0,944.0,Valid,Valid,Fixation
2022-12-16 14:00:19.605939,,Eye Tracker,1573.0,939.0,Valid,Valid,Fixation
2022-12-16 14:00:19.622593,,Eye Tracker,1568.0,941.0,Valid,Valid,Fixation
2022-12-16 14:00:19.639248,,Eye Tracker,1565.0,947.0,Valid,Valid,Fixation
2022-12-16 14:00:19.655903,,Eye Tracker,1566.0,948.0,Valid,Valid,Fixation
2022-12-16 14:00:19.672557,,Eye Tracker,1562.0,943.0,Valid,Valid,Fixation
2022-12-16 14:00:19.689213,,Eye Tracker,1554.0,944.0,Valid,Valid,Fixation
2022-12-16 14:00:19.705868,,Eye Tracker,1546.0,946.0,Valid,Valid,Fixation
2022-12-16 14:00:19.722522,,Eye Tracker,1542.0,946.0,Valid,Valid,Fixation
2022-12-16 14:00:19.739177,,Eye Tracker,1543.0,940.0,Valid,Valid,Fixation
2022-12-16 14:00:19.755832,,Eye Tracker,1541.0,938.0,Valid,Valid,Fixation
2022-12-16 14:00:19.772486,,Eye Tracker,1537.0,943.0,Valid,Valid,Fixation
2022-12-16 14:00:19.789141,,Eye Tracker,1536.0,945.0,Valid,Valid,Fixation
2022-12-16 14:00:19.805796,,Eye Tracker,1519.0,948.0,Valid,Valid,Fixation
2022-12-16 14:00:19.822451,,Eye Tracker,1513.0,948.0,Valid,Valid,Fixation
2022-12-16 14:00:19.839105,,Eye Tracker,1520.0,946.0,Valid,Valid,Fixation
2022-12-16 14:00:19.855760,,Eye Tracker,1519.0,946.0,Valid,Valid,Fixation
2022-12-16 14:00:19.872415,,Eye Tracker,1475.0,952.0,Valid,Valid,Saccade
2022-12-16 14:00:19.889069,,Eye Tracker,1428.0,950.0,Valid,Valid,Saccade
2022-12-16 14:00:19.905724,,Eye Tracker,1411.0,955.0,Valid,Valid,Fixation
2022-12-16 14:00:19.922378,,Eye Tracker,1403.0,962.0,Valid,Valid,Fixation
2022-12-16 14:00:19.939032,,Eye Tracker,1399.0,959.0,Valid,Valid,Fixation
2022-12-16 14:00:19.955688,,Eye Tracker,1400.0,957.0,Valid,Valid,Fixation
2022-12-16 14:00:19.972343,,Eye Tracker,1403.0,957.0,Valid,Valid,Fixation
2022-12-16 14:00:19.988997,,Eye Tracker,1396.0,959.0,Valid,Valid,Fixation
2022-12-16 14:00:20.005652,,Eye Tracker,1387.0,964.0,Valid,Valid,Fixation
2022-12-16 14:00:20.022307,,Eye Tracker,1386.0,964.0,Valid,Valid,Fixation
2022-12-16 14:00:20.038961,,Eye Tracker,1378.0,964.0,Valid,Valid,Fixation
2022-12-16 14:00:20.055616,,Eye Tracker,1376.0,965.0,Valid,Valid,Fixation
2022-12-16 14:00:20.072271,,Eye Tracker,1376.0,964.0,Valid,Valid,Fixation
2022-12-16 14:00:20.088926,,Eye Tracker,1368.0,965.0,Valid,Valid,Fixation
2022-12-16 14:00:20.105580,,Eye Tracker,1318.0,952.0,Valid,Valid,Saccade
2022-12-16 14:00:20.122235,,Eye Tracker,1284.0,939.0,Valid,Valid,Saccade
2022-12-16 14:00:20.138890,,Eye Tracker,1293.0,938.0,Valid,Valid,Fixation
2022-12-16 14:00:20.155544,,Eye Tracker,1291.0,936.0,Valid,Valid,Fixation
2022-12-16 14:00:20.172199,,Eye Tracker,1295.0,933.0,Valid,Valid,Fixation
2022-12-16 14:00:20.188854,,Eye Tracker,1303.0,932.0,Valid,Valid,Fixation
2022-12-16 14:00:20.205509,,Eye Tracker,1296.0,934.0,Valid,Valid,Fixation
2022-12-16 14:00:20.222164,,Eye Tracker,1294.0,935.0,Valid,Valid,Fixation
2022-12-16 14:00:20.238819,,Eye Tracker,1293.0,936.0,Valid,Valid,Fixation
2022-12-16 14:00:20.255473,,Eye Tracker,1288.0,935.0,Valid,Valid,Fixation
2022-12-16 14:00:20.272128,,Eye Tracker,1284.0,933.0,Valid,Valid,Fixation
2022-12-16 14:00:20.288783,,Eye Tracker,1225.0,892.0,Valid,Valid,Saccade
2022-12-16 14:00:20.305437,,Eye Tracker,1123.0,782.0,Valid,Valid,Saccade
2022-12-16 14:00:20.322092,,Eye Tracker,1014.0,690.0,Valid,Valid,Saccade
2022-12-16 14:00:20.338747,,Eye Tracker,942.0,668.0,Valid,Valid,Saccade
