2022-11-25 14:37:08.413881,18.0,75.0
2022-11-25 14:37:08.423880,17.0,76.0
2022-11-25 14:37:08.433880,16.0,76.0
2022-11-25 14:37:08.443909,15.0,77.0
2022-11-25 14:37:08.558917,15.0,77.0
2022-11-25 14:37:12.661094,15.0,78.0
2022-11-25 14:37:12.669156,15.0,79.0
2022-11-25 14:37:12.681081,15.0,80.0
2022-11-25 14:37:12.690157,15.0,81.0
2022-11-25 14:37:12.700206,15.0,82.0
2022-11-25 14:37:12.741570,15.0,83.0
2022-11-25 14:37:13.031393,15.0,83.0
2022-11-25 14:37:13.865442,15.0,84.0
2022-11-25 14:37:14.035606,15.0,83.0
2022-11-25 14:37:14.045745,15.0,81.0
2022-11-25 14:37:14.055743,15.0,80.0
2022-11-25 14:37:14.065435,16.0,79.0
2022-11-25 14:37:15.803121,17.0,79.0
2022-11-25 14:37:16.144661,18.0,78.0
2022-11-25 14:37:16.154947,18.0,75.0
2022-11-25 14:37:16.164282,19.0,74.0
2022-11-25 14:37:16.174353,20.0,73.0
2022-11-25 14:37:16.184021,21.0,70.0
2022-11-25 14:37:16.204275,22.0,69.0
2022-11-25 14:37:17.047154,23.0,68.0
2022-11-25 14:37:17.057421,25.0,67.0
2022-11-25 14:37:17.067624,28.0,65.0
2022-11-25 14:37:17.077665,32.0,65.0
2022-11-25 14:37:17.087941,36.0,64.0
2022-11-25 14:37:17.097963,40.0,64.0
2022-11-25 14:37:17.107963,43.0,64.0
2022-11-25 14:37:17.117515,44.0,64.0
2022-11-25 14:37:17.911386,45.0,64.0
2022-11-25 14:37:17.921610,46.0,64.0
2022-11-25 14:37:17.931888,47.0,64.0
2022-11-25 14:37:17.941945,48.0,64.0
2022-11-25 14:37:17.951546,51.0,64.0
2022-11-25 14:37:17.961558,52.0,64.0
2022-11-25 14:37:17.971570,57.0,64.0
2022-11-25 14:37:17.981574,60.0,64.0
2022-11-25 14:37:17.991584,62.0,63.0
2022-11-25 14:37:18.384244,64.0,63.0
2022-11-25 14:37:18.443188,65.0,63.0
2022-11-25 14:37:18.774713,66.0,63.0
2022-11-25 14:37:18.794271,67.0,63.0
2022-11-25 14:37:18.824270,68.0,63.0
2022-11-25 14:37:18.844931,69.0,63.0
2022-11-25 14:37:18.905470,70.0,63.0
2022-11-25 14:37:18.995410,71.0,63.0
2022-11-25 14:37:19.005442,72.0,63.0
2022-11-25 14:37:19.025600,73.0,63.0
2022-11-25 14:37:19.045596,74.0,63.0
2022-11-25 14:37:19.055511,75.0,63.0
2022-11-25 14:37:19.085343,76.0,63.0
2022-11-25 14:37:19.107169,77.0,63.0
2022-11-25 14:37:19.136082,78.0,63.0
2022-11-25 14:37:19.286171,79.0,63.0
2022-11-25 14:37:19.305995,80.0,63.0
2022-11-25 14:37:19.316266,81.0,63.0
2022-11-25 14:37:19.417529,82.0,63.0
2022-11-25 14:37:19.448138,83.0,63.0
2022-11-25 14:37:19.457176,84.0,63.0
2022-11-25 14:37:19.477895,85.0,63.0
2022-11-25 14:37:19.498020,86.0,63.0
2022-11-25 14:37:19.517176,87.0,63.0
2022-11-25 14:37:19.537225,88.0,63.0
2022-11-25 14:37:19.547230,89.0,63.0
2022-11-25 14:37:19.578700,90.0,63.0
2022-11-25 14:37:19.618613,91.0,63.0
2022-11-25 14:37:19.637613,92.0,63.0
2022-11-25 14:37:19.677614,93.0,63.0
2022-11-25 14:37:19.687614,96.0,63.0
2022-11-25 14:37:19.697613,97.0,63.0
2022-11-25 14:37:19.708627,98.0,63.0
2022-11-25 14:37:19.728614,100.0,63.0
2022-11-25 14:37:19.738613,103.0,63.0
2022-11-25 14:37:19.749613,104.0,63.0
2022-11-25 14:37:19.768613,107.0,63.0
2022-11-25 14:37:19.778613,109.0,64.0
2022-11-25 14:37:19.789613,110.0,64.0
2022-11-25 14:37:19.808613,111.0,65.0
2022-11-25 14:37:19.828614,112.0,65.0
2022-11-25 14:37:19.858614,113.0,65.0
2022-11-25 14:37:19.868615,114.0,65.0
2022-11-25 14:37:19.879645,115.0,65.0
2022-11-25 14:37:19.949226,116.0,65.0
2022-11-25 14:37:20.119785,117.0,65.0
2022-11-25 14:37:20.149142,118.0,65.0
2022-11-25 14:37:20.159141,119.0,65.0
2022-11-25 14:37:20.169447,120.0,65.0
2022-11-25 14:37:20.189993,121.0,65.0
2022-11-25 14:37:20.200023,122.0,65.0
2022-11-25 14:37:20.209380,123.0,65.0
2022-11-25 14:37:20.320728,124.0,65.0
2022-11-25 14:37:20.340919,125.0,65.0
2022-11-25 14:37:20.350891,126.0,65.0
2022-11-25 14:37:20.361018,128.0,65.0
2022-11-25 14:37:20.370130,129.0,65.0
2022-11-25 14:37:20.380862,130.0,65.0
2022-11-25 14:37:20.391867,131.0,64.0
2022-11-25 14:37:20.401416,132.0,64.0
2022-11-25 14:37:20.441453,133.0,64.0
2022-11-25 14:37:20.462027,134.0,64.0
2022-11-25 14:37:20.472331,135.0,64.0
2022-11-25 14:37:20.491485,137.0,64.0
2022-11-25 14:37:20.501312,140.0,64.0
2022-11-25 14:37:20.511316,142.0,64.0
2022-11-25 14:37:20.521357,144.0,64.0
2022-11-25 14:37:20.531737,146.0,64.0
2022-11-25 14:37:20.541784,150.0,64.0
2022-11-25 14:37:20.551822,153.0,63.0
2022-11-25 14:37:20.561903,155.0,63.0
2022-11-25 14:37:20.571977,157.0,63.0
2022-11-25 14:37:20.591218,158.0,63.0
2022-11-25 14:37:20.621896,159.0,63.0
2022-11-25 14:37:20.631129,160.0,63.0
2022-11-25 14:37:20.721523,161.0,63.0
2022-11-25 14:37:20.732542,162.0,63.0
2022-11-25 14:37:20.742647,163.0,63.0
2022-11-25 14:37:20.752932,164.0,63.0
2022-11-25 14:37:20.762283,165.0,63.0
2022-11-25 14:37:20.773482,166.0,63.0
2022-11-25 14:37:20.782483,167.0,63.0
2022-11-25 14:37:20.792753,168.0,63.0
2022-11-25 14:37:20.831749,169.0,63.0
2022-11-25 14:37:20.872198,170.0,63.0
2022-11-25 14:37:20.882190,171.0,63.0
2022-11-25 14:37:20.973121,172.0,63.0
2022-11-25 14:37:21.003149,173.0,63.0
2022-11-25 14:37:21.063083,174.0,63.0
2022-11-25 14:37:21.083690,175.0,63.0
2022-11-25 14:37:21.094050,176.0,63.0
2022-11-25 14:37:21.103048,178.0,63.0
2022-11-25 14:37:21.115026,179.0,63.0
2022-11-25 14:37:21.355114,180.0,63.0
2022-11-25 14:37:22.077311,181.0,63.0
2022-11-25 14:37:22.951957,182.0,63.0
2022-11-25 14:37:23.091564,183.0,63.0
2022-11-25 14:37:23.133215,184.0,63.0
2022-11-25 14:37:23.162839,185.0,63.0
2022-11-25 14:37:23.181802,186.0,63.0
2022-11-25 14:37:23.202931,187.0,63.0
2022-11-25 14:37:23.221990,188.0,63.0
2022-11-25 14:37:23.242332,189.0,63.0
2022-11-25 14:37:23.271626,191.0,63.0
2022-11-25 14:37:23.282658,192.0,63.0
2022-11-25 14:37:23.302700,192.0,64.0
2022-11-25 14:37:23.403076,193.0,64.0
2022-11-25 14:37:23.432905,194.0,64.0
2022-11-25 14:37:23.453335,195.0,64.0
2022-11-25 14:37:23.463205,195.0,65.0
2022-11-25 14:37:23.483618,196.0,65.0
2022-11-25 14:37:23.494436,197.0,66.0
2022-11-25 14:37:23.504511,198.0,66.0
2022-11-25 14:37:23.513510,200.0,67.0
2022-11-25 14:37:23.523373,203.0,68.0
2022-11-25 14:37:23.535721,204.0,69.0
2022-11-25 14:37:23.545222,207.0,70.0
2022-11-25 14:37:23.553246,210.0,71.0
2022-11-25 14:37:23.563463,212.0,73.0
2022-11-25 14:37:23.574924,218.0,74.0
2022-11-25 14:37:23.584707,220.0,76.0
2022-11-25 14:37:23.594440,223.0,77.0
2022-11-25 14:37:23.603474,225.0,77.0
2022-11-25 14:37:23.613505,228.0,78.0
2022-11-25 14:37:23.624934,231.0,79.0
2022-11-25 14:37:23.632931,233.0,79.0
2022-11-25 14:37:23.653805,234.0,80.0
2022-11-25 14:37:23.664422,235.0,81.0
2022-11-25 14:37:23.676449,236.0,81.0
2022-11-25 14:37:23.693956,237.0,81.0
2022-11-25 14:37:23.704993,238.0,81.0
2022-11-25 14:37:23.733388,239.0,82.0
2022-11-25 14:37:24.156764,240.0,83.0
2022-11-25 14:37:24.275618,243.0,83.0
2022-11-25 14:37:24.285626,244.0,82.0
2022-11-25 14:37:24.397841,245.0,82.0
2022-11-25 14:37:24.466410,246.0,82.0
2022-11-25 14:37:24.577186,247.0,82.0
2022-11-25 14:37:24.608497,248.0,82.0
2022-11-25 14:37:24.617497,249.0,81.0
2022-11-25 14:37:24.627497,250.0,81.0
2022-11-25 14:37:24.638497,251.0,80.0
2022-11-25 14:37:24.797610,252.0,80.0
2022-11-25 14:37:24.807646,252.0,79.0
2022-11-25 14:37:24.848980,253.0,79.0
2022-11-25 14:37:24.869980,254.0,79.0
2022-11-25 14:37:24.888980,256.0,79.0
2022-11-25 14:37:24.898981,258.0,79.0
2022-11-25 14:37:24.909981,259.0,78.0
2022-11-25 14:37:24.928980,261.0,78.0
2022-11-25 14:37:24.938981,262.0,78.0
2022-11-25 14:37:24.949981,263.0,78.0
2022-11-25 14:37:24.968995,264.0,78.0
2022-11-25 14:37:24.977980,265.0,78.0
2022-11-25 14:37:25.009982,266.0,78.0
2022-11-25 14:37:25.019982,268.0,78.0
2022-11-25 14:37:25.029988,269.0,78.0
2022-11-25 14:37:25.040983,270.0,78.0
2022-11-25 14:37:25.048981,273.0,78.0
2022-11-25 14:37:25.058984,274.0,78.0
2022-11-25 14:37:25.069982,277.0,77.0
2022-11-25 14:37:25.081036,278.0,77.0
2022-11-25 14:37:25.089349,279.0,77.0
2022-11-25 14:37:25.099426,280.0,77.0
2022-11-25 14:37:25.109476,281.0,77.0
2022-11-25 14:37:25.120516,284.0,77.0
2022-11-25 14:37:25.129394,285.0,77.0
2022-11-25 14:37:25.139305,288.0,76.0
2022-11-25 14:37:25.149306,290.0,76.0
2022-11-25 14:37:25.160559,293.0,76.0
2022-11-25 14:37:25.169514,294.0,76.0
2022-11-25 14:37:25.179518,295.0,75.0
2022-11-25 14:37:25.189476,296.0,75.0
2022-11-25 14:37:25.350478,297.0,75.0
2022-11-25 14:37:25.360507,298.0,75.0
2022-11-25 14:37:25.371507,299.0,75.0
2022-11-25 14:37:25.381510,302.0,73.0
2022-11-25 14:37:25.390508,307.0,72.0
2022-11-25 14:37:25.401789,312.0,69.0
2022-11-25 14:37:25.410823,315.0,68.0
2022-11-25 14:37:25.421916,320.0,66.0
2022-11-25 14:37:25.430223,324.0,64.0
2022-11-25 14:37:25.440250,325.0,63.0
2022-11-25 14:37:25.922604,327.0,62.0
2022-11-25 14:37:25.933595,330.0,61.0
2022-11-25 14:37:25.942626,331.0,61.0
2022-11-25 14:37:26.144725,333.0,61.0
2022-11-25 14:37:26.275248,335.0,62.0
2022-11-25 14:37:26.303772,336.0,63.0
2022-11-25 14:37:26.323029,336.0,64.0
2022-11-25 14:37:26.415367,336.0,65.0
2022-11-25 14:37:26.445432,337.0,66.0
2022-11-25 14:37:26.464535,338.0,67.0
2022-11-25 14:37:26.485630,339.0,68.0
2022-11-25 14:37:26.504740,341.0,70.0
2022-11-25 14:37:26.535094,342.0,71.0
2022-11-25 14:37:26.545225,343.0,72.0
2022-11-25 14:37:26.576625,344.0,73.0
2022-11-25 14:37:26.625548,345.0,74.0
2022-11-25 14:37:26.656317,346.0,75.0
2022-11-25 14:37:26.795343,347.0,76.0
2022-11-25 14:37:26.835372,348.0,77.0
2022-11-25 14:37:26.845398,350.0,77.0
2022-11-25 14:37:26.876927,351.0,77.0
2022-11-25 14:37:26.896921,352.0,77.0
2022-11-25 14:37:26.907318,353.0,77.0
2022-11-25 14:37:26.926302,354.0,77.0
2022-11-25 14:37:26.936767,355.0,77.0
2022-11-25 14:37:26.946801,356.0,78.0
2022-11-25 14:37:26.976440,357.0,78.0
2022-11-25 14:37:27.088076,358.0,78.0
2022-11-25 14:37:27.107406,359.0,78.0
2022-11-25 14:37:27.128465,360.0,78.0
2022-11-25 14:37:27.147541,361.0,78.0
2022-11-25 14:37:27.168725,362.0,78.0
2022-11-25 14:37:27.177987,363.0,79.0
2022-11-25 14:37:27.197340,364.0,79.0
2022-11-25 14:37:27.208412,365.0,80.0
2022-11-25 14:37:27.217252,366.0,80.0
2022-11-25 14:37:27.227515,367.0,80.0
2022-11-25 14:37:27.237561,368.0,80.0
2022-11-25 14:37:27.248249,371.0,80.0
2022-11-25 14:37:27.420043,372.0,80.0
2022-11-25 14:37:27.469761,373.0,80.0
2022-11-25 14:37:27.499002,374.0,80.0
2022-11-25 14:37:27.879580,375.0,80.0
2022-11-25 14:37:27.890362,376.0,80.0
2022-11-25 14:37:27.900589,376.0,81.0
2022-11-25 14:37:27.910565,377.0,81.0
2022-11-25 14:37:27.921266,378.0,81.0
2022-11-25 14:37:27.941852,379.0,81.0
2022-11-25 14:37:28.291178,380.0,81.0
2022-11-25 14:37:28.432280,381.0,81.0
2022-11-25 14:37:28.493427,382.0,81.0
2022-11-25 14:37:28.512760,383.0,81.0
2022-11-25 14:37:28.522094,384.0,81.0
2022-11-25 14:37:28.533095,386.0,81.0
2022-11-25 14:37:28.542310,387.0,81.0
2022-11-25 14:37:28.552522,388.0,81.0
2022-11-25 14:37:28.562528,392.0,81.0
2022-11-25 14:37:28.574034,395.0,81.0
2022-11-25 14:37:28.584037,398.0,81.0
2022-11-25 14:37:28.594051,404.0,82.0
2022-11-25 14:37:28.603724,408.0,82.0
2022-11-25 14:37:28.614081,412.0,83.0
2022-11-25 14:37:28.626757,414.0,83.0
2022-11-25 14:37:28.633772,416.0,83.0
2022-11-25 14:37:28.643106,418.0,83.0
2022-11-25 14:37:28.904374,419.0,83.0
2022-11-25 14:37:28.914659,420.0,83.0
2022-11-25 14:37:28.935796,421.0,83.0
2022-11-25 14:37:29.095325,422.0,83.0
2022-11-25 14:37:29.106137,423.0,83.0
2022-11-25 14:37:29.115156,426.0,84.0
2022-11-25 14:37:29.126409,429.0,84.0
2022-11-25 14:37:29.136481,435.0,84.0
2022-11-25 14:37:29.144958,440.0,84.0
2022-11-25 14:37:29.155920,446.0,84.0
2022-11-25 14:37:29.166930,455.0,84.0
2022-11-25 14:37:29.176289,465.0,84.0
2022-11-25 14:37:29.185634,475.0,84.0
2022-11-25 14:37:29.195344,481.0,84.0
2022-11-25 14:37:29.205525,486.0,84.0
2022-11-25 14:37:29.566317,487.0,84.0
2022-11-25 14:37:29.576318,488.0,85.0
2022-11-25 14:37:29.597317,490.0,85.0
2022-11-25 14:37:29.737805,491.0,86.0
2022-11-25 14:37:29.757904,492.0,87.0
2022-11-25 14:37:29.777548,493.0,88.0
2022-11-25 14:37:29.797346,494.0,89.0
2022-11-25 14:37:29.808344,495.0,91.0
2022-11-25 14:37:29.827578,495.0,92.0
2022-11-25 14:37:29.918172,496.0,93.0
2022-11-25 14:37:29.948171,496.0,94.0
2022-11-25 14:37:29.989171,496.0,95.0
2022-11-25 14:37:29.998171,496.0,96.0
2022-11-25 14:37:30.019173,496.0,97.0
2022-11-25 14:37:30.029203,496.0,98.0
2022-11-25 14:37:30.059175,496.0,99.0
2022-11-25 14:37:30.069208,497.0,100.0
2022-11-25 14:37:30.088729,497.0,101.0
2022-11-25 14:37:30.098377,497.0,102.0
2022-11-25 14:37:30.119552,497.0,103.0
2022-11-25 14:37:30.129155,497.0,104.0
2022-11-25 14:37:30.249571,497.0,106.0
2022-11-25 14:37:30.450463,497.0,107.0
2022-11-25 14:37:30.460464,498.0,107.0
2022-11-25 14:37:30.491979,499.0,108.0
2022-11-25 14:37:30.510429,500.0,110.0
2022-11-25 14:37:30.520419,501.0,111.0
2022-11-25 14:37:30.531731,502.0,112.0
2022-11-25 14:37:30.542979,503.0,113.0
2022-11-25 14:37:30.550008,504.0,114.0
2022-11-25 14:37:30.560274,505.0,115.0
2022-11-25 14:37:30.572612,506.0,116.0
2022-11-25 14:37:30.581604,507.0,117.0
2022-11-25 14:37:30.590809,508.0,118.0
2022-11-25 14:37:30.610637,509.0,119.0
2022-11-25 14:37:30.901472,510.0,120.0
2022-11-25 14:37:31.062944,511.0,121.0
2022-11-25 14:37:31.093596,512.0,122.0
2022-11-25 14:37:31.143327,513.0,123.0
2022-11-25 14:37:31.184901,514.0,124.0
2022-11-25 14:37:31.282816,515.0,125.0
2022-11-25 14:37:31.354983,516.0,126.0
2022-11-25 14:37:31.374063,517.0,126.0
2022-11-25 14:37:31.414148,517.0,127.0
2022-11-25 14:37:31.443161,518.0,128.0
2022-11-25 14:37:31.453165,519.0,129.0
2022-11-25 14:37:31.463376,520.0,130.0
2022-11-25 14:37:31.474404,521.0,131.0
2022-11-25 14:37:31.484417,522.0,132.0
2022-11-25 14:37:31.494780,523.0,133.0
2022-11-25 14:37:31.505033,524.0,134.0
2022-11-25 14:37:31.515605,525.0,135.0
2022-11-25 14:37:31.525768,526.0,136.0
2022-11-25 14:37:31.534331,527.0,137.0
2022-11-25 14:37:31.544360,528.0,138.0
2022-11-25 14:37:31.556608,529.0,139.0
2022-11-25 14:37:31.565601,530.0,140.0
2022-11-25 14:37:31.574606,531.0,141.0
2022-11-25 14:37:31.605079,532.0,142.0
2022-11-25 14:37:31.896953,533.0,143.0
2022-11-25 14:37:32.006612,534.0,144.0
2022-11-25 14:37:32.057342,534.0,145.0
2022-11-25 14:37:32.068363,534.0,146.0
2022-11-25 14:37:32.117683,535.0,147.0
2022-11-25 14:37:32.136697,535.0,148.0
2022-11-25 14:37:32.146697,535.0,149.0
2022-11-25 14:37:32.167697,535.0,150.0
2022-11-25 14:37:32.199697,535.0,151.0
2022-11-25 14:37:32.238697,536.0,153.0
2022-11-25 14:37:32.248696,536.0,154.0
2022-11-25 14:37:32.278697,536.0,155.0
2022-11-25 14:37:32.297696,536.0,157.0
2022-11-25 14:37:32.418696,536.0,158.0
2022-11-25 14:37:32.478203,536.0,159.0
2022-11-25 14:37:32.498203,537.0,160.0
2022-11-25 14:37:32.528202,537.0,161.0
2022-11-25 14:37:32.558610,537.0,162.0
2022-11-25 14:37:32.579610,537.0,163.0
2022-11-25 14:37:32.589610,537.0,164.0
2022-11-25 14:37:32.598610,537.0,165.0
2022-11-25 14:37:32.608611,538.0,165.0
2022-11-25 14:37:32.620115,538.0,166.0
2022-11-25 14:37:32.629115,538.0,167.0
2022-11-25 14:37:32.638115,540.0,168.0
2022-11-25 14:37:32.658115,540.0,169.0
2022-11-25 14:37:32.670133,540.0,170.0
2022-11-25 14:37:32.679146,541.0,171.0
2022-11-25 14:37:32.720147,541.0,172.0
2022-11-25 14:37:32.791113,541.0,173.0
2022-11-25 14:37:32.849378,542.0,173.0
2022-11-25 14:37:32.880643,542.0,174.0
2022-11-25 14:37:32.939272,542.0,175.0
2022-11-25 14:37:32.981285,542.0,176.0
2022-11-25 14:37:32.999739,543.0,177.0
2022-11-25 14:37:33.010662,544.0,178.0
2022-11-25 14:37:33.030486,544.0,180.0
2022-11-25 14:37:33.040457,544.0,181.0
2022-11-25 14:37:33.052043,545.0,182.0
2022-11-25 14:37:33.061072,545.0,183.0
2022-11-25 14:37:33.080779,545.0,186.0
2022-11-25 14:37:33.091816,546.0,187.0
2022-11-25 14:37:33.101184,547.0,190.0
2022-11-25 14:37:33.120390,547.0,191.0
2022-11-25 14:37:33.131312,547.0,192.0
2022-11-25 14:37:33.160758,547.0,193.0
2022-11-25 14:37:33.181912,547.0,194.0
2022-11-25 14:37:33.332136,547.0,195.0
2022-11-25 14:37:33.342579,548.0,195.0
2022-11-25 14:37:33.352154,548.0,196.0
2022-11-25 14:37:33.381630,548.0,197.0
2022-11-25 14:37:33.392460,549.0,198.0
2022-11-25 14:37:33.403829,549.0,199.0
2022-11-25 14:37:33.421625,549.0,200.0
2022-11-25 14:37:33.432635,549.0,201.0
2022-11-25 14:37:33.451296,549.0,202.0
2022-11-25 14:37:33.472405,549.0,203.0
2022-11-25 14:37:33.501486,549.0,204.0
2022-11-25 14:37:33.512519,550.0,205.0
2022-11-25 14:37:33.573510,550.0,206.0
2022-11-25 14:37:33.604911,550.0,208.0
2022-11-25 14:37:33.622547,550.0,209.0
2022-11-25 14:37:33.643896,550.0,210.0
2022-11-25 14:37:33.662782,551.0,211.0
2022-11-25 14:37:33.672472,551.0,212.0
2022-11-25 14:37:33.694081,551.0,213.0
2022-11-25 14:37:33.703110,551.0,214.0
2022-11-25 14:37:33.723499,551.0,215.0
2022-11-25 14:37:33.793562,551.0,216.0
2022-11-25 14:37:33.815140,552.0,217.0
2022-11-25 14:37:33.824139,552.0,219.0
2022-11-25 14:37:33.833143,552.0,220.0
2022-11-25 14:37:33.843151,552.0,221.0
2022-11-25 14:37:33.854508,552.0,224.0
2022-11-25 14:37:33.865028,552.0,225.0
2022-11-25 14:37:33.873357,553.0,227.0
2022-11-25 14:37:33.883747,554.0,228.0
2022-11-25 14:37:33.893282,554.0,229.0
2022-11-25 14:37:33.904106,555.0,231.0
2022-11-25 14:37:33.914951,555.0,232.0
2022-11-25 14:37:33.923035,555.0,235.0
2022-11-25 14:37:33.933073,556.0,236.0
2022-11-25 14:37:33.945250,556.0,237.0
2022-11-25 14:37:33.954308,556.0,238.0
2022-11-25 14:37:33.973046,558.0,240.0
2022-11-25 14:37:33.994159,559.0,241.0
2022-11-25 14:37:34.003453,559.0,242.0
2022-11-25 14:37:34.024632,559.0,243.0
2022-11-25 14:37:34.044997,559.0,244.0
2022-11-25 14:37:34.075457,559.0,245.0
2022-11-25 14:37:34.104813,559.0,246.0
2022-11-25 14:37:34.134961,559.0,247.0
2022-11-25 14:37:34.155592,559.0,248.0
2022-11-25 14:37:34.184494,559.0,249.0
2022-11-25 14:37:34.204945,560.0,250.0
2022-11-25 14:37:34.227345,560.0,251.0
2022-11-25 14:37:34.246535,560.0,252.0
2022-11-25 14:37:34.256505,560.0,253.0
2022-11-25 14:37:34.265785,560.0,254.0
2022-11-25 14:37:34.275786,560.0,255.0
2022-11-25 14:37:34.287212,561.0,257.0
2022-11-25 14:37:34.296405,561.0,258.0
2022-11-25 14:37:34.305404,561.0,259.0
2022-11-25 14:37:34.315633,562.0,260.0
2022-11-25 14:37:34.326947,562.0,261.0
2022-11-25 14:37:34.336938,562.0,263.0
2022-11-25 14:37:34.345940,562.0,265.0
2022-11-25 14:37:34.355249,562.0,266.0
2022-11-25 14:37:34.366761,562.0,267.0
2022-11-25 14:37:34.385799,562.0,269.0
2022-11-25 14:37:34.395137,563.0,270.0
2022-11-25 14:37:34.435277,563.0,271.0
2022-11-25 14:37:34.616913,563.0,272.0
2022-11-25 14:37:34.646749,563.0,273.0
2022-11-25 14:37:34.838874,563.0,274.0
2022-11-25 14:37:34.898243,563.0,275.0
2022-11-25 14:37:34.918435,563.0,276.0
2022-11-25 14:37:34.938116,563.0,277.0
2022-11-25 14:37:34.947179,562.0,277.0
2022-11-25 14:37:35.018774,562.0,278.0
2022-11-25 14:37:35.118386,562.0,279.0
2022-11-25 14:37:35.149313,562.0,280.0
2022-11-25 14:37:35.158616,562.0,281.0
2022-11-25 14:37:35.191359,562.0,282.0
2022-11-25 14:37:35.198556,562.0,283.0
2022-11-25 14:37:35.260494,562.0,284.0
2022-11-25 14:37:35.280734,562.0,286.0
2022-11-25 14:37:35.289188,562.0,287.0
2022-11-25 14:37:35.299459,562.0,288.0
2022-11-25 14:37:35.320834,562.0,289.0
2022-11-25 14:37:35.329168,562.0,291.0
2022-11-25 14:37:35.350381,562.0,292.0
2022-11-25 14:37:35.360625,562.0,293.0
2022-11-25 14:37:35.369926,562.0,294.0
2022-11-25 14:37:35.379960,562.0,295.0
2022-11-25 14:37:35.400257,562.0,296.0
2022-11-25 14:37:35.410301,562.0,297.0
2022-11-25 14:37:35.430486,562.0,298.0
2022-11-25 14:37:35.450321,562.0,299.0
2022-11-25 14:37:35.480819,562.0,300.0
2022-11-25 14:37:35.499078,562.0,301.0
2022-11-25 14:37:35.531004,562.0,302.0
2022-11-25 14:37:35.550218,562.0,303.0
2022-11-25 14:37:35.581190,562.0,304.0
2022-11-25 14:37:35.590204,562.0,305.0
2022-11-25 14:37:35.612054,562.0,306.0
2022-11-25 14:37:35.630082,562.0,307.0
2022-11-25 14:37:35.662075,562.0,308.0
2022-11-25 14:37:35.670075,562.0,309.0
2022-11-25 14:37:35.680075,562.0,310.0
2022-11-25 14:37:35.692076,562.0,311.0
2022-11-25 14:37:35.710076,562.0,312.0
2022-11-25 14:37:35.752075,562.0,313.0
2022-11-25 14:37:35.761075,562.0,314.0
2022-11-25 14:37:35.772076,562.0,315.0
2022-11-25 14:37:35.782075,562.0,316.0
2022-11-25 14:37:35.792075,562.0,317.0
2022-11-25 14:37:35.811371,562.0,318.0
2022-11-25 14:37:35.891419,562.0,319.0
2022-11-25 14:37:35.902433,562.0,320.0
2022-11-25 14:37:35.912433,561.0,321.0
2022-11-25 14:37:35.931447,560.0,324.0
2022-11-25 14:37:35.942447,559.0,326.0
2022-11-25 14:37:36.253969,559.0,327.0
2022-11-25 14:37:36.313958,559.0,328.0
2022-11-25 14:37:36.344958,559.0,329.0
2022-11-25 14:37:36.393959,559.0,330.0
2022-11-25 14:37:36.403959,559.0,331.0
2022-11-25 14:37:36.414958,559.0,332.0
2022-11-25 14:37:36.433960,559.0,333.0
2022-11-25 14:37:36.554788,559.0,335.0
2022-11-25 14:37:36.594538,559.0,336.0
2022-11-25 14:37:36.605778,559.0,337.0
2022-11-25 14:37:36.625832,559.0,338.0
2022-11-25 14:37:36.665507,559.0,340.0
2022-11-25 14:37:36.705589,559.0,341.0
2022-11-25 14:37:36.715526,557.0,342.0
2022-11-25 14:37:36.725517,556.0,344.0
2022-11-25 14:37:36.734064,556.0,345.0
2022-11-25 14:37:36.744393,556.0,346.0
2022-11-25 14:37:36.876277,555.0,346.0
2022-11-25 14:37:36.936435,555.0,347.0
2022-11-25 14:37:36.945443,555.0,348.0
2022-11-25 14:37:36.995613,555.0,349.0
2022-11-25 14:37:37.096417,555.0,350.0
2022-11-25 14:37:37.126443,554.0,352.0
2022-11-25 14:37:37.206573,554.0,353.0
2022-11-25 14:37:37.227825,554.0,354.0
2022-11-25 14:37:37.246069,554.0,355.0
2022-11-25 14:37:37.257375,554.0,356.0
2022-11-25 14:37:37.287424,554.0,357.0
2022-11-25 14:37:37.308465,554.0,359.0
2022-11-25 14:37:37.318151,554.0,360.0
2022-11-25 14:37:37.348660,554.0,361.0
2022-11-25 14:37:37.507197,554.0,362.0
2022-11-25 14:37:37.519477,553.0,362.0
2022-11-25 14:37:37.528546,553.0,363.0
2022-11-25 14:37:37.547274,552.0,364.0
2022-11-25 14:37:37.820800,552.0,366.0
2022-11-25 14:37:37.860613,551.0,366.0
2022-11-25 14:37:37.870893,549.0,366.0
2022-11-25 14:37:37.880950,547.0,368.0
2022-11-25 14:37:37.889931,542.0,371.0
2022-11-25 14:37:37.900728,538.0,372.0
2022-11-25 14:37:37.910077,536.0,374.0
2022-11-25 14:37:37.921040,533.0,376.0
2022-11-25 14:37:38.311661,532.0,377.0
2022-11-25 14:37:38.322191,531.0,377.0
2022-11-25 14:37:38.332163,528.0,377.0
2022-11-25 14:37:38.342382,527.0,377.0
2022-11-25 14:37:38.352816,524.0,378.0
2022-11-25 14:37:38.372186,521.0,379.0
2022-11-25 14:37:38.382051,520.0,380.0
2022-11-25 14:37:38.472632,519.0,380.0
2022-11-25 14:37:38.492769,518.0,380.0
2022-11-25 14:37:38.512582,517.0,380.0
2022-11-25 14:37:38.522902,516.0,380.0
2022-11-25 14:37:38.541849,515.0,380.0
2022-11-25 14:37:38.874239,514.0,380.0
2022-11-25 14:37:38.884811,514.0,381.0
2022-11-25 14:37:38.894455,514.0,382.0
2022-11-25 14:37:38.904485,514.0,384.0
2022-11-25 14:37:38.913458,514.0,385.0
2022-11-25 14:37:38.924213,514.0,386.0
2022-11-25 14:37:38.934461,514.0,387.0
2022-11-25 14:37:38.944545,514.0,388.0
2022-11-25 14:37:38.953534,514.0,389.0
2022-11-25 14:37:38.964537,514.0,390.0
2022-11-25 14:37:38.993826,514.0,392.0
2022-11-25 14:37:39.024104,514.0,393.0
2022-11-25 14:37:39.034344,514.0,395.0
2022-11-25 14:37:39.054238,514.0,397.0
2022-11-25 14:37:39.064376,514.0,398.0
2022-11-25 14:37:39.075521,514.0,399.0
2022-11-25 14:37:39.083289,514.0,400.0
2022-11-25 14:37:39.114068,514.0,401.0
2022-11-25 14:37:39.486651,514.0,402.0
2022-11-25 14:37:39.527060,513.0,403.0
2022-11-25 14:37:39.566661,512.0,403.0
2022-11-25 14:37:39.697580,511.0,403.0
2022-11-25 14:37:39.707662,510.0,403.0
2022-11-25 14:37:39.717981,509.0,403.0
2022-11-25 14:37:39.726664,508.0,403.0
2022-11-25 14:37:39.737575,507.0,403.0
2022-11-25 14:37:39.747622,505.0,404.0
2022-11-25 14:37:39.757226,503.0,405.0
2022-11-25 14:37:39.766884,502.0,405.0
2022-11-25 14:37:39.777908,500.0,405.0
2022-11-25 14:37:39.998523,499.0,405.0
2022-11-25 14:37:40.008984,496.0,405.0
2022-11-25 14:37:40.017262,494.0,405.0
2022-11-25 14:37:40.027717,491.0,407.0
2022-11-25 14:37:40.038784,488.0,408.0
2022-11-25 14:37:40.048588,486.0,409.0
2022-11-25 14:37:40.058634,483.0,409.0
2022-11-25 14:37:40.078721,482.0,409.0
2022-11-25 14:37:40.138595,481.0,410.0
2022-11-25 14:37:40.147614,480.0,410.0
2022-11-25 14:37:40.157863,479.0,410.0
2022-11-25 14:37:40.168901,478.0,410.0
2022-11-25 14:37:40.178277,475.0,410.0
2022-11-25 14:37:40.188469,471.0,410.0
2022-11-25 14:37:40.198507,470.0,410.0
2022-11-25 14:37:40.209585,467.0,410.0
2022-11-25 14:37:40.219254,464.0,411.0
2022-11-25 14:37:40.328215,463.0,411.0
2022-11-25 14:37:40.349895,462.0,411.0
2022-11-25 14:37:40.359935,461.0,411.0
2022-11-25 14:37:40.380454,460.0,411.0
2022-11-25 14:37:40.390427,459.0,411.0
2022-11-25 14:37:40.410187,458.0,411.0
2022-11-25 14:37:40.499581,457.0,411.0
2022-11-25 14:37:40.510631,456.0,411.0
2022-11-25 14:37:40.539809,455.0,411.0
2022-11-25 14:37:40.550477,454.0,411.0
2022-11-25 14:37:40.560559,453.0,411.0
2022-11-25 14:37:40.570514,452.0,411.0
2022-11-25 14:37:40.579522,451.0,411.0
2022-11-25 14:37:40.640387,450.0,411.0
2022-11-25 14:37:40.650358,449.0,411.0
2022-11-25 14:37:40.669703,448.0,411.0
2022-11-25 14:37:40.680741,447.0,411.0
2022-11-25 14:37:40.690625,445.0,411.0
2022-11-25 14:37:40.700704,444.0,411.0
2022-11-25 14:37:40.711717,443.0,411.0
2022-11-25 14:37:40.722049,442.0,411.0
2022-11-25 14:37:40.742097,440.0,411.0
2022-11-25 14:37:40.761339,438.0,411.0
2022-11-25 14:37:40.812122,437.0,411.0
2022-11-25 14:37:40.830466,436.0,411.0
2022-11-25 14:37:40.840463,435.0,411.0
2022-11-25 14:37:40.851876,434.0,411.0
2022-11-25 14:37:40.861847,433.0,411.0
2022-11-25 14:37:40.871295,432.0,411.0
2022-11-25 14:37:40.882264,431.0,411.0
2022-11-25 14:37:40.902631,428.0,411.0
2022-11-25 14:37:40.913347,427.0,411.0
2022-11-25 14:37:40.921621,426.0,411.0
2022-11-25 14:37:40.942982,425.0,411.0
2022-11-25 14:37:40.952222,424.0,411.0
2022-11-25 14:37:40.961567,423.0,411.0
2022-11-25 14:37:40.972604,421.0,411.0
2022-11-25 14:37:40.982603,420.0,411.0
2022-11-25 14:37:40.992585,419.0,411.0
2022-11-25 14:37:41.001413,417.0,411.0
2022-11-25 14:37:41.011650,416.0,411.0
2022-11-25 14:37:41.022574,414.0,411.0
2022-11-25 14:37:41.032915,412.0,411.0
2022-11-25 14:37:41.041486,411.0,411.0
2022-11-25 14:37:41.052730,409.0,411.0
2022-11-25 14:37:41.072196,408.0,411.0
2022-11-25 14:37:41.091678,407.0,411.0
2022-11-25 14:37:41.122871,406.0,411.0
2022-11-25 14:37:41.142772,405.0,411.0
2022-11-25 14:37:41.152717,403.0,411.0
2022-11-25 14:37:41.162287,402.0,411.0
2022-11-25 14:37:41.171186,400.0,411.0
2022-11-25 14:37:41.192056,399.0,411.0
2022-11-25 14:37:41.212154,398.0,411.0
2022-11-25 14:37:41.233483,397.0,411.0
2022-11-25 14:37:41.243275,396.0,411.0
2022-11-25 14:37:41.253781,395.0,411.0
2022-11-25 14:37:41.262775,394.0,411.0
2022-11-25 14:37:41.273870,393.0,411.0
2022-11-25 14:37:41.282880,392.0,411.0
2022-11-25 14:37:41.292857,391.0,411.0
2022-11-25 14:37:41.302625,390.0,411.0
2022-11-25 14:37:41.314078,389.0,411.0
2022-11-25 14:37:41.333366,387.0,412.0
2022-11-25 14:37:41.353390,386.0,412.0
2022-11-25 14:37:41.383337,385.0,412.0
2022-11-25 14:37:41.393336,384.0,412.0
2022-11-25 14:37:41.404939,383.0,412.0
2022-11-25 14:37:41.424951,382.0,412.0
2022-11-25 14:37:41.444479,380.0,412.0
2022-11-25 14:37:41.454489,379.0,412.0
2022-11-25 14:37:41.464708,378.0,412.0
2022-11-25 14:37:41.473309,377.0,412.0
2022-11-25 14:37:41.484702,376.0,412.0
2022-11-25 14:37:41.494990,375.0,412.0
2022-11-25 14:37:41.504406,373.0,412.0
2022-11-25 14:37:41.513436,371.0,412.0
2022-11-25 14:37:41.534615,370.0,412.0
2022-11-25 14:37:41.544076,369.0,412.0
2022-11-25 14:37:41.553656,368.0,412.0
2022-11-25 14:37:41.565110,367.0,412.0
2022-11-25 14:37:41.584970,366.0,412.0
2022-11-25 14:37:41.603191,365.0,412.0
2022-11-25 14:37:41.634613,364.0,412.0
2022-11-25 14:37:41.654948,363.0,412.0
2022-11-25 14:37:41.664215,362.0,412.0
2022-11-25 14:37:41.683867,361.0,412.0
2022-11-25 14:37:41.693332,359.0,412.0
2022-11-25 14:37:41.704344,358.0,412.0
2022-11-25 14:37:41.714342,356.0,412.0
2022-11-25 14:37:41.724411,354.0,412.0
2022-11-25 14:37:41.734374,353.0,412.0
2022-11-25 14:37:41.745049,352.0,412.0
2022-11-25 14:37:41.755374,350.0,412.0
2022-11-25 14:37:41.765391,349.0,412.0
2022-11-25 14:37:41.774412,347.0,412.0
2022-11-25 14:37:41.785272,346.0,412.0
2022-11-25 14:37:41.805350,344.0,412.0
2022-11-25 14:37:41.815836,343.0,412.0
2022-11-25 14:37:41.825482,342.0,412.0
2022-11-25 14:37:41.835480,341.0,412.0
2022-11-25 14:37:41.846479,340.0,412.0
2022-11-25 14:37:41.865152,339.0,412.0
2022-11-25 14:37:41.885562,338.0,412.0
2022-11-25 14:37:41.895725,337.0,412.0
2022-11-25 14:37:41.905725,336.0,412.0
2022-11-25 14:37:41.916725,335.0,412.0
2022-11-25 14:37:41.926725,333.0,412.0
2022-11-25 14:37:41.936725,332.0,412.0
2022-11-25 14:37:41.945725,331.0,412.0
2022-11-25 14:37:41.956725,330.0,413.0
2022-11-25 14:37:41.966725,328.0,413.0
2022-11-25 14:37:41.985726,327.0,413.0
2022-11-25 14:37:41.996725,325.0,413.0
2022-11-25 14:37:42.006725,324.0,413.0
2022-11-25 14:37:42.017725,322.0,414.0
2022-11-25 14:37:42.025725,319.0,414.0
2022-11-25 14:37:42.036725,318.0,414.0
2022-11-25 14:37:42.046726,314.0,414.0
2022-11-25 14:37:42.056725,309.0,414.0
2022-11-25 14:37:42.065725,307.0,414.0
2022-11-25 14:37:42.075737,304.0,414.0
2022-11-25 14:37:42.086737,301.0,415.0
2022-11-25 14:37:42.096738,299.0,415.0
2022-11-25 14:37:42.106864,295.0,416.0
2022-11-25 14:37:42.115871,294.0,416.0
2022-11-25 14:37:42.126864,291.0,416.0
2022-11-25 14:37:42.136864,290.0,416.0
2022-11-25 14:37:42.146341,289.0,416.0
2022-11-25 14:37:42.155342,286.0,416.0
2022-11-25 14:37:42.176819,284.0,416.0
2022-11-25 14:37:42.195825,283.0,416.0
2022-11-25 14:37:42.206858,281.0,416.0
2022-11-25 14:37:42.216189,279.0,416.0
2022-11-25 14:37:42.226195,278.0,416.0
2022-11-25 14:37:42.236479,276.0,416.0
2022-11-25 14:37:42.246479,274.0,416.0
2022-11-25 14:37:42.257479,272.0,416.0
2022-11-25 14:37:42.267738,270.0,416.0
2022-11-25 14:37:42.277123,267.0,416.0
2022-11-25 14:37:42.286123,264.0,416.0
2022-11-25 14:37:42.297634,261.0,416.0
2022-11-25 14:37:42.307950,258.0,416.0
2022-11-25 14:37:42.317950,253.0,416.0
2022-11-25 14:37:42.326186,250.0,416.0
2022-11-25 14:37:42.337758,248.0,416.0
2022-11-25 14:37:42.347765,247.0,416.0
2022-11-25 14:37:42.357108,246.0,416.0
2022-11-25 14:37:42.366401,245.0,416.0
2022-11-25 14:37:42.377900,244.0,416.0
2022-11-25 14:37:42.407417,243.0,416.0
2022-11-25 14:37:42.417417,242.0,416.0
2022-11-25 14:37:42.438417,241.0,416.0
2022-11-25 14:37:42.448417,239.0,416.0
2022-11-25 14:37:42.457417,238.0,416.0
2022-11-25 14:37:42.468417,237.0,416.0
2022-11-25 14:37:42.498419,234.0,416.0
2022-11-25 14:37:42.508417,233.0,416.0
2022-11-25 14:37:42.518417,232.0,416.0
2022-11-25 14:37:42.537417,231.0,416.0
2022-11-25 14:37:42.548417,230.0,416.0
2022-11-25 14:37:42.558417,229.0,416.0
2022-11-25 14:37:42.577417,227.0,416.0
2022-11-25 14:37:42.587417,225.0,416.0
2022-11-25 14:37:42.598417,224.0,416.0
2022-11-25 14:37:42.608417,222.0,416.0
2022-11-25 14:37:42.618417,221.0,416.0
2022-11-25 14:37:42.627417,220.0,416.0
2022-11-25 14:37:42.640418,219.0,416.0
2022-11-25 14:37:42.648416,218.0,416.0
2022-11-25 14:37:42.658450,217.0,416.0
2022-11-25 14:37:42.667449,216.0,416.0
2022-11-25 14:37:42.678435,215.0,416.0
2022-11-25 14:37:42.688434,214.0,416.0
2022-11-25 14:37:42.698458,212.0,416.0
2022-11-25 14:37:42.707465,209.0,416.0
2022-11-25 14:37:42.718265,208.0,416.0
2022-11-25 14:37:42.728578,205.0,416.0
2022-11-25 14:37:42.738630,204.0,416.0
2022-11-25 14:37:42.748926,203.0,416.0
2022-11-25 14:37:42.769321,202.0,416.0
2022-11-25 14:37:42.780241,201.0,416.0
2022-11-25 14:37:42.829679,199.0,416.0
2022-11-25 14:37:42.860035,198.0,416.0
2022-11-25 14:37:42.878210,197.0,416.0
2022-11-25 14:37:42.889402,195.0,416.0
2022-11-25 14:37:42.909511,194.0,416.0
2022-11-25 14:37:42.929531,192.0,416.0
2022-11-25 14:37:42.950702,191.0,416.0
2022-11-25 14:37:42.961034,190.0,416.0
2022-11-25 14:37:42.970004,189.0,416.0
2022-11-25 14:37:42.980270,188.0,416.0
2022-11-25 14:37:42.990634,187.0,416.0
2022-11-25 14:37:43.000327,185.0,416.0
2022-11-25 14:37:43.009594,183.0,416.0
2022-11-25 14:37:43.020241,181.0,416.0
2022-11-25 14:37:43.030211,179.0,416.0
2022-11-25 14:37:43.040242,178.0,416.0
2022-11-25 14:37:43.070780,177.0,416.0
2022-11-25 14:37:43.100129,176.0,416.0
2022-11-25 14:37:43.110519,175.0,416.0
2022-11-25 14:37:43.120732,174.0,416.0
2022-11-25 14:37:43.130282,173.0,416.0
2022-11-25 14:37:43.139115,172.0,416.0
2022-11-25 14:37:43.160423,171.0,416.0
2022-11-25 14:37:43.241079,170.0,416.0
2022-11-25 14:37:43.250401,169.0,416.0
2022-11-25 14:37:43.271653,168.0,416.0
2022-11-25 14:37:43.291733,167.0,416.0
2022-11-25 14:37:43.310851,166.0,416.0
2022-11-25 14:37:43.331293,165.0,416.0
2022-11-25 14:37:43.350643,164.0,416.0
2022-11-25 14:37:43.361184,163.0,416.0
2022-11-25 14:37:43.371254,162.0,416.0
2022-11-25 14:37:43.381294,161.0,416.0
2022-11-25 14:37:43.411922,160.0,416.0
2022-11-25 14:37:43.442961,159.0,416.0
2022-11-25 14:37:43.472398,158.0,416.0
2022-11-25 14:37:43.492436,156.0,416.0
2022-11-25 14:37:43.502471,155.0,416.0
2022-11-25 14:37:43.522084,154.0,416.0
2022-11-25 14:37:43.532310,153.0,416.0
2022-11-25 14:37:43.552436,151.0,416.0
2022-11-25 14:37:43.561680,150.0,416.0
2022-11-25 14:37:43.583112,149.0,416.0
2022-11-25 14:37:43.592417,148.0,416.0
2022-11-25 14:37:43.600991,147.0,416.0
2022-11-25 14:37:43.611022,146.0,416.0
2022-11-25 14:37:43.622279,145.0,416.0
2022-11-25 14:37:43.632580,144.0,416.0
2022-11-25 14:37:43.642829,143.0,416.0
2022-11-25 14:37:43.651139,142.0,416.0
2022-11-25 14:37:43.662478,141.0,416.0
2022-11-25 14:37:43.672466,139.0,416.0
2022-11-25 14:37:43.682877,138.0,416.0
2022-11-25 14:37:43.691844,135.0,416.0
2022-11-25 14:37:43.702637,134.0,416.0
2022-11-25 14:37:43.712815,133.0,416.0
2022-11-25 14:37:43.722733,132.0,416.0
2022-11-25 14:37:43.731109,131.0,416.0
2022-11-25 14:37:43.743817,130.0,416.0
2022-11-25 14:37:43.752814,129.0,417.0
2022-11-25 14:37:43.762550,128.0,417.0
2022-11-25 14:37:43.772590,127.0,417.0
2022-11-25 14:37:43.783077,125.0,417.0
2022-11-25 14:37:43.793163,122.0,417.0
2022-11-25 14:37:43.803734,120.0,417.0
2022-11-25 14:37:43.813148,117.0,419.0
2022-11-25 14:37:43.823107,115.0,419.0
2022-11-25 14:37:43.833147,113.0,419.0
2022-11-25 14:37:43.843957,111.0,419.0
2022-11-25 14:37:44.024781,110.0,419.0
2022-11-25 14:37:44.054856,110.0,420.0
2022-11-25 14:37:44.064856,110.0,421.0
2022-11-25 14:37:44.073862,110.0,422.0
2022-11-25 14:37:44.084857,110.0,425.0
2022-11-25 14:37:44.094857,110.0,426.0
2022-11-25 14:37:44.113858,110.0,427.0
2022-11-25 14:37:44.124859,110.0,428.0
2022-11-25 14:37:44.174245,110.0,429.0
2022-11-25 14:37:44.203358,110.0,430.0
2022-11-25 14:37:44.234353,110.0,431.0
2022-11-25 14:37:44.243354,110.0,432.0
2022-11-25 14:37:44.325676,110.0,433.0
2022-11-25 14:37:44.355367,110.0,434.0
2022-11-25 14:37:44.386199,110.0,435.0
2022-11-25 14:37:44.405566,110.0,436.0
2022-11-25 14:37:44.435503,110.0,437.0
2022-11-25 14:37:44.466734,110.0,438.0
2022-11-25 14:37:44.516232,110.0,439.0
2022-11-25 14:37:44.526589,111.0,440.0
2022-11-25 14:37:44.536633,111.0,441.0
2022-11-25 14:37:44.545947,112.0,442.0
2022-11-25 14:37:44.566397,112.0,443.0
2022-11-25 14:37:44.606713,113.0,445.0
2022-11-25 14:37:44.636390,114.0,447.0
2022-11-25 14:37:44.656792,115.0,448.0
2022-11-25 14:37:44.686545,115.0,449.0
2022-11-25 14:37:44.706266,115.0,450.0
2022-11-25 14:37:44.715564,115.0,451.0
2022-11-25 14:37:44.746380,115.0,452.0
2022-11-25 14:37:44.766875,115.0,453.0
2022-11-25 14:37:44.786551,116.0,453.0
2022-11-25 14:37:44.858059,116.0,454.0
2022-11-25 14:37:44.886629,116.0,455.0
2022-11-25 14:37:44.907829,116.0,456.0
2022-11-25 14:37:44.926822,117.0,457.0
2022-11-25 14:37:44.947832,117.0,458.0
2022-11-25 14:37:44.957822,117.0,459.0
2022-11-25 14:37:44.967826,117.0,460.0
2022-11-25 14:37:44.978823,117.0,461.0
2022-11-25 14:37:44.988823,117.0,462.0
2022-11-25 14:37:44.998823,117.0,463.0
2022-11-25 14:37:45.008832,117.0,465.0
2022-11-25 14:37:45.017823,117.0,466.0
2022-11-25 14:37:45.028824,117.0,468.0
2022-11-25 14:37:45.038824,117.0,470.0
2022-11-25 14:37:45.048824,117.0,472.0
2022-11-25 14:37:45.057836,117.0,473.0
2022-11-25 14:37:45.068823,117.0,475.0
2022-11-25 14:37:45.078197,117.0,477.0
2022-11-25 14:37:45.092263,117.0,480.0
2022-11-25 14:37:45.097127,117.0,482.0
2022-11-25 14:37:45.118988,117.0,483.0
2022-11-25 14:37:45.137013,117.0,484.0
2022-11-25 14:37:45.198363,117.0,485.0
2022-11-25 14:37:45.248483,117.0,486.0
2022-11-25 14:37:45.469221,117.0,487.0
2022-11-25 14:37:45.490790,117.0,489.0
2022-11-25 14:37:45.671222,117.0,490.0
2022-11-25 14:37:45.680222,117.0,491.0
2022-11-25 14:37:45.730204,117.0,492.0
2022-11-25 14:37:45.760183,117.0,493.0
2022-11-25 14:37:45.821312,117.0,494.0
2022-11-25 14:37:45.841246,117.0,495.0
2022-11-25 14:37:45.851131,117.0,496.0
2022-11-25 14:37:45.901566,117.0,497.0
2022-11-25 14:37:45.910480,117.0,498.0
2022-11-25 14:37:45.931704,117.0,499.0
2022-11-25 14:37:45.950876,117.0,500.0
2022-11-25 14:37:45.981775,117.0,501.0
2022-11-25 14:37:45.992796,117.0,502.0
2022-11-25 14:37:46.022133,117.0,503.0
2022-11-25 14:37:46.042732,117.0,504.0
2022-11-25 14:37:46.062414,117.0,505.0
2022-11-25 14:37:46.121663,117.0,506.0
2022-11-25 14:37:46.134103,117.0,507.0
2022-11-25 14:37:46.161946,117.0,508.0
2022-11-25 14:37:46.182594,117.0,509.0
2022-11-25 14:37:46.193266,117.0,510.0
2022-11-25 14:37:46.202834,117.0,511.0
2022-11-25 14:37:46.251453,117.0,512.0
2022-11-25 14:37:46.282345,117.0,513.0
2022-11-25 14:37:46.302318,117.0,514.0
2022-11-25 14:37:46.312317,117.0,515.0
2022-11-25 14:37:46.332583,117.0,516.0
2022-11-25 14:37:46.343281,117.0,517.0
2022-11-25 14:37:46.353319,117.0,518.0
2022-11-25 14:37:46.373391,117.0,519.0
2022-11-25 14:37:46.403571,117.0,521.0
2022-11-25 14:37:46.453251,117.0,522.0
2022-11-25 14:37:46.493653,117.0,523.0
2022-11-25 14:37:46.503683,117.0,524.0
2022-11-25 14:37:46.524869,117.0,525.0
2022-11-25 14:37:46.534905,116.0,526.0
2022-11-25 14:37:46.554531,116.0,527.0
2022-11-25 14:37:46.574922,116.0,528.0
2022-11-25 14:37:46.593276,116.0,529.0
2022-11-25 14:37:46.604286,115.0,530.0
2022-11-25 14:37:46.615115,115.0,531.0
2022-11-25 14:37:46.624235,115.0,532.0
2022-11-25 14:37:46.633804,114.0,532.0
2022-11-25 14:37:46.644342,114.0,533.0
2022-11-25 14:37:46.664916,114.0,534.0
2022-11-25 14:37:46.673333,113.0,534.0
2022-11-25 14:37:46.754598,113.0,535.0
2022-11-25 14:37:46.774753,113.0,536.0
2022-11-25 14:37:46.794876,113.0,537.0
2022-11-25 14:37:46.824552,113.0,538.0
2022-11-25 14:37:46.844297,113.0,539.0
2022-11-25 14:37:46.855327,112.0,540.0
2022-11-25 14:37:46.865297,112.0,541.0
2022-11-25 14:37:46.875699,112.0,542.0
2022-11-25 14:37:46.885701,111.0,542.0
2022-11-25 14:37:46.905432,111.0,543.0
2022-11-25 14:37:46.965618,111.0,544.0
2022-11-25 14:37:47.015194,111.0,545.0
2022-11-25 14:37:47.026351,111.0,546.0
2022-11-25 14:37:47.036538,110.0,547.0
2022-11-25 14:37:47.046547,110.0,548.0
2022-11-25 14:37:47.056307,110.0,550.0
2022-11-25 14:37:47.066584,110.0,551.0
2022-11-25 14:37:47.076590,110.0,552.0
2022-11-25 14:37:47.086656,110.0,553.0
2022-11-25 14:37:47.096872,110.0,556.0
2022-11-25 14:37:47.106872,110.0,557.0
2022-11-25 14:37:47.116183,110.0,558.0
2022-11-25 14:37:47.126480,110.0,560.0
2022-11-25 14:37:47.136790,110.0,561.0
2022-11-25 14:37:47.145605,110.0,563.0
2022-11-25 14:37:47.166278,110.0,564.0
2022-11-25 14:37:47.177288,110.0,565.0
2022-11-25 14:37:47.185160,109.0,566.0
2022-11-25 14:37:47.216112,109.0,567.0
2022-11-25 14:37:47.236446,109.0,568.0
2022-11-25 14:37:47.256933,109.0,569.0
2022-11-25 14:37:47.266426,109.0,570.0
2022-11-25 14:37:47.286974,109.0,571.0
2022-11-25 14:37:47.296289,109.0,572.0
2022-11-25 14:37:47.306328,109.0,573.0
2022-11-25 14:37:47.315300,109.0,574.0
2022-11-25 14:37:47.336869,109.0,575.0
2022-11-25 14:37:47.346943,109.0,576.0
2022-11-25 14:37:47.355992,109.0,577.0
2022-11-25 14:37:47.397417,109.0,578.0
2022-11-25 14:37:47.407493,109.0,579.0
2022-11-25 14:37:47.427866,109.0,580.0
2022-11-25 14:37:47.446291,109.0,581.0
2022-11-25 14:37:47.457631,109.0,582.0
2022-11-25 14:37:47.477439,109.0,583.0
2022-11-25 14:37:47.507664,109.0,584.0
2022-11-25 14:37:47.517406,109.0,585.0
2022-11-25 14:37:47.527404,109.0,586.0
2022-11-25 14:37:47.549123,109.0,587.0
2022-11-25 14:37:47.588650,109.0,588.0
2022-11-25 14:37:47.609033,109.0,589.0
2022-11-25 14:37:47.638617,109.0,590.0
2022-11-25 14:37:47.657215,109.0,591.0
2022-11-25 14:37:47.688901,109.0,592.0
2022-11-25 14:37:47.728492,109.0,593.0
2022-11-25 14:37:47.738835,109.0,594.0
2022-11-25 14:37:47.778639,109.0,595.0
2022-11-25 14:37:47.827178,109.0,596.0
2022-11-25 14:37:47.848508,109.0,597.0
2022-11-25 14:37:47.889626,109.0,598.0
2022-11-25 14:37:47.919839,109.0,599.0
2022-11-25 14:37:47.929768,109.0,600.0
2022-11-25 14:37:47.939826,109.0,601.0
2022-11-25 14:37:47.969322,109.0,602.0
2022-11-25 14:37:47.979330,109.0,603.0
2022-11-25 14:37:47.990091,109.0,604.0
2022-11-25 14:37:48.009602,109.0,605.0
2022-11-25 14:37:48.019601,110.0,606.0
2022-11-25 14:37:48.030749,110.0,607.0
2022-11-25 14:37:48.050751,110.0,609.0
2022-11-25 14:37:48.060808,110.0,610.0
2022-11-25 14:37:48.080938,110.0,611.0
2022-11-25 14:37:48.100366,110.0,613.0
2022-11-25 14:37:48.120443,110.0,614.0
2022-11-25 14:37:48.150196,110.0,615.0
2022-11-25 14:37:48.160454,110.0,616.0
2022-11-25 14:37:48.190342,110.0,617.0
2022-11-25 14:37:48.201644,110.0,618.0
2022-11-25 14:37:48.220899,111.0,619.0
2022-11-25 14:37:48.240187,111.0,620.0
2022-11-25 14:37:48.270499,111.0,621.0
2022-11-25 14:37:48.280899,111.0,622.0
2022-11-25 14:37:48.290188,111.0,623.0
2022-11-25 14:37:48.299154,112.0,623.0
2022-11-25 14:37:48.310173,112.0,624.0
2022-11-25 14:37:48.330179,112.0,625.0
2022-11-25 14:37:48.360345,112.0,626.0
2022-11-25 14:37:48.370369,112.0,627.0
2022-11-25 14:37:48.401888,112.0,628.0
2022-11-25 14:37:48.441894,112.0,629.0
2022-11-25 14:37:48.491888,112.0,630.0
2022-11-25 14:37:48.531520,112.0,631.0
2022-11-25 14:37:48.551520,112.0,632.0
2022-11-25 14:37:48.612569,112.0,633.0
2022-11-25 14:37:48.662423,112.0,634.0
2022-11-25 14:37:48.832825,112.0,635.0
2022-11-25 14:37:48.851831,113.0,635.0
2022-11-25 14:37:48.862825,113.0,636.0
2022-11-25 14:37:48.913825,113.0,637.0
2022-11-25 14:37:48.923832,113.0,638.0
2022-11-25 14:37:48.943824,113.0,639.0
2022-11-25 14:37:48.983824,113.0,640.0
2022-11-25 14:37:49.022744,113.0,642.0
2022-11-25 14:37:49.033744,113.0,643.0
2022-11-25 14:37:49.043745,113.0,644.0
2022-11-25 14:37:49.063744,113.0,645.0
2022-11-25 14:37:49.074744,113.0,646.0
2022-11-25 14:37:49.094959,113.0,647.0
2022-11-25 14:37:49.104745,113.0,648.0
2022-11-25 14:37:49.114744,113.0,649.0
2022-11-25 14:37:49.134745,113.0,650.0
2022-11-25 14:37:49.154576,113.0,651.0
2022-11-25 14:37:49.164249,113.0,652.0
2022-11-25 14:37:49.174249,113.0,653.0
2022-11-25 14:37:49.184509,113.0,654.0
2022-11-25 14:37:49.204278,113.0,656.0
2022-11-25 14:37:49.224383,113.0,657.0
2022-11-25 14:37:49.233282,113.0,658.0
2022-11-25 14:37:49.244292,113.0,659.0
2022-11-25 14:37:49.254825,113.0,660.0
2022-11-25 14:37:49.295052,113.0,661.0
2022-11-25 14:37:49.304092,113.0,662.0
2022-11-25 14:37:49.324425,113.0,663.0
2022-11-25 14:37:49.334429,112.0,664.0
2022-11-25 14:37:49.344816,112.0,665.0
2022-11-25 14:37:49.354857,112.0,666.0
2022-11-25 14:37:49.415490,112.0,667.0
2022-11-25 14:37:49.465945,112.0,668.0
2022-11-25 14:37:49.475218,112.0,669.0
2022-11-25 14:37:49.515238,111.0,670.0
2022-11-25 14:37:49.575737,111.0,671.0
2022-11-25 14:37:49.586743,111.0,672.0
2022-11-25 14:37:49.596805,110.0,673.0
2022-11-25 14:37:49.626957,110.0,674.0
2022-11-25 14:37:49.716275,110.0,675.0
2022-11-25 14:37:49.745701,110.0,676.0
2022-11-25 14:37:49.756900,110.0,677.0
2022-11-25 14:37:49.766253,110.0,678.0
2022-11-25 14:37:49.786483,110.0,679.0
2022-11-25 14:37:49.806103,110.0,680.0
2022-11-25 14:37:49.836307,110.0,681.0
2022-11-25 14:37:49.856598,110.0,682.0
2022-11-25 14:37:49.866436,110.0,683.0
2022-11-25 14:37:49.875437,110.0,684.0
2022-11-25 14:37:49.886826,110.0,685.0
2022-11-25 14:37:49.896965,110.0,686.0
2022-11-25 14:37:49.906033,110.0,687.0
2022-11-25 14:37:49.916328,110.0,688.0
2022-11-25 14:37:49.927849,110.0,691.0
2022-11-25 14:37:49.937456,110.0,692.0
2022-11-25 14:37:49.947292,110.0,695.0
2022-11-25 14:37:49.957529,110.0,696.0
2022-11-25 14:37:49.967347,110.0,698.0
2022-11-25 14:37:49.977366,110.0,701.0
2022-11-25 14:37:49.987382,110.0,702.0
2022-11-25 14:37:49.997393,111.0,704.0
2022-11-25 14:37:50.007467,111.0,705.0
2022-11-25 14:37:50.017509,111.0,707.0
2022-11-25 14:37:50.037337,111.0,709.0
2022-11-25 14:37:50.046185,111.0,710.0
2022-11-25 14:37:50.077593,111.0,711.0
2022-11-25 14:37:50.098395,111.0,712.0
2022-11-25 14:37:50.128709,111.0,713.0
2022-11-25 14:37:50.148060,112.0,714.0
2022-11-25 14:37:50.158265,112.0,715.0
2022-11-25 14:37:50.168231,112.0,717.0
2022-11-25 14:37:50.178454,112.0,718.0
2022-11-25 14:37:50.198420,112.0,719.0
2022-11-25 14:37:50.208629,112.0,720.0
2022-11-25 14:37:50.218930,112.0,721.0
2022-11-25 14:37:50.239535,112.0,722.0
2022-11-25 14:37:50.248978,112.0,723.0
2022-11-25 14:37:50.257281,112.0,724.0
2022-11-25 14:37:50.278077,112.0,725.0
2022-11-25 14:37:50.298446,112.0,726.0
2022-11-25 14:37:50.358407,112.0,727.0
2022-11-25 14:37:50.379371,112.0,729.0
2022-11-25 14:37:50.398459,112.0,730.0
2022-11-25 14:37:50.409635,112.0,731.0
2022-11-25 14:37:50.428717,112.0,732.0
2022-11-25 14:37:50.439768,112.0,733.0
2022-11-25 14:37:50.459667,112.0,734.0
2022-11-25 14:37:50.469715,112.0,736.0
2022-11-25 14:37:50.479242,112.0,737.0
2022-11-25 14:37:50.489236,112.0,738.0
2022-11-25 14:37:50.499312,112.0,739.0
2022-11-25 14:37:50.509352,112.0,740.0
2022-11-25 14:37:50.519356,112.0,741.0
2022-11-25 14:37:50.539256,112.0,742.0
2022-11-25 14:37:50.550669,112.0,743.0
2022-11-25 14:37:50.569266,112.0,744.0
2022-11-25 14:37:50.599154,112.0,745.0
2022-11-25 14:37:50.610370,112.0,746.0
2022-11-25 14:37:50.640374,112.0,747.0
2022-11-25 14:37:50.680587,112.0,748.0
2022-11-25 14:37:50.710275,112.0,749.0
2022-11-25 14:37:50.730249,112.0,750.0
2022-11-25 14:37:50.760280,112.0,751.0
2022-11-25 14:37:50.780221,112.0,752.0
2022-11-25 14:37:50.800764,112.0,753.0
2022-11-25 14:37:50.830466,112.0,754.0
2022-11-25 14:37:50.850862,112.0,755.0
2022-11-25 14:37:50.860829,112.0,756.0
2022-11-25 14:37:50.890602,113.0,757.0
2022-11-25 14:37:50.900731,113.0,758.0
2022-11-25 14:37:50.920367,113.0,759.0
2022-11-25 14:37:50.941366,113.0,760.0
2022-11-25 14:37:50.961367,113.0,762.0
2022-11-25 14:37:50.971395,113.0,763.0
2022-11-25 14:37:50.991395,113.0,764.0
2022-11-25 14:37:51.001395,113.0,765.0
2022-11-25 14:37:51.021396,113.0,766.0
2022-11-25 14:37:51.031396,113.0,767.0
2022-11-25 14:37:51.051396,113.0,768.0
2022-11-25 14:37:51.092563,113.0,769.0
2022-11-25 14:37:51.101941,114.0,769.0
2022-11-25 14:37:51.122941,114.0,770.0
2022-11-25 14:37:51.141941,114.0,771.0
2022-11-25 14:37:51.162941,114.0,772.0
2022-11-25 14:37:51.172941,115.0,773.0
2022-11-25 14:37:51.182941,115.0,774.0
2022-11-25 14:37:51.202941,115.0,775.0
2022-11-25 14:37:51.222942,115.0,776.0
2022-11-25 14:37:51.232941,115.0,778.0
2022-11-25 14:37:51.252941,115.0,779.0
2022-11-25 14:37:51.262941,115.0,780.0
2022-11-25 14:37:51.272941,116.0,781.0
2022-11-25 14:37:51.282949,116.0,782.0
2022-11-25 14:37:51.292941,116.0,783.0
2022-11-25 14:37:51.312941,116.0,784.0
2022-11-25 14:37:51.323941,118.0,786.0
2022-11-25 14:37:51.362943,118.0,787.0
2022-11-25 14:37:51.513300,118.0,788.0
2022-11-25 14:37:51.694401,118.0,789.0
2022-11-25 14:37:51.719611,118.0,790.0
2022-11-25 14:37:51.754119,118.0,791.0
2022-11-25 14:37:51.835505,118.0,792.0
2022-11-25 14:37:51.864526,118.0,793.0
2022-11-25 14:37:51.884604,118.0,796.0
2022-11-25 14:37:51.965373,117.0,797.0
2022-11-25 14:37:51.985595,116.0,797.0
2022-11-25 14:37:51.996634,116.0,798.0
2022-11-25 14:37:52.006162,115.0,799.0
2022-11-25 14:37:52.026207,114.0,799.0
2022-11-25 14:37:52.035239,114.0,800.0
2022-11-25 14:37:52.095155,114.0,801.0
2022-11-25 14:37:52.105570,113.0,802.0
2022-11-25 14:37:52.115426,112.0,802.0
2022-11-25 14:37:52.125422,111.0,803.0
2022-11-25 14:37:52.136670,110.0,804.0
2022-11-25 14:37:52.146952,109.0,805.0
2022-11-25 14:37:52.226570,108.0,807.0
2022-11-25 14:37:52.286397,107.0,807.0
2022-11-25 14:37:52.376156,107.0,808.0
2022-11-25 14:37:52.396200,106.0,809.0
2022-11-25 14:37:52.406548,106.0,810.0
2022-11-25 14:37:52.457132,106.0,811.0
2022-11-25 14:37:52.466431,106.0,812.0
2022-11-25 14:37:52.488441,106.0,813.0
2022-11-25 14:37:52.518586,106.0,814.0
2022-11-25 14:37:52.607312,106.0,815.0
2022-11-25 14:37:52.627967,106.0,816.0
2022-11-25 14:37:52.658841,106.0,817.0
2022-11-25 14:37:52.690943,106.0,818.0
2022-11-25 14:37:52.708215,106.0,819.0
2022-11-25 14:37:52.729246,106.0,820.0
2022-11-25 14:37:52.758280,106.0,821.0
2022-11-25 14:37:52.778341,106.0,822.0
2022-11-25 14:37:52.788243,106.0,824.0
2022-11-25 14:37:52.799456,106.0,825.0
2022-11-25 14:37:52.808447,106.0,826.0
2022-11-25 14:37:52.828462,106.0,827.0
2022-11-25 14:37:52.868501,106.0,828.0
2022-11-25 14:37:52.908157,106.0,829.0
2022-11-25 14:37:52.940282,106.0,830.0
2022-11-25 14:37:52.958414,106.0,831.0
2022-11-25 14:37:52.968482,106.0,832.0
2022-11-25 14:37:52.999226,107.0,833.0
2022-11-25 14:37:53.019477,108.0,835.0
2022-11-25 14:37:53.039085,108.0,836.0
2022-11-25 14:37:53.049275,108.0,837.0
2022-11-25 14:37:53.059277,108.0,838.0
2022-11-25 14:37:53.089252,108.0,839.0
2022-11-25 14:37:53.119233,108.0,840.0
2022-11-25 14:37:53.150216,108.0,841.0
2022-11-25 14:37:53.170216,108.0,842.0
2022-11-25 14:37:53.180218,108.0,843.0
2022-11-25 14:37:53.190219,108.0,844.0
2022-11-25 14:37:53.201218,108.0,845.0
2022-11-25 14:37:53.221240,108.0,846.0
2022-11-25 14:37:53.241216,109.0,847.0
2022-11-25 14:37:53.260217,109.0,848.0
2022-11-25 14:37:53.290217,109.0,849.0
2022-11-25 14:37:53.310549,109.0,850.0
2022-11-25 14:37:53.330341,110.0,851.0
2022-11-25 14:37:53.371672,110.0,852.0
2022-11-25 14:37:53.380910,111.0,853.0
2022-11-25 14:37:53.400568,111.0,854.0
2022-11-25 14:37:53.453689,111.0,855.0
2022-11-25 14:37:53.480815,111.0,856.0
2022-11-25 14:37:53.501355,111.0,857.0
2022-11-25 14:37:53.521216,111.0,858.0
2022-11-25 14:37:53.531217,111.0,859.0
2022-11-25 14:37:53.551814,112.0,860.0
2022-11-25 14:37:53.582237,112.0,861.0
2022-11-25 14:37:53.611771,112.0,862.0
2022-11-25 14:37:53.651495,112.0,863.0
2022-11-25 14:37:53.682532,112.0,864.0
2022-11-25 14:37:53.762191,112.0,865.0
2022-11-25 14:37:53.772191,113.0,866.0
2022-11-25 14:37:53.802765,113.0,867.0
2022-11-25 14:37:53.822333,113.0,868.0
2022-11-25 14:37:53.832511,114.0,869.0
2022-11-25 14:37:53.884060,114.0,870.0
2022-11-25 14:37:53.892881,114.0,871.0
2022-11-25 14:37:53.912129,114.0,872.0
2022-11-25 14:37:53.962406,115.0,873.0
2022-11-25 14:37:54.002566,116.0,874.0
2022-11-25 14:37:54.023829,117.0,875.0
2022-11-25 14:37:54.054938,117.0,876.0
2022-11-25 14:37:54.074015,117.0,877.0
2022-11-25 14:37:54.083125,118.0,878.0
2022-11-25 14:37:54.103439,118.0,879.0
2022-11-25 14:37:54.123446,118.0,880.0
2022-11-25 14:37:54.133989,119.0,880.0
2022-11-25 14:37:54.143775,120.0,881.0
2022-11-25 14:37:54.162818,120.0,882.0
2022-11-25 14:37:54.173553,120.0,883.0
2022-11-25 14:37:54.184684,120.0,884.0
2022-11-25 14:37:54.194710,120.0,885.0
2022-11-25 14:37:54.204785,121.0,885.0
2022-11-25 14:37:54.225207,121.0,886.0
2022-11-25 14:37:54.234306,121.0,887.0
2022-11-25 14:37:54.245332,121.0,888.0
2022-11-25 14:37:54.264526,122.0,889.0
2022-11-25 14:37:54.274752,123.0,889.0
2022-11-25 14:37:54.294835,123.0,890.0
2022-11-25 14:37:54.304875,124.0,891.0
2022-11-25 14:37:54.334250,124.0,892.0
2022-11-25 14:37:54.344251,124.0,893.0
2022-11-25 14:37:54.374923,124.0,894.0
2022-11-25 14:37:54.444682,124.0,895.0
2022-11-25 14:37:54.484777,124.0,896.0
2022-11-25 14:37:54.605303,125.0,896.0
2022-11-25 14:37:54.726929,125.0,897.0
2022-11-25 14:37:54.746335,126.0,897.0
2022-11-25 14:37:54.756797,126.0,898.0
2022-11-25 14:37:54.856310,126.0,899.0
2022-11-25 14:37:54.986715,127.0,899.0
2022-11-25 14:37:55.047659,127.0,900.0
2022-11-25 14:37:55.127672,128.0,900.0
2022-11-25 14:37:55.187671,128.0,901.0
2022-11-25 14:37:55.338673,129.0,901.0
2022-11-25 14:37:55.508483,130.0,902.0
2022-11-25 14:37:55.579884,131.0,902.0
2022-11-25 14:37:55.669915,132.0,902.0
2022-11-25 14:37:55.720573,133.0,902.0
2022-11-25 14:37:55.751080,134.0,902.0
2022-11-25 14:37:55.831112,135.0,903.0
2022-11-25 14:37:56.372555,136.0,904.0
2022-11-25 14:37:56.382863,136.0,905.0
2022-11-25 14:37:56.392157,136.0,906.0
2022-11-25 14:37:56.402439,135.0,908.0
2022-11-25 14:37:56.412338,133.0,909.0
2022-11-25 14:37:56.422565,132.0,911.0
2022-11-25 14:37:56.443612,131.0,915.0
2022-11-25 14:37:56.512878,131.0,916.0
2022-11-25 14:37:56.522226,131.0,917.0
2022-11-25 14:37:56.532465,131.0,918.0
2022-11-25 14:37:56.542301,130.0,921.0
2022-11-25 14:37:56.552953,129.0,924.0
2022-11-25 14:37:56.562942,128.0,930.0
2022-11-25 14:37:56.573010,127.0,932.0
2022-11-25 14:37:56.583327,126.0,935.0
2022-11-25 14:37:56.592793,126.0,939.0
2022-11-25 14:37:56.603337,126.0,940.0
2022-11-25 14:37:56.864420,126.0,941.0
2022-11-25 14:37:57.105250,126.0,942.0
2022-11-25 14:37:57.135253,128.0,942.0
2022-11-25 14:37:57.146250,129.0,942.0
2022-11-25 14:37:57.155458,131.0,942.0
2022-11-25 14:37:57.166250,132.0,942.0
2022-11-25 14:37:57.175250,137.0,941.0
2022-11-25 14:37:57.185453,140.0,940.0
2022-11-25 14:37:57.195250,143.0,939.0
2022-11-25 14:37:57.205250,146.0,938.0
2022-11-25 14:37:57.215432,149.0,937.0
2022-11-25 14:37:57.225474,150.0,936.0
2022-11-25 14:37:57.236474,151.0,936.0
2022-11-25 14:37:57.286538,151.0,935.0
2022-11-25 14:37:57.298538,152.0,935.0
2022-11-25 14:37:57.316590,153.0,935.0
2022-11-25 14:37:57.326606,155.0,933.0
2022-11-25 14:37:57.337613,158.0,931.0
2022-11-25 14:37:57.346466,160.0,930.0
2022-11-25 14:37:57.356469,162.0,928.0
2022-11-25 14:37:57.376486,164.0,927.0
2022-11-25 14:37:57.988618,165.0,926.0
2022-11-25 14:37:58.008372,166.0,926.0
2022-11-25 14:37:58.068635,167.0,926.0
2022-11-25 14:37:58.078643,169.0,926.0
2022-11-25 14:37:58.088719,170.0,926.0
2022-11-25 14:37:58.098903,173.0,926.0
2022-11-25 14:37:58.109942,178.0,926.0
2022-11-25 14:37:58.119053,179.0,926.0
2022-11-25 14:37:58.129331,182.0,926.0
2022-11-25 14:37:58.139658,183.0,926.0
2022-11-25 14:37:58.362090,184.0,926.0
2022-11-25 14:37:58.401432,185.0,926.0
2022-11-25 14:37:58.410249,186.0,926.0
2022-11-25 14:37:58.420297,187.0,926.0
2022-11-25 14:37:58.460491,188.0,926.0
2022-11-25 14:37:58.491610,189.0,926.0
2022-11-25 14:37:58.500222,192.0,926.0
2022-11-25 14:37:58.510326,193.0,926.0
2022-11-25 14:37:58.531623,196.0,925.0
2022-11-25 14:37:58.662286,198.0,923.0
2022-11-25 14:37:58.681694,200.0,923.0
2022-11-25 14:37:58.691945,202.0,922.0
2022-11-25 14:37:58.702284,205.0,921.0
2022-11-25 14:37:58.711552,210.0,918.0
2022-11-25 14:37:58.721589,212.0,917.0
2022-11-25 14:37:58.731876,214.0,916.0
2022-11-25 14:37:59.233520,215.0,915.0
2022-11-25 14:37:59.244404,216.0,915.0
2022-11-25 14:37:59.273083,216.0,916.0
2022-11-25 14:37:59.385158,217.0,917.0
2022-11-25 14:37:59.434893,218.0,918.0
2022-11-25 14:37:59.484258,218.0,919.0
2022-11-25 14:37:59.494535,219.0,919.0
2022-11-25 14:37:59.515555,219.0,920.0
2022-11-25 14:37:59.524592,220.0,921.0
2022-11-25 14:37:59.534590,221.0,922.0
2022-11-25 14:37:59.544891,222.0,923.0
2022-11-25 14:37:59.564997,222.0,924.0
2022-11-25 14:37:59.574587,223.0,925.0
2022-11-25 14:37:59.584851,224.0,926.0
2022-11-25 14:37:59.595744,224.0,927.0
2022-11-25 14:37:59.604931,225.0,928.0
2022-11-25 14:37:59.624324,226.0,929.0
2022-11-25 14:37:59.634401,227.0,930.0
2022-11-25 14:37:59.645524,227.0,931.0
2022-11-25 14:37:59.665598,229.0,933.0
2022-11-25 14:37:59.675675,230.0,935.0
2022-11-25 14:37:59.686752,230.0,936.0
2022-11-25 14:37:59.695084,231.0,937.0
2022-11-25 14:37:59.705274,232.0,938.0
2022-11-25 14:37:59.715304,233.0,938.0
2022-11-25 14:37:59.726326,234.0,939.0
2022-11-25 14:37:59.736536,234.0,940.0
2022-11-25 14:37:59.745543,235.0,941.0
2022-11-25 14:37:59.755055,236.0,941.0
2022-11-25 14:37:59.766311,237.0,942.0
2022-11-25 14:37:59.775522,237.0,943.0
2022-11-25 14:37:59.785529,238.0,944.0
2022-11-25 14:37:59.796384,239.0,944.0
2022-11-25 14:37:59.816383,240.0,945.0
2022-11-25 14:37:59.826384,240.0,946.0
2022-11-25 14:37:59.836384,241.0,946.0
2022-11-25 14:37:59.876939,241.0,947.0
2022-11-25 14:37:59.886333,242.0,947.0
2022-11-25 14:37:59.906514,243.0,948.0
2022-11-25 14:37:59.916444,244.0,948.0
2022-11-25 14:37:59.937783,245.0,950.0
2022-11-25 14:37:59.956188,247.0,951.0
2022-11-25 14:37:59.996455,248.0,951.0
2022-11-25 14:38:00.096747,249.0,952.0
2022-11-25 14:38:00.177996,250.0,952.0
2022-11-25 14:38:00.198290,251.0,952.0
2022-11-25 14:38:00.247750,252.0,953.0
2022-11-25 14:38:00.428542,253.0,953.0
2022-11-25 14:38:00.438887,254.0,953.0
2022-11-25 14:38:00.449289,259.0,950.0
2022-11-25 14:38:00.458288,265.0,945.0
2022-11-25 14:38:00.468557,273.0,938.0
2022-11-25 14:38:00.478840,285.0,931.0
2022-11-25 14:38:00.488886,297.0,919.0
2022-11-25 14:38:00.498189,310.0,909.0
2022-11-25 14:38:00.508585,322.0,901.0
2022-11-25 14:38:01.895242,322.0,901.0
2022-11-25 14:38:01.905279,324.0,901.0
2022-11-25 14:38:01.914831,325.0,901.0
2022-11-25 14:38:01.924927,326.0,901.0
2022-11-25 14:38:01.934976,327.0,901.0
2022-11-25 14:38:01.954725,328.0,901.0
2022-11-25 14:38:02.115717,329.0,901.0
2022-11-25 14:38:02.164246,330.0,901.0
2022-11-25 14:38:02.184442,330.0,902.0
2022-11-25 14:38:02.195243,331.0,902.0
2022-11-25 14:38:02.206243,332.0,902.0
2022-11-25 14:38:02.225242,333.0,902.0
2022-11-25 14:38:02.235243,334.0,902.0
2022-11-25 14:38:02.255242,335.0,903.0
2022-11-25 14:38:02.275242,336.0,903.0
2022-11-25 14:38:02.286242,337.0,903.0
2022-11-25 14:38:02.366441,338.0,904.0
2022-11-25 14:38:02.457472,339.0,904.0
2022-11-25 14:38:02.506275,340.0,904.0
2022-11-25 14:38:02.516275,341.0,904.0
2022-11-25 14:38:02.526577,342.0,904.0
2022-11-25 14:38:02.537911,343.0,904.0
2022-11-25 14:38:02.556843,343.0,905.0
2022-11-25 14:38:02.566219,344.0,906.0
2022-11-25 14:38:04.383733,345.0,906.0
2022-11-25 14:38:04.785227,345.0,907.0
2022-11-25 14:38:04.806246,346.0,907.0
2022-11-25 14:38:04.865710,347.0,907.0
2022-11-25 14:38:04.886473,348.0,907.0
2022-11-25 14:38:04.905526,349.0,907.0
2022-11-25 14:38:05.026903,350.0,907.0
2022-11-25 14:38:05.277417,351.0,907.0
2022-11-25 14:38:05.318857,352.0,907.0
2022-11-25 14:38:05.458402,352.0,908.0
2022-11-25 14:38:05.499419,353.0,908.0
2022-11-25 14:38:05.588553,353.0,909.0
2022-11-25 14:38:05.649878,353.0,910.0
2022-11-25 14:38:05.670285,354.0,911.0
2022-11-25 14:38:05.718539,354.0,912.0
2022-11-25 14:38:05.758549,354.0,913.0
2022-11-25 14:38:05.810918,354.0,914.0
2022-11-25 14:38:05.849206,354.0,915.0
2022-11-25 14:38:05.879206,354.0,916.0
2022-11-25 14:38:05.920209,355.0,916.0
2022-11-25 14:38:06.011055,355.0,917.0
2022-11-25 14:38:06.150582,356.0,917.0
2022-11-25 14:38:06.202102,356.0,918.0
2022-11-25 14:38:06.291537,357.0,918.0
2022-11-25 14:38:06.351802,357.0,919.0
2022-11-25 14:38:06.372324,357.0,920.0
2022-11-25 14:38:06.401925,358.0,921.0
2022-11-25 14:38:06.464513,358.0,922.0
2022-11-25 14:38:06.482901,360.0,924.0
2022-11-25 14:38:06.521938,360.0,925.0
2022-11-25 14:38:06.532567,360.0,926.0
2022-11-25 14:38:06.553290,361.0,927.0
2022-11-25 14:38:06.562320,361.0,928.0
2022-11-25 14:38:06.583222,361.0,929.0
2022-11-25 14:38:06.602095,361.0,930.0
2022-11-25 14:38:06.612023,361.0,931.0
2022-11-25 14:38:06.633327,361.0,932.0
2022-11-25 14:38:06.652466,361.0,933.0
2022-11-25 14:38:06.672801,361.0,934.0
2022-11-25 14:38:06.683267,361.0,935.0
2022-11-25 14:38:06.723504,361.0,936.0
2022-11-25 14:38:06.763534,361.0,937.0
2022-11-25 14:38:06.813468,361.0,938.0
2022-11-25 14:38:06.823447,361.0,939.0
2022-11-25 14:38:07.617619,361.0,940.0
2022-11-25 14:38:07.626454,362.0,940.0
2022-11-25 14:38:07.937424,362.0,939.0
2022-11-25 14:38:08.059149,362.0,938.0
2022-11-25 14:38:08.079490,362.0,937.0
2022-11-25 14:38:08.098577,362.0,936.0
2022-11-25 14:38:08.771347,362.0,935.0
2022-11-25 14:38:08.780620,361.0,936.0
2022-11-25 14:38:08.790628,359.0,937.0
2022-11-25 14:38:08.801023,356.0,937.0
2022-11-25 14:38:08.922112,354.0,939.0
2022-11-25 14:38:09.092474,353.0,940.0
2022-11-25 14:38:09.705567,352.0,940.0
2022-11-25 14:38:09.724084,353.0,940.0
2022-11-25 14:38:09.734278,354.0,939.0
2022-11-25 14:38:09.803968,354.0,938.0
2022-11-25 14:38:09.835568,354.0,937.0
2022-11-25 14:38:09.844904,355.0,936.0
2022-11-25 14:38:09.854941,356.0,935.0
2022-11-25 14:38:09.864477,356.0,934.0
2022-11-25 14:38:09.875477,357.0,934.0
2022-11-25 14:38:09.895782,358.0,933.0
2022-11-25 14:38:10.046479,358.0,932.0
2022-11-25 14:38:10.378034,358.0,931.0
2022-11-25 14:38:10.397297,360.0,931.0
2022-11-25 14:38:10.458627,361.0,931.0
2022-11-25 14:38:10.468870,364.0,931.0
2022-11-25 14:38:10.478920,365.0,931.0
2022-11-25 14:38:10.487186,366.0,931.0
2022-11-25 14:38:10.497186,368.0,931.0
2022-11-25 14:38:10.508228,369.0,931.0
2022-11-25 14:38:10.518541,370.0,930.0
2022-11-25 14:38:10.578158,372.0,930.0
2022-11-25 14:38:10.588364,373.0,930.0
2022-11-25 14:38:10.609339,374.0,930.0
2022-11-25 14:38:10.618406,376.0,929.0
2022-11-25 14:38:10.628369,378.0,928.0
2022-11-25 14:38:10.639446,381.0,927.0
2022-11-25 14:38:10.649465,383.0,925.0
2022-11-25 14:38:10.658477,386.0,924.0
2022-11-25 14:38:11.090197,387.0,924.0
2022-11-25 14:38:11.191212,388.0,924.0
2022-11-25 14:38:11.210218,391.0,924.0
2022-11-25 14:38:11.291652,392.0,924.0
2022-11-25 14:38:11.411193,393.0,924.0
2022-11-25 14:38:11.532407,394.0,925.0
2022-11-25 14:38:11.583108,395.0,925.0
2022-11-25 14:38:11.602574,395.0,926.0
2022-11-25 14:38:11.613613,396.0,926.0
2022-11-25 14:38:11.663802,397.0,926.0
2022-11-25 14:38:11.673615,398.0,927.0
2022-11-25 14:38:11.682182,399.0,927.0
2022-11-25 14:38:11.692179,400.0,928.0
2022-11-25 14:38:11.713601,401.0,929.0
2022-11-25 14:38:11.722617,402.0,930.0
2022-11-25 14:38:11.732548,403.0,930.0
2022-11-25 14:38:11.743908,403.0,931.0
2022-11-25 14:38:11.762258,404.0,931.0
2022-11-25 14:38:11.803586,405.0,932.0
2022-11-25 14:38:11.882842,406.0,932.0
2022-11-25 14:38:11.892854,407.0,933.0
2022-11-25 14:38:11.933443,408.0,933.0
2022-11-25 14:38:12.004532,409.0,933.0
2022-11-25 14:38:12.045003,410.0,934.0
2022-11-25 14:38:12.063368,411.0,934.0
2022-11-25 14:38:12.073361,412.0,934.0
2022-11-25 14:38:12.084751,413.0,934.0
2022-11-25 14:38:12.094109,414.0,935.0
2022-11-25 14:38:12.104109,415.0,935.0
2022-11-25 14:38:12.114511,417.0,935.0
2022-11-25 14:38:12.125252,420.0,935.0
2022-11-25 14:38:12.135314,421.0,935.0
2022-11-25 14:38:12.154752,423.0,936.0
2022-11-25 14:38:12.204445,426.0,937.0
2022-11-25 14:38:12.324640,427.0,937.0
2022-11-25 14:38:12.345480,429.0,937.0
2022-11-25 14:38:12.356105,430.0,939.0
2022-11-25 14:38:12.364126,431.0,939.0
2022-11-25 14:38:12.374651,432.0,939.0
2022-11-25 14:38:12.385727,433.0,939.0
2022-11-25 14:38:12.395949,435.0,940.0
2022-11-25 14:38:12.404295,437.0,942.0
2022-11-25 14:38:12.414641,439.0,943.0
2022-11-25 14:38:12.425769,440.0,943.0
2022-11-25 14:38:12.435665,443.0,944.0
2022-11-25 14:38:12.445713,445.0,945.0
2022-11-25 14:38:12.455760,448.0,947.0
2022-11-25 14:38:12.466774,450.0,948.0
2022-11-25 14:38:12.476974,453.0,949.0
2022-11-25 14:38:12.495039,455.0,950.0
2022-11-25 14:38:12.505606,456.0,950.0
2022-11-25 14:38:12.517650,457.0,951.0
2022-11-25 14:38:12.706331,458.0,951.0
2022-11-25 14:38:12.717571,458.0,952.0
2022-11-25 14:38:12.786669,459.0,952.0
2022-11-25 14:38:12.817896,460.0,952.0
2022-11-25 14:38:12.846999,461.0,952.0
2022-11-25 14:38:12.876619,462.0,952.0
2022-11-25 14:38:12.886984,462.0,953.0
2022-11-25 14:38:12.917059,463.0,953.0
2022-11-25 14:38:12.937143,464.0,953.0
2022-11-25 14:38:12.957475,465.0,953.0
2022-11-25 14:38:12.978325,466.0,953.0
2022-11-25 14:38:13.007150,467.0,953.0
2022-11-25 14:38:13.017190,468.0,953.0
2022-11-25 14:38:13.029507,469.0,953.0
2022-11-25 14:38:13.038459,470.0,953.0
2022-11-25 14:38:13.047296,471.0,953.0
2022-11-25 14:38:13.068503,472.0,953.0
2022-11-25 14:38:13.079070,473.0,953.0
2022-11-25 14:38:13.118407,474.0,953.0
2022-11-25 14:38:13.128447,475.0,953.0
2022-11-25 14:38:13.138725,476.0,953.0
2022-11-25 14:38:13.159709,477.0,953.0
2022-11-25 14:38:13.218886,478.0,953.0
2022-11-25 14:38:13.268720,479.0,953.0
2022-11-25 14:38:13.289393,480.0,953.0
2022-11-25 14:38:13.308877,480.0,954.0
2022-11-25 14:38:13.439069,481.0,954.0
2022-11-25 14:38:13.490545,482.0,955.0
2022-11-25 14:38:13.501192,485.0,955.0
2022-11-25 14:38:13.510620,485.0,956.0
2022-11-25 14:38:13.519409,486.0,956.0
2022-11-25 14:38:13.540340,487.0,956.0
2022-11-25 14:38:13.559160,488.0,956.0
2022-11-25 14:38:13.569380,489.0,956.0
2022-11-25 14:38:13.580388,491.0,956.0
2022-11-25 14:38:13.591617,492.0,956.0
2022-11-25 14:38:13.609707,494.0,956.0
2022-11-25 14:38:13.620738,497.0,957.0
2022-11-25 14:38:13.640883,498.0,957.0
2022-11-25 14:38:13.691008,499.0,957.0
2022-11-25 14:38:13.751649,500.0,957.0
2022-11-25 14:38:13.780140,501.0,957.0
2022-11-25 14:38:13.791417,502.0,957.0
2022-11-25 14:38:13.801817,503.0,957.0
2022-11-25 14:38:13.810847,504.0,957.0
2022-11-25 14:38:13.881188,505.0,957.0
2022-11-25 14:38:13.961750,506.0,957.0
2022-11-25 14:38:14.044130,507.0,957.0
2022-11-25 14:38:14.062894,508.0,957.0
2022-11-25 14:38:14.071923,509.0,957.0
2022-11-25 14:38:14.092786,510.0,956.0
2022-11-25 14:38:14.102381,511.0,956.0
2022-11-25 14:38:14.121803,513.0,955.0
2022-11-25 14:38:14.142906,514.0,955.0
2022-11-25 14:38:14.263501,515.0,955.0
2022-11-25 14:38:14.332531,516.0,955.0
2022-11-25 14:38:14.343543,517.0,955.0
2022-11-25 14:38:14.354529,518.0,955.0
2022-11-25 14:38:14.363532,521.0,955.0
2022-11-25 14:38:14.382634,522.0,955.0
2022-11-25 14:38:14.393339,523.0,955.0
2022-11-25 14:38:14.403358,524.0,955.0
2022-11-25 14:38:14.422631,525.0,955.0
2022-11-25 14:38:14.432928,526.0,955.0
2022-11-25 14:38:14.452369,527.0,955.0
2022-11-25 14:38:14.482800,528.0,955.0
2022-11-25 14:38:14.514252,529.0,955.0
2022-11-25 14:38:14.564913,530.0,955.0
2022-11-25 14:38:14.583714,531.0,955.0
2022-11-25 14:38:14.614062,532.0,955.0
2022-11-25 14:38:14.655158,533.0,955.0
2022-11-25 14:38:14.664533,534.0,955.0
2022-11-25 14:38:14.695594,535.0,955.0
2022-11-25 14:38:14.714495,536.0,955.0
2022-11-25 14:38:14.725573,537.0,955.0
2022-11-25 14:38:14.735642,538.0,955.0
2022-11-25 14:38:14.745489,539.0,955.0
2022-11-25 14:38:14.754517,540.0,955.0
2022-11-25 14:38:14.764923,541.0,955.0
2022-11-25 14:38:14.905544,542.0,955.0
2022-11-25 14:38:14.924709,543.0,955.0
2022-11-25 14:38:14.935002,544.0,955.0
2022-11-25 14:38:14.974547,545.0,955.0
2022-11-25 14:38:14.985326,546.0,955.0
2022-11-25 14:38:14.995303,547.0,955.0
2022-11-25 14:38:15.005570,548.0,955.0
2022-11-25 14:38:15.015880,549.0,955.0
2022-11-25 14:38:15.026584,550.0,955.0
2022-11-25 14:38:15.036891,551.0,955.0
2022-11-25 14:38:15.055506,552.0,955.0
2022-11-25 14:38:15.066317,553.0,954.0
2022-11-25 14:38:15.076371,554.0,954.0
2022-11-25 14:38:15.105616,557.0,954.0
2022-11-25 14:38:15.116710,558.0,954.0
2022-11-25 14:38:15.156690,559.0,954.0
2022-11-25 14:38:15.166034,560.0,954.0
2022-11-25 14:38:15.207180,561.0,954.0
2022-11-25 14:38:15.247579,562.0,954.0
2022-11-25 14:38:15.257614,563.0,954.0
2022-11-25 14:38:15.316957,564.0,954.0
2022-11-25 14:38:15.327013,565.0,954.0
2022-11-25 14:38:15.346279,566.0,954.0
2022-11-25 14:38:15.356329,567.0,954.0
2022-11-25 14:38:15.367604,568.0,954.0
2022-11-25 14:38:15.387637,569.0,954.0
2022-11-25 14:38:15.428010,570.0,954.0
2022-11-25 14:38:15.446250,571.0,954.0
2022-11-25 14:38:15.497397,572.0,954.0
2022-11-25 14:38:15.527895,573.0,954.0
2022-11-25 14:38:15.548247,574.0,954.0
2022-11-25 14:38:15.598470,575.0,954.0
2022-11-25 14:38:15.629769,576.0,954.0
2022-11-25 14:38:15.668666,577.0,954.0
2022-11-25 14:38:15.688191,578.0,954.0
2022-11-25 14:38:15.709431,579.0,954.0
2022-11-25 14:38:15.749726,580.0,954.0
2022-11-25 14:38:15.789265,581.0,954.0
2022-11-25 14:38:15.799295,582.0,954.0
2022-11-25 14:38:15.828435,583.0,954.0
2022-11-25 14:38:15.880096,584.0,954.0
2022-11-25 14:38:15.948966,585.0,954.0
2022-11-25 14:38:16.129903,586.0,954.0
2022-11-25 14:38:16.140227,587.0,955.0
2022-11-25 14:38:16.159434,588.0,955.0
2022-11-25 14:38:16.221609,589.0,955.0
2022-11-25 14:38:16.231924,590.0,955.0
2022-11-25 14:38:16.241277,591.0,955.0
2022-11-25 14:38:16.252345,592.0,955.0
2022-11-25 14:38:16.271287,593.0,955.0
2022-11-25 14:38:16.281294,594.0,955.0
2022-11-25 14:38:16.290637,595.0,955.0
2022-11-25 14:38:16.311491,596.0,955.0
2022-11-25 14:38:16.351798,598.0,955.0
2022-11-25 14:38:16.361151,601.0,955.0
2022-11-25 14:38:16.370384,603.0,954.0
2022-11-25 14:38:16.380422,606.0,954.0
2022-11-25 14:38:16.391239,607.0,953.0
2022-11-25 14:38:16.411239,608.0,953.0
2022-11-25 14:38:16.481991,609.0,953.0
2022-11-25 14:38:16.491992,610.0,953.0
2022-11-25 14:38:16.551991,611.0,953.0
2022-11-25 14:38:16.632065,612.0,953.0
2022-11-25 14:38:16.653065,613.0,953.0
2022-11-25 14:38:16.673066,614.0,952.0
2022-11-25 14:38:16.783479,615.0,952.0
2022-11-25 14:38:16.802911,616.0,952.0
2022-11-25 14:38:16.823582,617.0,952.0
2022-11-25 14:38:16.833580,618.0,952.0
2022-11-25 14:38:16.844366,619.0,951.0
2022-11-25 14:38:16.863885,620.0,951.0
2022-11-25 14:38:16.874884,620.0,950.0
2022-11-25 14:38:16.903573,621.0,950.0
2022-11-25 14:38:16.913482,622.0,949.0
2022-11-25 14:38:16.923422,623.0,949.0
2022-11-25 14:38:16.932455,624.0,948.0
2022-11-25 14:38:16.943730,626.0,946.0
2022-11-25 14:38:16.953222,628.0,945.0
2022-11-25 14:38:16.963776,629.0,945.0
2022-11-25 14:38:16.972294,630.0,944.0
2022-11-25 14:38:16.983726,631.0,943.0
2022-11-25 14:38:17.022275,632.0,943.0
2022-11-25 14:38:17.125029,632.0,942.0
2022-11-25 14:38:17.143463,633.0,942.0
2022-11-25 14:38:17.375537,634.0,942.0
2022-11-25 14:38:17.385537,635.0,942.0
2022-11-25 14:38:17.394776,636.0,942.0
2022-11-25 14:38:17.404534,637.0,941.0
2022-11-25 14:38:17.416099,639.0,941.0
2022-11-25 14:38:17.425069,640.0,941.0
2022-11-25 14:38:17.435070,642.0,941.0
2022-11-25 14:38:17.455099,644.0,940.0
2022-11-25 14:38:17.515959,645.0,939.0
2022-11-25 14:38:17.524026,646.0,939.0
2022-11-25 14:38:17.534308,647.0,939.0
2022-11-25 14:38:17.545207,649.0,938.0
2022-11-25 14:38:17.555906,650.0,938.0
2022-11-25 14:38:17.565910,651.0,937.0
2022-11-25 14:38:17.596905,652.0,937.0
2022-11-25 14:38:17.938089,653.0,936.0
2022-11-25 14:38:17.987092,654.0,936.0
2022-11-25 14:38:18.007791,655.0,936.0
2022-11-25 14:38:18.017830,656.0,936.0
2022-11-25 14:38:18.068032,657.0,936.0
2022-11-25 14:38:18.077032,658.0,936.0
2022-11-25 14:38:18.099032,659.0,937.0
2022-11-25 14:38:18.109032,660.0,937.0
2022-11-25 14:38:18.138858,661.0,937.0
2022-11-25 14:38:18.158858,663.0,938.0
2022-11-25 14:38:18.168859,664.0,938.0
2022-11-25 14:38:18.178858,665.0,938.0
2022-11-25 14:38:18.198869,666.0,938.0
2022-11-25 14:38:18.217859,667.0,938.0
2022-11-25 14:38:18.228857,668.0,938.0
2022-11-25 14:38:18.238858,669.0,938.0
2022-11-25 14:38:18.248866,670.0,939.0
2022-11-25 14:38:18.269870,671.0,939.0
2022-11-25 14:38:18.279874,672.0,939.0
2022-11-25 14:38:18.309862,675.0,940.0
2022-11-25 14:38:18.338858,676.0,941.0
2022-11-25 14:38:18.349858,678.0,942.0
2022-11-25 14:38:18.359872,679.0,942.0
2022-11-25 14:38:18.369867,680.0,942.0
2022-11-25 14:38:18.378857,681.0,942.0
2022-11-25 14:38:18.388860,682.0,942.0
2022-11-25 14:38:18.399858,683.0,942.0
2022-11-25 14:38:18.409858,684.0,942.0
2022-11-25 14:38:18.428858,685.0,943.0
2022-11-25 14:38:18.449858,687.0,943.0
2022-11-25 14:38:18.459872,688.0,944.0
2022-11-25 14:38:18.468860,689.0,944.0
2022-11-25 14:38:18.489864,690.0,944.0
2022-11-25 14:38:18.508875,692.0,944.0
2022-11-25 14:38:18.529391,693.0,944.0
2022-11-25 14:38:18.539398,694.0,944.0
2022-11-25 14:38:18.560718,695.0,944.0
2022-11-25 14:38:18.569720,696.0,944.0
2022-11-25 14:38:18.589717,697.0,944.0
2022-11-25 14:38:18.599717,698.0,944.0
2022-11-25 14:38:18.610717,700.0,944.0
2022-11-25 14:38:18.620717,701.0,944.0
2022-11-25 14:38:18.630717,702.0,944.0
2022-11-25 14:38:18.650717,703.0,944.0
2022-11-25 14:38:18.660718,704.0,945.0
2022-11-25 14:38:18.670718,705.0,945.0
2022-11-25 14:38:18.679718,706.0,946.0
2022-11-25 14:38:18.690717,707.0,946.0
2022-11-25 14:38:18.700718,708.0,946.0
2022-11-25 14:38:18.710717,708.0,947.0
2022-11-25 14:38:18.719717,709.0,947.0
2022-11-25 14:38:18.729717,710.0,948.0
2022-11-25 14:38:18.740717,712.0,948.0
2022-11-25 14:38:18.750717,713.0,949.0
2022-11-25 14:38:18.760717,714.0,949.0
2022-11-25 14:38:18.770717,715.0,951.0
2022-11-25 14:38:18.781717,716.0,951.0
2022-11-25 14:38:18.801718,719.0,952.0
2022-11-25 14:38:18.821717,721.0,953.0
2022-11-25 14:38:18.831717,722.0,954.0
2022-11-25 14:38:18.861730,723.0,954.0
2022-11-25 14:38:18.890731,724.0,954.0
2022-11-25 14:38:18.911732,725.0,954.0
2022-11-25 14:38:18.930730,725.0,955.0
2022-11-25 14:38:18.971731,726.0,955.0
2022-11-25 14:38:19.001747,727.0,955.0
2022-11-25 14:38:19.011730,728.0,955.0
2022-11-25 14:38:19.041730,729.0,955.0
2022-11-25 14:38:19.051730,730.0,956.0
2022-11-25 14:38:19.070730,731.0,956.0
2022-11-25 14:38:19.091730,732.0,956.0
2022-11-25 14:38:19.111731,734.0,957.0
2022-11-25 14:38:19.142730,735.0,957.0
2022-11-25 14:38:19.162730,736.0,957.0
2022-11-25 14:38:19.182730,737.0,957.0
2022-11-25 14:38:19.202731,738.0,957.0
2022-11-25 14:38:19.212730,739.0,957.0
2022-11-25 14:38:19.232731,739.0,958.0
2022-11-25 14:38:19.252730,740.0,958.0
2022-11-25 14:38:19.272731,741.0,958.0
2022-11-25 14:38:19.282730,742.0,958.0
2022-11-25 14:38:19.293733,743.0,958.0
2022-11-25 14:38:19.303730,744.0,958.0
2022-11-25 14:38:19.322882,745.0,958.0
2022-11-25 14:38:19.333883,746.0,958.0
2022-11-25 14:38:19.343883,747.0,958.0
2022-11-25 14:38:19.353883,748.0,958.0
2022-11-25 14:38:19.362883,749.0,958.0
2022-11-25 14:38:19.373884,750.0,958.0
2022-11-25 14:38:19.382914,751.0,958.0
2022-11-25 14:38:19.393535,752.0,958.0
2022-11-25 14:38:19.402535,752.0,959.0
2022-11-25 14:38:19.412821,753.0,959.0
2022-11-25 14:38:19.423386,754.0,959.0
2022-11-25 14:38:19.442596,755.0,959.0
2022-11-25 14:38:19.452933,756.0,960.0
2022-11-25 14:38:19.463226,757.0,960.0
2022-11-25 14:38:19.473257,758.0,960.0
2022-11-25 14:38:19.483557,759.0,960.0
2022-11-25 14:38:19.492901,760.0,960.0
2022-11-25 14:38:19.503778,761.0,960.0
2022-11-25 14:38:19.523486,762.0,960.0
2022-11-25 14:38:19.544861,763.0,960.0
2022-11-25 14:38:19.553139,764.0,960.0
2022-11-25 14:38:19.614069,765.0,960.0
2022-11-25 14:38:19.674562,766.0,960.0
2022-11-25 14:38:19.684615,767.0,960.0
2022-11-25 14:38:19.703248,768.0,960.0
2022-11-25 14:38:19.715643,769.0,960.0
2022-11-25 14:38:19.724669,770.0,960.0
2022-11-25 14:38:19.735002,772.0,960.0
2022-11-25 14:38:19.743002,773.0,960.0
2022-11-25 14:38:19.754486,774.0,960.0
2022-11-25 14:38:19.764079,775.0,960.0
2022-11-25 14:38:19.774411,777.0,959.0
2022-11-25 14:38:19.784383,780.0,958.0
2022-11-25 14:38:19.796525,783.0,957.0
2022-11-25 14:38:19.805538,786.0,956.0
2022-11-25 14:38:19.815565,788.0,955.0
2022-11-25 14:38:19.825346,790.0,954.0
2022-11-25 14:38:19.905281,791.0,954.0
2022-11-25 14:38:19.914283,792.0,954.0
2022-11-25 14:38:20.196773,792.0,953.0
2022-11-25 14:38:20.206290,793.0,953.0
2022-11-25 14:38:20.215164,794.0,953.0
2022-11-25 14:38:20.227242,795.0,953.0
2022-11-25 14:38:20.236310,798.0,952.0
2022-11-25 14:38:20.246421,800.0,951.0
2022-11-25 14:38:20.255129,801.0,950.0
2022-11-25 14:38:20.266158,803.0,949.0
2022-11-25 14:38:20.597002,804.0,948.0
2022-11-25 14:38:20.607269,805.0,948.0
2022-11-25 14:38:20.627552,806.0,948.0
2022-11-25 14:38:20.637841,807.0,948.0
2022-11-25 14:38:20.648175,809.0,947.0
2022-11-25 14:38:20.658177,811.0,947.0
2022-11-25 14:38:20.680324,813.0,947.0
2022-11-25 14:38:20.698455,815.0,947.0
2022-11-25 14:38:20.708745,816.0,947.0
2022-11-25 14:38:20.718788,817.0,947.0
2022-11-25 14:38:20.727140,818.0,947.0
2022-11-25 14:38:20.738493,819.0,947.0
2022-11-25 14:38:20.748077,820.0,947.0
2022-11-25 14:38:20.758900,821.0,947.0
2022-11-25 14:38:20.767735,823.0,946.0
2022-11-25 14:38:20.778039,826.0,946.0
2022-11-25 14:38:20.789046,829.0,946.0
2022-11-25 14:38:20.798346,831.0,945.0
2022-11-25 14:38:20.808373,837.0,944.0
2022-11-25 14:38:20.819418,840.0,943.0
2022-11-25 14:38:20.829250,842.0,943.0
2022-11-25 14:38:20.839522,844.0,942.0
2022-11-25 14:38:20.851139,845.0,942.0
2022-11-25 14:38:21.271237,846.0,942.0
2022-11-25 14:38:21.290367,847.0,942.0
2022-11-25 14:38:21.371520,848.0,942.0
2022-11-25 14:38:21.591340,849.0,942.0
2022-11-25 14:38:21.611824,850.0,942.0
2022-11-25 14:38:21.631491,851.0,942.0
2022-11-25 14:38:21.651427,853.0,942.0
2022-11-25 14:38:21.672384,854.0,942.0
2022-11-25 14:38:21.782741,855.0,942.0
2022-11-25 14:38:21.791144,856.0,942.0
2022-11-25 14:38:21.812346,857.0,942.0
2022-11-25 14:38:21.832355,858.0,942.0
2022-11-25 14:38:21.853127,859.0,942.0
2022-11-25 14:38:21.863395,860.0,942.0
2022-11-25 14:38:21.872853,861.0,942.0
2022-11-25 14:38:21.883887,864.0,943.0
2022-11-25 14:38:21.893232,865.0,943.0
2022-11-25 14:38:21.903644,866.0,943.0
2022-11-25 14:38:21.913181,868.0,943.0
2022-11-25 14:38:21.933958,870.0,943.0
2022-11-25 14:38:21.942995,873.0,943.0
2022-11-25 14:38:21.953559,875.0,943.0
2022-11-25 14:38:21.963065,877.0,943.0
2022-11-25 14:38:21.973410,880.0,943.0
2022-11-25 14:38:21.983479,881.0,943.0
2022-11-25 14:38:21.993446,883.0,943.0
2022-11-25 14:38:22.001904,885.0,943.0
2022-11-25 14:38:22.013826,886.0,943.0
2022-11-25 14:38:22.023148,887.0,943.0
2022-11-25 14:38:22.043896,888.0,943.0
2022-11-25 14:38:22.053437,890.0,943.0
2022-11-25 14:38:22.063713,891.0,943.0
2022-11-25 14:38:22.083626,894.0,943.0
2022-11-25 14:38:22.095047,896.0,943.0
2022-11-25 14:38:22.104075,897.0,943.0
2022-11-25 14:38:22.113075,898.0,943.0
2022-11-25 14:38:22.143981,899.0,943.0
2022-11-25 14:38:22.153009,900.0,943.0
2022-11-25 14:38:22.163259,901.0,943.0
2022-11-25 14:38:22.264930,902.0,943.0
2022-11-25 14:38:22.295056,903.0,943.0
2022-11-25 14:38:22.324316,905.0,943.0
2022-11-25 14:38:22.334314,906.0,943.0
2022-11-25 14:38:22.346324,907.0,943.0
2022-11-25 14:38:22.355314,908.0,943.0
2022-11-25 14:38:22.365550,910.0,943.0
2022-11-25 14:38:22.385550,911.0,942.0
2022-11-25 14:38:22.445465,912.0,942.0
2022-11-25 14:38:22.455466,913.0,942.0
2022-11-25 14:38:22.466466,914.0,941.0
2022-11-25 14:38:22.475466,915.0,941.0
2022-11-25 14:38:22.575766,916.0,941.0
2022-11-25 14:38:22.585932,916.0,940.0
2022-11-25 14:38:22.605558,917.0,940.0
2022-11-25 14:38:22.797428,918.0,939.0
2022-11-25 14:38:22.997824,919.0,939.0
2022-11-25 14:38:23.026701,920.0,939.0
2022-11-25 14:38:23.037730,921.0,939.0
2022-11-25 14:38:23.047776,923.0,939.0
2022-11-25 14:38:23.057856,924.0,939.0
2022-11-25 14:38:23.067893,927.0,938.0
2022-11-25 14:38:23.076984,928.0,938.0
2022-11-25 14:38:23.087806,929.0,938.0
2022-11-25 14:38:23.116934,930.0,938.0
2022-11-25 14:38:23.127972,931.0,938.0
2022-11-25 14:38:23.137077,932.0,938.0
2022-11-25 14:38:23.147237,933.0,938.0
2022-11-25 14:38:23.197666,935.0,938.0
2022-11-25 14:38:23.209010,936.0,938.0
2022-11-25 14:38:23.228349,937.0,937.0
2022-11-25 14:38:23.238284,938.0,937.0
2022-11-25 14:38:23.248529,940.0,937.0
2022-11-25 14:38:23.268820,941.0,937.0
2022-11-25 14:38:23.287359,942.0,937.0
2022-11-25 14:38:23.298357,943.0,937.0
2022-11-25 14:38:23.308593,944.0,936.0
2022-11-25 14:38:23.318885,945.0,936.0
2022-11-25 14:38:23.327886,947.0,935.0
2022-11-25 14:38:23.338226,948.0,934.0
2022-11-25 14:38:23.348497,951.0,934.0
2022-11-25 14:38:23.358468,952.0,933.0
2022-11-25 14:38:23.498515,953.0,933.0
2022-11-25 14:38:23.519839,954.0,932.0
2022-11-25 14:38:23.538082,955.0,931.0
2022-11-25 14:38:23.549082,956.0,930.0
2022-11-25 14:38:23.561088,957.0,929.0
2022-11-25 14:38:23.569439,958.0,928.0
2022-11-25 14:38:23.590668,959.0,927.0
2022-11-25 14:38:23.609707,961.0,926.0
2022-11-25 14:38:23.830223,961.0,925.0
2022-11-25 14:38:23.850223,961.0,924.0
2022-11-25 14:38:23.860223,962.0,924.0
2022-11-25 14:38:23.870227,963.0,923.0
2022-11-25 14:38:23.880223,964.0,922.0
2022-11-25 14:38:23.891223,965.0,919.0
2022-11-25 14:38:23.901223,967.0,917.0
2022-11-25 14:38:24.151398,967.0,916.0
2022-11-25 14:38:24.161399,968.0,916.0
2022-11-25 14:38:24.171406,970.0,915.0
2022-11-25 14:38:24.182328,971.0,914.0
2022-11-25 14:38:24.191392,974.0,914.0
2022-11-25 14:38:24.201406,976.0,913.0
2022-11-25 14:38:24.342549,977.0,912.0
2022-11-25 14:38:24.362557,978.0,912.0
2022-11-25 14:38:24.372848,980.0,912.0
2022-11-25 14:38:24.383484,981.0,911.0
2022-11-25 14:38:24.392821,982.0,911.0
2022-11-25 14:38:24.534114,982.0,910.0
2022-11-25 14:38:24.623759,983.0,910.0
2022-11-25 14:38:24.703617,983.0,909.0
2022-11-25 14:38:24.764250,983.0,908.0
2022-11-25 14:38:24.804531,983.0,907.0
2022-11-25 14:38:24.815080,983.0,906.0
2022-11-25 14:38:24.834406,983.0,905.0
2022-11-25 14:38:24.863948,983.0,903.0
2022-11-25 14:38:24.915842,983.0,901.0
2022-11-25 14:38:24.935142,983.0,900.0
2022-11-25 14:38:25.025837,983.0,899.0
2022-11-25 14:38:25.115927,983.0,898.0
2022-11-25 14:38:25.165187,983.0,897.0
2022-11-25 14:38:25.256301,983.0,896.0
2022-11-25 14:38:25.276220,984.0,895.0
2022-11-25 14:38:25.286249,985.0,894.0
2022-11-25 14:38:25.296241,985.0,893.0
2022-11-25 14:38:25.316734,986.0,892.0
2022-11-25 14:38:25.497770,986.0,891.0
2022-11-25 14:38:25.507769,987.0,890.0
2022-11-25 14:38:25.518157,987.0,889.0
2022-11-25 14:38:25.538007,987.0,887.0
2022-11-25 14:38:25.577897,987.0,886.0
2022-11-25 14:38:25.586152,987.0,885.0
2022-11-25 14:38:25.617878,987.0,884.0
2022-11-25 14:38:25.637334,987.0,883.0
2022-11-25 14:38:25.647144,987.0,882.0
2022-11-25 14:38:25.677446,987.0,881.0
2022-11-25 14:38:25.687378,987.0,880.0
2022-11-25 14:38:25.697383,987.0,879.0
2022-11-25 14:38:25.716298,987.0,878.0
2022-11-25 14:38:25.727571,987.0,877.0
2022-11-25 14:38:25.747696,987.0,875.0
2022-11-25 14:38:25.757657,987.0,874.0
2022-11-25 14:38:25.768691,987.0,873.0
2022-11-25 14:38:25.778768,987.0,871.0
2022-11-25 14:38:25.788543,987.0,870.0
2022-11-25 14:38:25.818314,987.0,869.0
2022-11-25 14:38:25.829507,987.0,868.0
2022-11-25 14:38:25.838403,987.0,867.0
2022-11-25 14:38:25.848479,987.0,866.0
2022-11-25 14:38:25.858478,987.0,865.0
2022-11-25 14:38:25.868478,987.0,864.0
2022-11-25 14:38:25.878590,987.0,862.0
2022-11-25 14:38:25.887660,987.0,860.0
2022-11-25 14:38:25.898324,987.0,858.0
2022-11-25 14:38:25.910569,987.0,857.0
2022-11-25 14:38:25.918898,987.0,855.0
2022-11-25 14:38:25.928936,987.0,854.0
2022-11-25 14:38:26.079277,987.0,853.0
2022-11-25 14:38:26.089311,988.0,853.0
2022-11-25 14:38:26.109185,988.0,852.0
2022-11-25 14:38:26.119293,988.0,851.0
2022-11-25 14:38:26.129333,988.0,850.0
2022-11-25 14:38:26.139329,988.0,849.0
2022-11-25 14:38:26.160354,989.0,847.0
2022-11-25 14:38:26.169238,989.0,846.0
2022-11-25 14:38:26.190564,989.0,845.0
2022-11-25 14:38:26.209158,989.0,844.0
2022-11-25 14:38:26.219553,989.0,843.0
2022-11-25 14:38:26.249770,989.0,842.0
2022-11-25 14:38:26.269424,989.0,841.0
2022-11-25 14:38:26.290613,989.0,840.0
2022-11-25 14:38:26.391142,989.0,839.0
2022-11-25 14:38:26.410635,989.0,838.0
2022-11-25 14:38:26.420215,989.0,837.0
2022-11-25 14:38:26.440426,989.0,836.0
2022-11-25 14:38:26.451691,989.0,835.0
2022-11-25 14:38:26.461948,989.0,834.0
2022-11-25 14:38:26.471423,989.0,833.0
2022-11-25 14:38:26.481446,989.0,832.0
2022-11-25 14:38:26.491301,989.0,831.0
2022-11-25 14:38:26.504633,989.0,830.0
2022-11-25 14:38:26.511632,989.0,829.0
2022-11-25 14:38:26.522012,989.0,828.0
2022-11-25 14:38:26.532054,989.0,827.0
2022-11-25 14:38:26.541053,989.0,826.0
2022-11-25 14:38:26.551276,989.0,824.0
2022-11-25 14:38:26.561612,989.0,823.0
2022-11-25 14:38:26.569992,989.0,822.0
2022-11-25 14:38:26.581959,989.0,821.0
2022-11-25 14:38:26.592877,989.0,819.0
2022-11-25 14:38:26.610719,989.0,818.0
2022-11-25 14:38:26.621032,989.0,817.0
2022-11-25 14:38:26.641562,989.0,816.0
2022-11-25 14:38:26.671671,989.0,815.0
2022-11-25 14:38:26.681716,989.0,814.0
2022-11-25 14:38:26.701810,989.0,813.0
2022-11-25 14:38:26.721952,989.0,812.0
2022-11-25 14:38:26.731962,989.0,811.0
2022-11-25 14:38:26.739992,989.0,810.0
2022-11-25 14:38:26.751080,990.0,809.0
2022-11-25 14:38:26.761324,990.0,808.0
2022-11-25 14:38:26.771324,990.0,807.0
2022-11-25 14:38:26.792556,990.0,806.0
2022-11-25 14:38:26.812530,990.0,805.0
2022-11-25 14:38:26.832481,990.0,804.0
2022-11-25 14:38:26.852369,990.0,803.0
2022-11-25 14:38:26.862619,990.0,802.0
2022-11-25 14:38:26.872315,990.0,801.0
2022-11-25 14:38:26.882642,990.0,800.0
2022-11-25 14:38:26.902746,990.0,799.0
2022-11-25 14:38:26.911083,990.0,797.0
2022-11-25 14:38:26.922410,990.0,796.0
2022-11-25 14:38:26.932321,990.0,795.0
2022-11-25 14:38:26.962869,990.0,794.0
2022-11-25 14:38:26.973720,990.0,793.0
2022-11-25 14:38:26.983777,990.0,792.0
2022-11-25 14:38:26.993789,990.0,791.0
2022-11-25 14:38:27.013269,990.0,790.0
2022-11-25 14:38:27.023331,990.0,789.0
2022-11-25 14:38:27.033331,990.0,788.0
2022-11-25 14:38:27.044326,990.0,786.0
2022-11-25 14:38:27.053325,990.0,784.0
2022-11-25 14:38:27.063365,990.0,783.0
2022-11-25 14:38:27.073393,990.0,780.0
2022-11-25 14:38:27.082759,990.0,778.0
2022-11-25 14:38:27.093853,990.0,777.0
2022-11-25 14:38:27.102845,990.0,776.0
2022-11-25 14:38:27.113902,990.0,775.0
2022-11-25 14:38:27.132948,990.0,774.0
2022-11-25 14:38:27.143641,990.0,773.0
2022-11-25 14:38:27.153681,990.0,772.0
2022-11-25 14:38:27.163085,990.0,771.0
2022-11-25 14:38:27.173384,990.0,770.0
2022-11-25 14:38:27.185595,990.0,769.0
2022-11-25 14:38:27.193567,990.0,768.0
2022-11-25 14:38:27.203436,990.0,767.0
2022-11-25 14:38:27.212880,990.0,766.0
2022-11-25 14:38:27.223321,990.0,765.0
2022-11-25 14:38:27.233558,990.0,764.0
2022-11-25 14:38:27.243886,990.0,763.0
2022-11-25 14:38:27.252883,990.0,762.0
2022-11-25 14:38:27.263334,990.0,761.0
2022-11-25 14:38:27.315270,990.0,760.0
2022-11-25 14:38:27.334876,990.0,759.0
2022-11-25 14:38:27.354937,990.0,758.0
2022-11-25 14:38:27.364022,990.0,757.0
2022-11-25 14:38:27.374410,990.0,756.0
2022-11-25 14:38:27.385026,990.0,755.0
2022-11-25 14:38:27.394942,990.0,754.0
2022-11-25 14:38:27.405017,990.0,753.0
2022-11-25 14:38:27.424501,990.0,752.0
2022-11-25 14:38:27.434624,990.0,751.0
2022-11-25 14:38:27.445018,990.0,750.0
2022-11-25 14:38:27.454223,990.0,749.0
2022-11-25 14:38:27.464512,990.0,748.0
2022-11-25 14:38:27.475578,990.0,747.0
2022-11-25 14:38:27.485844,990.0,746.0
2022-11-25 14:38:27.505851,990.0,745.0
2022-11-25 14:38:27.515173,990.0,744.0
2022-11-25 14:38:27.525370,990.0,743.0
2022-11-25 14:38:27.545063,990.0,742.0
2022-11-25 14:38:27.556288,990.0,741.0
2022-11-25 14:38:27.565321,989.0,740.0
2022-11-25 14:38:27.586014,989.0,738.0
2022-11-25 14:38:27.595357,989.0,737.0
2022-11-25 14:38:27.605326,989.0,734.0
2022-11-25 14:38:27.615606,989.0,733.0
2022-11-25 14:38:27.625908,988.0,731.0
2022-11-25 14:38:27.634946,988.0,729.0
2022-11-25 14:38:27.645330,987.0,728.0
2022-11-25 14:38:27.655765,987.0,725.0
2022-11-25 14:38:27.666312,987.0,724.0
2022-11-25 14:38:27.685475,987.0,721.0
2022-11-25 14:38:27.697475,987.0,720.0
2022-11-25 14:38:27.705226,987.0,718.0
2022-11-25 14:38:27.725294,987.0,716.0
2022-11-25 14:38:27.735119,986.0,714.0
2022-11-25 14:38:27.745655,986.0,713.0
2022-11-25 14:38:27.755875,986.0,712.0
2022-11-25 14:38:27.765916,986.0,711.0
2022-11-25 14:38:27.785507,985.0,710.0
2022-11-25 14:38:27.816337,985.0,709.0
2022-11-25 14:38:27.836349,985.0,708.0
2022-11-25 14:38:27.866835,985.0,707.0
2022-11-25 14:38:27.906323,985.0,706.0
2022-11-25 14:38:27.926989,985.0,705.0
2022-11-25 14:38:27.936360,985.0,704.0
2022-11-25 14:38:27.946632,985.0,703.0
2022-11-25 14:38:27.997273,985.0,702.0
2022-11-25 14:38:28.227441,985.0,701.0
2022-11-25 14:38:28.247440,985.0,700.0
2022-11-25 14:38:28.267440,985.0,699.0
2022-11-25 14:38:28.277440,985.0,698.0
2022-11-25 14:38:28.358751,985.0,697.0
2022-11-25 14:38:28.418131,985.0,696.0
2022-11-25 14:38:28.448188,985.0,695.0
2022-11-25 14:38:28.478162,985.0,694.0
2022-11-25 14:38:28.488379,985.0,693.0
2022-11-25 14:38:28.519261,985.0,692.0
2022-11-25 14:38:28.529278,985.0,690.0
2022-11-25 14:38:28.599800,985.0,689.0
2022-11-25 14:38:28.639800,985.0,688.0
2022-11-25 14:38:28.658814,985.0,686.0
2022-11-25 14:38:28.679800,985.0,685.0
2022-11-25 14:38:28.689799,985.0,684.0
2022-11-25 14:38:28.699802,985.0,683.0
2022-11-25 14:38:28.709808,985.0,682.0
2022-11-25 14:38:28.739852,985.0,681.0
2022-11-25 14:38:28.760089,985.0,680.0
2022-11-25 14:38:28.769900,985.0,679.0
2022-11-25 14:38:28.789860,985.0,678.0
2022-11-25 14:38:28.799112,985.0,676.0
2022-11-25 14:38:28.809938,985.0,675.0
2022-11-25 14:38:28.819312,986.0,675.0
2022-11-25 14:38:28.829323,986.0,674.0
2022-11-25 14:38:28.841079,986.0,673.0
2022-11-25 14:38:28.850390,986.0,672.0
2022-11-25 14:38:28.860421,987.0,671.0
2022-11-25 14:38:28.870739,987.0,669.0
2022-11-25 14:38:28.890728,987.0,668.0
2022-11-25 14:38:28.910256,988.0,666.0
2022-11-25 14:38:28.930233,989.0,665.0
2022-11-25 14:38:28.940477,989.0,664.0
2022-11-25 14:38:28.950514,989.0,663.0
2022-11-25 14:38:28.970523,990.0,663.0
2022-11-25 14:38:28.990458,990.0,662.0
2022-11-25 14:38:29.001475,990.0,661.0
2022-11-25 14:38:29.021849,991.0,660.0
2022-11-25 14:38:29.051448,992.0,659.0
2022-11-25 14:38:29.121664,993.0,658.0
2022-11-25 14:38:29.161243,993.0,657.0
2022-11-25 14:38:29.181358,993.0,656.0
2022-11-25 14:38:29.191653,993.0,655.0
2022-11-25 14:38:29.221746,993.0,654.0
2022-11-25 14:38:29.241715,993.0,653.0
2022-11-25 14:38:29.251726,993.0,652.0
2022-11-25 14:38:29.261173,993.0,650.0
2022-11-25 14:38:29.271719,993.0,649.0
2022-11-25 14:38:29.281709,993.0,647.0
2022-11-25 14:38:29.291919,993.0,644.0
2022-11-25 14:38:29.302050,993.0,643.0
2022-11-25 14:38:29.311015,993.0,641.0
2022-11-25 14:38:29.321171,993.0,639.0
2022-11-25 14:38:29.331245,993.0,636.0
2022-11-25 14:38:29.341288,992.0,634.0
2022-11-25 14:38:29.352261,992.0,633.0
2022-11-25 14:38:29.362500,992.0,630.0
2022-11-25 14:38:29.372531,992.0,629.0
2022-11-25 14:38:29.382022,991.0,628.0
2022-11-25 14:38:29.392191,991.0,626.0
2022-11-25 14:38:29.402573,991.0,625.0
2022-11-25 14:38:29.412320,990.0,624.0
2022-11-25 14:38:29.423063,989.0,622.0
2022-11-25 14:38:29.432015,989.0,621.0
2022-11-25 14:38:29.444062,989.0,620.0
2022-11-25 14:38:29.452226,989.0,619.0
2022-11-25 14:38:29.462452,987.0,617.0
2022-11-25 14:38:29.482652,987.0,616.0
2022-11-25 14:38:29.633946,986.0,615.0
2022-11-25 14:38:29.673480,986.0,614.0
2022-11-25 14:38:29.703336,985.0,614.0
2022-11-25 14:38:29.743369,984.0,614.0
2022-11-25 14:38:29.753749,984.0,613.0
2022-11-25 14:38:29.772851,983.0,613.0
2022-11-25 14:38:29.793559,982.0,613.0
2022-11-25 14:38:29.813528,981.0,613.0
2022-11-25 14:38:29.843574,980.0,613.0
2022-11-25 14:38:29.854589,978.0,612.0
2022-11-25 14:38:29.894308,977.0,612.0
2022-11-25 14:38:29.904538,976.0,612.0
2022-11-25 14:38:29.914544,975.0,611.0
2022-11-25 14:38:29.935029,974.0,611.0
2022-11-25 14:38:29.964554,973.0,611.0
2022-11-25 14:38:29.984898,972.0,611.0
2022-11-25 14:38:29.994888,971.0,611.0
2022-11-25 14:38:30.014307,970.0,611.0
2022-11-25 14:38:30.025537,969.0,611.0
2022-11-25 14:38:30.065365,968.0,611.0
2022-11-25 14:38:30.085167,967.0,610.0
2022-11-25 14:38:30.095737,966.0,610.0
2022-11-25 14:38:30.105374,965.0,610.0
2022-11-25 14:38:30.115862,964.0,610.0
2022-11-25 14:38:30.125056,961.0,609.0
2022-11-25 14:38:30.135383,959.0,609.0
2022-11-25 14:38:30.145390,958.0,609.0
2022-11-25 14:38:30.155370,957.0,608.0
2022-11-25 14:38:30.165792,956.0,608.0
2022-11-25 14:38:30.175929,954.0,608.0
2022-11-25 14:38:30.185909,952.0,608.0
2022-11-25 14:38:30.195794,951.0,608.0
2022-11-25 14:38:30.205729,950.0,608.0
2022-11-25 14:38:30.215479,949.0,608.0
2022-11-25 14:38:30.225528,947.0,608.0
2022-11-25 14:38:30.235595,946.0,608.0
2022-11-25 14:38:30.245893,945.0,608.0
2022-11-25 14:38:30.254967,944.0,608.0
2022-11-25 14:38:30.265310,942.0,608.0
2022-11-25 14:38:30.275350,942.0,607.0
2022-11-25 14:38:30.285678,941.0,607.0
2022-11-25 14:38:30.295802,940.0,607.0
2022-11-25 14:38:30.305794,939.0,607.0
2022-11-25 14:38:30.315714,938.0,607.0
2022-11-25 14:38:30.325635,936.0,607.0
2022-11-25 14:38:30.335711,936.0,606.0
2022-11-25 14:38:30.345734,935.0,606.0
2022-11-25 14:38:30.366332,934.0,606.0
2022-11-25 14:38:30.376475,933.0,606.0
2022-11-25 14:38:30.396792,932.0,606.0
2022-11-25 14:38:30.406856,930.0,605.0
2022-11-25 14:38:30.416939,929.0,605.0
2022-11-25 14:38:30.426218,928.0,604.0
2022-11-25 14:38:30.436216,927.0,604.0
2022-11-25 14:38:30.446310,925.0,604.0
2022-11-25 14:38:30.456490,925.0,603.0
2022-11-25 14:38:30.466333,924.0,603.0
2022-11-25 14:38:30.476317,923.0,603.0
2022-11-25 14:38:30.486397,922.0,603.0
2022-11-25 14:38:30.497397,921.0,602.0
2022-11-25 14:38:30.506409,920.0,602.0
2022-11-25 14:38:30.516477,919.0,602.0
2022-11-25 14:38:30.526487,917.0,601.0
2022-11-25 14:38:30.537131,916.0,600.0
2022-11-25 14:38:30.547391,915.0,600.0
2022-11-25 14:38:30.567423,912.0,599.0
2022-11-25 14:38:30.587221,911.0,598.0
2022-11-25 14:38:30.597224,909.0,597.0
2022-11-25 14:38:30.607567,908.0,597.0
2022-11-25 14:38:30.617150,907.0,596.0
2022-11-25 14:38:30.627140,906.0,596.0
2022-11-25 14:38:30.638358,905.0,596.0
2022-11-25 14:38:30.667206,904.0,596.0
2022-11-25 14:38:30.687183,903.0,596.0
2022-11-25 14:38:30.728066,902.0,595.0
2022-11-25 14:38:30.747471,901.0,594.0
2022-11-25 14:38:30.767313,900.0,593.0
2022-11-25 14:38:30.787629,899.0,592.0
2022-11-25 14:38:30.807151,898.0,591.0
2022-11-25 14:38:30.827171,897.0,590.0
2022-11-25 14:38:30.847412,896.0,589.0
2022-11-25 14:38:30.867292,895.0,588.0
2022-11-25 14:38:30.878367,894.0,587.0
2022-11-25 14:38:30.888405,893.0,586.0
2022-11-25 14:38:30.908485,892.0,585.0
2022-11-25 14:38:30.918555,891.0,584.0
2022-11-25 14:38:30.978714,890.0,583.0
2022-11-25 14:38:31.008191,889.0,582.0
2022-11-25 14:38:31.029256,888.0,581.0
2022-11-25 14:38:31.038458,887.0,580.0
2022-11-25 14:38:31.049066,887.0,579.0
2022-11-25 14:38:31.059110,886.0,578.0
2022-11-25 14:38:31.069406,885.0,577.0
2022-11-25 14:38:31.079414,885.0,576.0
2022-11-25 14:38:31.089487,884.0,575.0
2022-11-25 14:38:31.099741,883.0,574.0
2022-11-25 14:38:31.109772,882.0,573.0
2022-11-25 14:38:31.119670,881.0,572.0
2022-11-25 14:38:31.129892,880.0,570.0
2022-11-25 14:38:31.139925,879.0,569.0
2022-11-25 14:38:31.149985,878.0,568.0
2022-11-25 14:38:31.159312,876.0,566.0
2022-11-25 14:38:31.169600,875.0,565.0
2022-11-25 14:38:31.179635,874.0,564.0
2022-11-25 14:38:31.189931,873.0,563.0
2022-11-25 14:38:31.199259,870.0,560.0
2022-11-25 14:38:31.210219,869.0,558.0
2022-11-25 14:38:31.220006,867.0,557.0
2022-11-25 14:38:31.229292,866.0,555.0
2022-11-25 14:38:31.239259,864.0,554.0
2022-11-25 14:38:31.249422,863.0,552.0
2022-11-25 14:38:31.260645,863.0,551.0
2022-11-25 14:38:31.269687,862.0,550.0
2022-11-25 14:38:31.279915,862.0,549.0
2022-11-25 14:38:31.289619,860.0,547.0
2022-11-25 14:38:31.309849,859.0,546.0
2022-11-25 14:38:31.319140,859.0,545.0
2022-11-25 14:38:31.470248,858.0,544.0
2022-11-25 14:38:31.550227,858.0,543.0
2022-11-25 14:38:31.681314,858.0,542.0
2022-11-25 14:38:31.701556,858.0,541.0
2022-11-25 14:38:31.711875,857.0,541.0
2022-11-25 14:38:31.781530,857.0,540.0
2022-11-25 14:38:31.791569,857.0,539.0
2022-11-25 14:38:31.831256,857.0,538.0
2022-11-25 14:38:31.841283,857.0,537.0
2022-11-25 14:38:31.871582,857.0,536.0
2022-11-25 14:38:31.901932,857.0,535.0
2022-11-25 14:38:31.922542,857.0,534.0
2022-11-25 14:38:31.932313,857.0,533.0
2022-11-25 14:38:31.944253,857.0,532.0
2022-11-25 14:38:31.952283,857.0,531.0
2022-11-25 14:38:31.962026,857.0,530.0
2022-11-25 14:38:31.972251,857.0,529.0
2022-11-25 14:38:31.992792,857.0,526.0
2022-11-25 14:38:32.002064,857.0,524.0
2022-11-25 14:38:32.012095,857.0,523.0
2022-11-25 14:38:32.022176,857.0,522.0
2022-11-25 14:38:32.032464,857.0,521.0
2022-11-25 14:38:32.042307,857.0,518.0
2022-11-25 14:38:32.062922,857.0,517.0
2022-11-25 14:38:32.073996,857.0,515.0
2022-11-25 14:38:32.083025,857.0,514.0
2022-11-25 14:38:32.103392,857.0,512.0
2022-11-25 14:38:32.114401,857.0,511.0
2022-11-25 14:38:32.133435,857.0,510.0
2022-11-25 14:38:32.143728,857.0,509.0
2022-11-25 14:38:32.153790,857.0,508.0
2022-11-25 14:38:32.173170,857.0,507.0
2022-11-25 14:38:32.183129,857.0,504.0
2022-11-25 14:38:32.195100,857.0,503.0
2022-11-25 14:38:32.203096,858.0,501.0
2022-11-25 14:38:32.213126,858.0,499.0
2022-11-25 14:38:32.223460,858.0,495.0
2022-11-25 14:38:32.232875,858.0,494.0
2022-11-25 14:38:32.243283,858.0,491.0
2022-11-25 14:38:32.253532,858.0,490.0
2022-11-25 14:38:32.262870,858.0,489.0
2022-11-25 14:38:32.284903,858.0,486.0
2022-11-25 14:38:32.292943,858.0,484.0
2022-11-25 14:38:32.313176,858.0,483.0
2022-11-25 14:38:32.323431,858.0,482.0
2022-11-25 14:38:32.333977,858.0,481.0
2022-11-25 14:38:32.353515,858.0,480.0
2022-11-25 14:38:32.363542,858.0,479.0
2022-11-25 14:38:32.383344,858.0,478.0
2022-11-25 14:38:32.393820,858.0,477.0
2022-11-25 14:38:32.403783,858.0,476.0
2022-11-25 14:38:32.424184,858.0,475.0
2022-11-25 14:38:32.444036,858.0,474.0
2022-11-25 14:38:32.475144,858.0,473.0
2022-11-25 14:38:32.494128,858.0,472.0
2022-11-25 14:38:32.504975,858.0,471.0
2022-11-25 14:38:32.514407,858.0,470.0
2022-11-25 14:38:32.534490,858.0,469.0
2022-11-25 14:38:32.544812,858.0,468.0
2022-11-25 14:38:32.553821,859.0,467.0
2022-11-25 14:38:32.564335,859.0,465.0
2022-11-25 14:38:32.585681,859.0,463.0
2022-11-25 14:38:32.605743,859.0,462.0
2022-11-25 14:38:32.615697,859.0,461.0
2022-11-25 14:38:32.627008,859.0,460.0
2022-11-25 14:38:32.635288,859.0,459.0
2022-11-25 14:38:32.645286,859.0,458.0
2022-11-25 14:38:32.655229,859.0,457.0
2022-11-25 14:38:32.665952,859.0,456.0
2022-11-25 14:38:32.685989,859.0,455.0
2022-11-25 14:38:32.695856,859.0,453.0
2022-11-25 14:38:32.715764,859.0,452.0
2022-11-25 14:38:32.735759,859.0,451.0
2022-11-25 14:38:32.745759,859.0,450.0
2022-11-25 14:38:32.755759,859.0,448.0
2022-11-25 14:38:32.765759,859.0,447.0
2022-11-25 14:38:32.775759,859.0,446.0
2022-11-25 14:38:32.785759,859.0,445.0
2022-11-25 14:38:32.796760,859.0,444.0
2022-11-25 14:38:32.815759,859.0,442.0
2022-11-25 14:38:32.825760,859.0,441.0
2022-11-25 14:38:32.835760,859.0,440.0
2022-11-25 14:38:32.845760,859.0,439.0
2022-11-25 14:38:32.875770,859.0,436.0
2022-11-25 14:38:32.905223,859.0,433.0
2022-11-25 14:38:32.915437,859.0,432.0
2022-11-25 14:38:32.926224,859.0,431.0
2022-11-25 14:38:32.936223,859.0,430.0
2022-11-25 14:38:32.956224,859.0,429.0
2022-11-25 14:38:32.967223,859.0,428.0
2022-11-25 14:38:32.976223,859.0,427.0
2022-11-25 14:38:32.996224,859.0,426.0
2022-11-25 14:38:33.006224,859.0,425.0
2022-11-25 14:38:33.016223,859.0,424.0
2022-11-25 14:38:33.037374,859.0,423.0
2022-11-25 14:38:33.046333,859.0,422.0
2022-11-25 14:38:33.056334,859.0,421.0
2022-11-25 14:38:33.066333,859.0,420.0
2022-11-25 14:38:33.086333,859.0,419.0
2022-11-25 14:38:33.107333,859.0,418.0
2022-11-25 14:38:33.117333,859.0,417.0
2022-11-25 14:38:33.138333,859.0,416.0
2022-11-25 14:38:33.147333,859.0,415.0
2022-11-25 14:38:33.157334,859.0,414.0
2022-11-25 14:38:33.167333,859.0,413.0
2022-11-25 14:38:33.187271,859.0,412.0
2022-11-25 14:38:33.227304,859.0,411.0
2022-11-25 14:38:33.287256,859.0,410.0
2022-11-25 14:38:33.308151,859.0,409.0
2022-11-25 14:38:33.348603,859.0,408.0
2022-11-25 14:38:33.357731,859.0,407.0
2022-11-25 14:38:33.387076,859.0,406.0
2022-11-25 14:38:33.397473,858.0,404.0
2022-11-25 14:38:33.407545,858.0,402.0
2022-11-25 14:38:33.417620,858.0,401.0
2022-11-25 14:38:33.427627,858.0,399.0
2022-11-25 14:38:33.438524,858.0,398.0
2022-11-25 14:38:33.458599,858.0,396.0
2022-11-25 14:38:33.488787,858.0,395.0
2022-11-25 14:38:33.519084,857.0,394.0
2022-11-25 14:38:33.558431,857.0,393.0
2022-11-25 14:38:33.578432,857.0,392.0
2022-11-25 14:38:33.588433,856.0,391.0
2022-11-25 14:38:33.598433,856.0,390.0
2022-11-25 14:38:33.609433,856.0,389.0
2022-11-25 14:38:33.619433,856.0,388.0
2022-11-25 14:38:33.629433,856.0,387.0
2022-11-25 14:38:33.639629,855.0,386.0
2022-11-25 14:38:33.650645,855.0,384.0
2022-11-25 14:38:33.659161,855.0,383.0
2022-11-25 14:38:33.669440,854.0,381.0
2022-11-25 14:38:33.679472,854.0,378.0
2022-11-25 14:38:33.690416,853.0,376.0
2022-11-25 14:38:33.699399,852.0,372.0
2022-11-25 14:38:33.709409,852.0,371.0
2022-11-25 14:38:33.719366,852.0,369.0
2022-11-25 14:38:33.729719,852.0,367.0
2022-11-25 14:38:33.739942,851.0,364.0
2022-11-25 14:38:33.748964,851.0,363.0
2022-11-25 14:38:33.759246,849.0,360.0
2022-11-25 14:38:33.769470,849.0,357.0
2022-11-25 14:38:33.779471,848.0,354.0
2022-11-25 14:38:33.789792,848.0,352.0
2022-11-25 14:38:33.799224,848.0,351.0
2022-11-25 14:38:33.809308,848.0,349.0
2022-11-25 14:38:33.820194,848.0,347.0
2022-11-25 14:38:33.829481,848.0,346.0
2022-11-25 14:38:33.839052,848.0,345.0
2022-11-25 14:38:33.849843,848.0,343.0
2022-11-25 14:38:33.860794,848.0,341.0
2022-11-25 14:38:33.869648,848.0,340.0
2022-11-25 14:38:33.879200,848.0,339.0
2022-11-25 14:38:33.889064,848.0,338.0
2022-11-25 14:38:33.899457,848.0,337.0
2022-11-25 14:38:33.909493,848.0,336.0
2022-11-25 14:38:33.929528,848.0,333.0
2022-11-25 14:38:33.939583,847.0,332.0
2022-11-25 14:38:33.950915,847.0,329.0
2022-11-25 14:38:33.960825,847.0,328.0
2022-11-25 14:38:33.970950,847.0,327.0
2022-11-25 14:38:33.980743,847.0,326.0
2022-11-25 14:38:33.991811,847.0,324.0
2022-11-25 14:38:34.000891,847.0,323.0
2022-11-25 14:38:34.010947,847.0,322.0
2022-11-25 14:38:34.020048,847.0,321.0
2022-11-25 14:38:34.031386,847.0,320.0
2022-11-25 14:38:34.050583,846.0,317.0
2022-11-25 14:38:34.060522,845.0,315.0
2022-11-25 14:38:34.070571,845.0,314.0
2022-11-25 14:38:34.080742,845.0,313.0
2022-11-25 14:38:34.090089,845.0,310.0
2022-11-25 14:38:34.100131,845.0,308.0
2022-11-25 14:38:34.110437,845.0,307.0
2022-11-25 14:38:34.121831,845.0,305.0
2022-11-25 14:38:34.131719,845.0,304.0
2022-11-25 14:38:34.151532,845.0,303.0
2022-11-25 14:38:34.162931,845.0,300.0
2022-11-25 14:38:34.170999,845.0,299.0
2022-11-25 14:38:34.191643,845.0,298.0
2022-11-25 14:38:34.202852,845.0,296.0
2022-11-25 14:38:34.211220,845.0,295.0
2022-11-25 14:38:34.221536,845.0,294.0
2022-11-25 14:38:34.231591,844.0,292.0
2022-11-25 14:38:34.241896,844.0,290.0
2022-11-25 14:38:34.251268,844.0,289.0
2022-11-25 14:38:34.261267,844.0,288.0
2022-11-25 14:38:34.271678,844.0,287.0
2022-11-25 14:38:34.281990,844.0,286.0
2022-11-25 14:38:34.291064,844.0,283.0
2022-11-25 14:38:34.301870,843.0,282.0
2022-11-25 14:38:34.311687,843.0,280.0
2022-11-25 14:38:34.321145,843.0,279.0
2022-11-25 14:38:34.332781,843.0,276.0
2022-11-25 14:38:34.343391,843.0,274.0
2022-11-25 14:38:34.351740,843.0,271.0
2022-11-25 14:38:34.361830,843.0,266.0
2022-11-25 14:38:34.373327,843.0,264.0
2022-11-25 14:38:34.381363,842.0,261.0
2022-11-25 14:38:34.391409,842.0,258.0
2022-11-25 14:38:34.401090,842.0,254.0
2022-11-25 14:38:34.411133,842.0,250.0
2022-11-25 14:38:34.421133,842.0,247.0
2022-11-25 14:38:34.431204,842.0,245.0
2022-11-25 14:38:34.441242,842.0,241.0
2022-11-25 14:38:34.451155,842.0,240.0
2022-11-25 14:38:34.462125,842.0,237.0
2022-11-25 14:38:34.472516,842.0,236.0
2022-11-25 14:38:34.492796,842.0,234.0
2022-11-25 14:38:34.503635,841.0,231.0
2022-11-25 14:38:34.512093,841.0,230.0
2022-11-25 14:38:34.522115,841.0,229.0
2022-11-25 14:38:34.532385,841.0,228.0
2022-11-25 14:38:34.543597,840.0,227.0
2022-11-25 14:38:34.562572,840.0,226.0
2022-11-25 14:38:34.583219,840.0,224.0
2022-11-25 14:38:34.592243,840.0,223.0
2022-11-25 14:38:34.603548,840.0,222.0
2022-11-25 14:38:34.612815,840.0,221.0
2022-11-25 14:38:34.622251,840.0,220.0
2022-11-25 14:38:34.635030,840.0,219.0
2022-11-25 14:38:34.644029,840.0,218.0
2022-11-25 14:38:34.653031,840.0,217.0
2022-11-25 14:38:34.663686,839.0,216.0
2022-11-25 14:38:34.674220,839.0,215.0
2022-11-25 14:38:34.683221,839.0,213.0
2022-11-25 14:38:34.693248,839.0,212.0
2022-11-25 14:38:34.714543,839.0,210.0
2022-11-25 14:38:34.723261,839.0,207.0
2022-11-25 14:38:34.733162,839.0,206.0
2022-11-25 14:38:34.743687,839.0,205.0
2022-11-25 14:38:34.753959,839.0,203.0
2022-11-25 14:38:34.763228,839.0,202.0
2022-11-25 14:38:34.774547,839.0,201.0
2022-11-25 14:38:34.783592,838.0,198.0
2022-11-25 14:38:34.793018,838.0,197.0
2022-11-25 14:38:34.803445,837.0,195.0
2022-11-25 14:38:34.813986,837.0,194.0
2022-11-25 14:38:34.823309,837.0,193.0
2022-11-25 14:38:34.833438,837.0,191.0
2022-11-25 14:38:34.844449,837.0,189.0
2022-11-25 14:38:34.853530,837.0,188.0
2022-11-25 14:38:34.863695,837.0,187.0
2022-11-25 14:38:34.873636,836.0,186.0
2022-11-25 14:38:34.903759,836.0,185.0
2022-11-25 14:38:34.954063,836.0,184.0
2022-11-25 14:38:34.974298,836.0,183.0
2022-11-25 14:38:35.446000,836.0,182.0
2022-11-25 14:38:35.476256,836.0,181.0
2022-11-25 14:38:35.496471,837.0,179.0
2022-11-25 14:38:35.506739,837.0,178.0
2022-11-25 14:38:35.527829,837.0,177.0
2022-11-25 14:38:35.556277,837.0,176.0
2022-11-25 14:38:35.586201,837.0,175.0
2022-11-25 14:38:35.616383,837.0,174.0
2022-11-25 14:38:35.717444,837.0,173.0
2022-11-25 14:38:35.738367,838.0,172.0
2022-11-25 14:38:35.778461,838.0,171.0
2022-11-25 14:38:35.797209,838.0,170.0
2022-11-25 14:38:35.827295,839.0,169.0
2022-11-25 14:38:35.837291,839.0,168.0
2022-11-25 14:38:35.847370,840.0,168.0
2022-11-25 14:38:35.858256,840.0,167.0
2022-11-25 14:38:35.868258,842.0,166.0
2022-11-25 14:38:35.877340,843.0,165.0
2022-11-25 14:38:35.967401,844.0,163.0
2022-11-25 14:38:35.988768,844.0,162.0
2022-11-25 14:38:35.998588,844.0,160.0
2022-11-25 14:38:36.008189,844.0,159.0
2022-11-25 14:38:36.018430,845.0,159.0
2022-11-25 14:38:36.029433,845.0,158.0
2022-11-25 14:38:36.049055,846.0,157.0
2022-11-25 14:38:36.079700,846.0,156.0
2022-11-25 14:38:36.088945,846.0,155.0
2022-11-25 14:38:36.098240,847.0,155.0
2022-11-25 14:38:36.108493,847.0,154.0
2022-11-25 14:38:36.119861,848.0,153.0
2022-11-25 14:38:36.128883,849.0,151.0
2022-11-25 14:38:36.138144,850.0,150.0
2022-11-25 14:38:36.148373,851.0,147.0
2022-11-25 14:38:36.159413,852.0,145.0
2022-11-25 14:38:36.169933,854.0,143.0
2022-11-25 14:38:36.179232,855.0,141.0
2022-11-25 14:38:36.189263,855.0,139.0
2022-11-25 14:38:36.200536,855.0,138.0
2022-11-25 14:38:36.210343,855.0,137.0
2022-11-25 14:38:36.219384,855.0,135.0
2022-11-25 14:38:36.229350,856.0,135.0
2022-11-25 14:38:36.240681,856.0,134.0
2022-11-25 14:38:36.250186,856.0,133.0
2022-11-25 14:38:36.269260,856.0,132.0
2022-11-25 14:38:36.290300,857.0,129.0
2022-11-25 14:38:36.299387,857.0,128.0
2022-11-25 14:38:36.309392,857.0,127.0
2022-11-25 14:38:36.319422,858.0,126.0
2022-11-25 14:38:36.339563,858.0,125.0
2022-11-25 14:38:36.349603,858.0,124.0
2022-11-25 14:38:36.370449,858.0,123.0
2022-11-25 14:38:36.380772,859.0,122.0
2022-11-25 14:38:36.389492,859.0,121.0
2022-11-25 14:38:36.399473,861.0,118.0
2022-11-25 14:38:36.410657,861.0,117.0
2022-11-25 14:38:36.420694,861.0,116.0
2022-11-25 14:38:36.439374,862.0,115.0
2022-11-25 14:38:36.449385,862.0,113.0
2022-11-25 14:38:36.460640,863.0,113.0
2022-11-25 14:38:36.469875,863.0,112.0
2022-11-25 14:38:36.479299,863.0,111.0
2022-11-25 14:38:36.489634,863.0,110.0
2022-11-25 14:38:36.510178,864.0,109.0
2022-11-25 14:38:36.551154,864.0,108.0
2022-11-25 14:38:36.560436,865.0,107.0
2022-11-25 14:38:36.591883,866.0,106.0
2022-11-25 14:38:36.610623,867.0,106.0
2022-11-25 14:38:36.620389,868.0,105.0
2022-11-25 14:38:36.631515,868.0,104.0
2022-11-25 14:38:36.640814,869.0,103.0
2022-11-25 14:38:36.650877,870.0,103.0
2022-11-25 14:38:36.660863,871.0,102.0
2022-11-25 14:38:36.672011,872.0,100.0
2022-11-25 14:38:36.682092,873.0,100.0
2022-11-25 14:38:36.692092,875.0,98.0
2022-11-25 14:38:36.701297,878.0,97.0
2022-11-25 14:38:36.712510,882.0,94.0
2022-11-25 14:38:36.722476,883.0,94.0
2022-11-25 14:38:36.731754,884.0,93.0
2022-11-25 14:38:36.811535,886.0,93.0
2022-11-25 14:38:36.831587,887.0,92.0
2022-11-25 14:38:36.852198,888.0,92.0
2022-11-25 14:38:36.861476,890.0,91.0
2022-11-25 14:38:36.871511,891.0,91.0
2022-11-25 14:38:36.882572,892.0,90.0
2022-11-25 14:38:36.892520,894.0,89.0
2022-11-25 14:38:36.901520,895.0,89.0
2022-11-25 14:38:36.981859,895.0,88.0
2022-11-25 14:38:37.033015,896.0,88.0
2022-11-25 14:38:37.042287,898.0,88.0
2022-11-25 14:38:37.053844,898.0,87.0
2022-11-25 14:38:37.063883,899.0,87.0
2022-11-25 14:38:37.082533,900.0,86.0
2022-11-25 14:38:37.093473,901.0,86.0
2022-11-25 14:38:37.103907,901.0,85.0
2022-11-25 14:38:37.112838,902.0,85.0
2022-11-25 14:38:37.122914,903.0,85.0
2022-11-25 14:38:37.133365,904.0,85.0
2022-11-25 14:38:37.162434,905.0,85.0
2022-11-25 14:38:37.172438,906.0,85.0
2022-11-25 14:38:37.203337,907.0,85.0
2022-11-25 14:38:37.213824,908.0,85.0
2022-11-25 14:38:37.234852,909.0,85.0
2022-11-25 14:38:37.254820,910.0,85.0
2022-11-25 14:38:37.264935,911.0,85.0
2022-11-25 14:38:37.274697,912.0,85.0
2022-11-25 14:38:37.283811,914.0,85.0
2022-11-25 14:38:37.294773,916.0,85.0
2022-11-25 14:38:37.304855,918.0,85.0
2022-11-25 14:38:37.314136,921.0,84.0
2022-11-25 14:38:37.323063,923.0,84.0
2022-11-25 14:38:37.333034,925.0,84.0
2022-11-25 14:38:37.343259,926.0,84.0
2022-11-25 14:38:37.354455,927.0,84.0
2022-11-25 14:38:37.364367,928.0,84.0
2022-11-25 14:38:37.373347,930.0,84.0
2022-11-25 14:38:37.383347,931.0,84.0
2022-11-25 14:38:37.394720,932.0,84.0
2022-11-25 14:38:37.404075,933.0,84.0
2022-11-25 14:38:37.413096,934.0,83.0
2022-11-25 14:38:37.435091,935.0,83.0
2022-11-25 14:38:37.463372,936.0,83.0
2022-11-25 14:38:37.474563,937.0,83.0
2022-11-25 14:38:37.485003,938.0,83.0
2022-11-25 14:38:37.494008,939.0,83.0
2022-11-25 14:38:37.504040,940.0,83.0
2022-11-25 14:38:37.513591,941.0,83.0
2022-11-25 14:38:37.524559,942.0,83.0
2022-11-25 14:38:37.534627,943.0,83.0
2022-11-25 14:38:37.545041,945.0,83.0
2022-11-25 14:38:37.554483,946.0,83.0
2022-11-25 14:38:37.564455,947.0,83.0
2022-11-25 14:38:37.575354,951.0,83.0
2022-11-25 14:38:37.584964,952.0,83.0
2022-11-25 14:38:37.594256,953.0,83.0
2022-11-25 14:38:37.604317,955.0,83.0
2022-11-25 14:38:37.635080,957.0,83.0
2022-11-25 14:38:37.674511,958.0,83.0
2022-11-25 14:38:37.685271,959.0,83.0
2022-11-25 14:38:37.705723,960.0,83.0
2022-11-25 14:38:37.735749,961.0,83.0
2022-11-25 14:38:37.766749,962.0,83.0
2022-11-25 14:38:37.775748,963.0,83.0
2022-11-25 14:38:37.787006,964.0,83.0
2022-11-25 14:38:37.806007,965.0,83.0
2022-11-25 14:38:37.816007,968.0,83.0
2022-11-25 14:38:37.827006,969.0,82.0
2022-11-25 14:38:37.835006,973.0,82.0
2022-11-25 14:38:37.846006,975.0,82.0
2022-11-25 14:38:37.855006,979.0,81.0
2022-11-25 14:38:37.867006,982.0,81.0
2022-11-25 14:38:37.876007,984.0,81.0
2022-11-25 14:38:37.886008,987.0,81.0
2022-11-25 14:38:37.906009,988.0,81.0
2022-11-25 14:38:37.936007,990.0,81.0
2022-11-25 14:38:37.957006,991.0,81.0
2022-11-25 14:38:37.976006,992.0,81.0
2022-11-25 14:38:37.997006,994.0,81.0
2022-11-25 14:38:38.016007,996.0,81.0
2022-11-25 14:38:38.026007,997.0,81.0
2022-11-25 14:38:38.036007,997.0,80.0
2022-11-25 14:38:38.047006,1000.0,80.0
2022-11-25 14:38:38.056042,1001.0,80.0
2022-11-25 14:38:38.066047,1002.0,79.0
2022-11-25 14:38:38.076315,1003.0,79.0
2022-11-25 14:38:38.087338,1004.0,79.0
2022-11-25 14:38:38.096267,1006.0,79.0
2022-11-25 14:38:38.106576,1008.0,78.0
2022-11-25 14:38:38.116620,1009.0,78.0
2022-11-25 14:38:38.127964,1010.0,78.0
2022-11-25 14:38:38.136281,1012.0,76.0
2022-11-25 14:38:38.146469,1014.0,76.0
2022-11-25 14:38:38.156962,1016.0,76.0
2022-11-25 14:38:38.167295,1017.0,75.0
2022-11-25 14:38:38.176557,1020.0,75.0
2022-11-25 14:38:38.186621,1021.0,75.0
2022-11-25 14:38:38.196891,1022.0,74.0
2022-11-25 14:38:38.206852,1024.0,74.0
2022-11-25 14:38:38.217904,1025.0,74.0
2022-11-25 14:38:38.237444,1026.0,74.0
2022-11-25 14:38:38.247436,1027.0,74.0
2022-11-25 14:38:38.267241,1028.0,74.0
2022-11-25 14:38:38.278051,1029.0,74.0
2022-11-25 14:38:38.288093,1030.0,73.0
2022-11-25 14:38:38.298755,1031.0,73.0
2022-11-25 14:38:38.307391,1034.0,73.0
2022-11-25 14:38:38.317282,1035.0,73.0
2022-11-25 14:38:38.327130,1036.0,73.0
2022-11-25 14:38:38.338418,1039.0,72.0
2022-11-25 14:38:38.347122,1040.0,72.0
2022-11-25 14:38:38.357645,1041.0,72.0
2022-11-25 14:38:38.367528,1042.0,72.0
2022-11-25 14:38:38.387414,1043.0,71.0
2022-11-25 14:38:38.397454,1044.0,71.0
2022-11-25 14:38:38.418069,1045.0,71.0
2022-11-25 14:38:38.428117,1046.0,71.0
2022-11-25 14:38:38.438186,1047.0,70.0
2022-11-25 14:38:38.457441,1048.0,70.0
2022-11-25 14:38:38.469721,1049.0,70.0
2022-11-25 14:38:38.477757,1052.0,69.0
2022-11-25 14:38:38.487845,1053.0,69.0
2022-11-25 14:38:38.497911,1054.0,69.0
2022-11-25 14:38:38.508948,1056.0,69.0
2022-11-25 14:38:38.517034,1059.0,68.0
2022-11-25 14:38:38.527406,1060.0,68.0
2022-11-25 14:38:38.537902,1062.0,68.0
2022-11-25 14:38:38.558590,1063.0,68.0
2022-11-25 14:38:38.568201,1064.0,68.0
2022-11-25 14:38:38.578429,1065.0,68.0
2022-11-25 14:38:38.599677,1066.0,68.0
2022-11-25 14:38:38.609593,1069.0,67.0
2022-11-25 14:38:38.618929,1070.0,67.0
2022-11-25 14:38:38.628369,1073.0,66.0
2022-11-25 14:38:38.639369,1075.0,66.0
2022-11-25 14:38:38.648614,1078.0,65.0
2022-11-25 14:38:38.658364,1080.0,65.0
2022-11-25 14:38:38.668484,1085.0,63.0
2022-11-25 14:38:38.679407,1087.0,63.0
2022-11-25 14:38:38.688811,1088.0,62.0
2022-11-25 14:38:38.698383,1091.0,62.0
2022-11-25 14:38:38.708275,1093.0,61.0
2022-11-25 14:38:38.719506,1094.0,61.0
2022-11-25 14:38:38.729176,1095.0,61.0
2022-11-25 14:38:38.739491,1096.0,61.0
2022-11-25 14:38:38.749928,1097.0,61.0
2022-11-25 14:38:38.760015,1099.0,61.0
2022-11-25 14:38:38.770118,1100.0,61.0
2022-11-25 14:38:38.779196,1103.0,61.0
2022-11-25 14:38:38.789272,1104.0,61.0
2022-11-25 14:38:38.799524,1105.0,61.0
2022-11-25 14:38:38.811090,1108.0,61.0
2022-11-25 14:38:38.819044,1109.0,61.0
2022-11-25 14:38:38.830013,1111.0,61.0
2022-11-25 14:38:38.839117,1112.0,61.0
2022-11-25 14:38:38.851033,1113.0,61.0
2022-11-25 14:38:38.880083,1115.0,61.0
2022-11-25 14:38:38.890091,1116.0,61.0
2022-11-25 14:38:38.899164,1117.0,60.0
2022-11-25 14:38:38.919511,1118.0,60.0
2022-11-25 14:38:38.929767,1119.0,60.0
2022-11-25 14:38:38.969347,1120.0,60.0
2022-11-25 14:38:38.989640,1121.0,60.0
2022-11-25 14:38:38.999785,1122.0,60.0
2022-11-25 14:38:39.009837,1123.0,60.0
2022-11-25 14:38:39.020562,1125.0,60.0
2022-11-25 14:38:39.029857,1126.0,60.0
2022-11-25 14:38:39.049229,1127.0,60.0
2022-11-25 14:38:39.070463,1129.0,60.0
2022-11-25 14:38:39.080851,1131.0,59.0
2022-11-25 14:38:39.090874,1132.0,59.0
2022-11-25 14:38:39.100075,1133.0,59.0
2022-11-25 14:38:39.111341,1134.0,59.0
2022-11-25 14:38:39.120341,1135.0,58.0
2022-11-25 14:38:39.130585,1136.0,58.0
2022-11-25 14:38:39.140027,1137.0,58.0
2022-11-25 14:38:39.152027,1139.0,58.0
2022-11-25 14:38:39.160445,1140.0,58.0
2022-11-25 14:38:39.170957,1141.0,57.0
2022-11-25 14:38:39.191175,1142.0,57.0
2022-11-25 14:38:39.220511,1143.0,56.0
2022-11-25 14:38:39.271857,1144.0,56.0
2022-11-25 14:38:39.301918,1145.0,56.0
2022-11-25 14:38:39.322013,1146.0,56.0
2022-11-25 14:38:39.331684,1147.0,56.0
2022-11-25 14:38:39.381958,1148.0,55.0
2022-11-25 14:38:39.392005,1149.0,55.0
2022-11-25 14:38:39.403075,1150.0,55.0
2022-11-25 14:38:39.412054,1151.0,54.0
2022-11-25 14:38:39.421153,1152.0,54.0
2022-11-25 14:38:39.431103,1154.0,53.0
2022-11-25 14:38:39.441075,1155.0,53.0
2022-11-25 14:38:39.452083,1157.0,53.0
2022-11-25 14:38:39.642280,1157.0,52.0
2022-11-25 14:38:39.664024,1159.0,53.0
2022-11-25 14:38:39.703740,1159.0,54.0
2022-11-25 14:38:39.722376,1160.0,54.0
2022-11-25 14:38:39.732407,1160.0,55.0
2022-11-25 14:38:39.754020,1161.0,56.0
2022-11-25 14:38:39.763570,1162.0,57.0
2022-11-25 14:38:39.773506,1163.0,58.0
2022-11-25 14:38:39.784438,1164.0,59.0
2022-11-25 14:38:39.794973,1165.0,59.0
2022-11-25 14:38:39.803382,1166.0,59.0
2022-11-25 14:38:39.813713,1167.0,60.0
2022-11-25 14:38:39.834822,1168.0,60.0
2022-11-25 14:38:39.853843,1169.0,61.0
2022-11-25 14:38:39.864045,1171.0,61.0
2022-11-25 14:38:39.875005,1172.0,62.0
2022-11-25 14:38:39.883131,1174.0,63.0
2022-11-25 14:38:39.893052,1175.0,64.0
2022-11-25 14:38:39.903527,1177.0,66.0
2022-11-25 14:38:39.914343,1179.0,66.0
2022-11-25 14:38:39.923866,1180.0,67.0
2022-11-25 14:38:39.933420,1182.0,68.0
2022-11-25 14:38:39.943427,1185.0,69.0
2022-11-25 14:38:39.954517,1187.0,69.0
2022-11-25 14:38:39.973516,1188.0,70.0
2022-11-25 14:38:39.983495,1189.0,70.0
2022-11-25 14:38:39.994638,1189.0,71.0
2022-11-25 14:38:40.023260,1190.0,71.0
2022-11-25 14:38:40.044811,1193.0,72.0
2022-11-25 14:38:40.052829,1194.0,72.0
2022-11-25 14:38:40.063647,1195.0,73.0
2022-11-25 14:38:40.073718,1196.0,73.0
2022-11-25 14:38:40.084779,1197.0,73.0
2022-11-25 14:38:40.094859,1198.0,73.0
2022-11-25 14:38:40.105086,1199.0,75.0
2022-11-25 14:38:40.125201,1200.0,75.0
2022-11-25 14:38:40.135663,1201.0,75.0
2022-11-25 14:38:40.154947,1202.0,75.0
2022-11-25 14:38:40.184366,1203.0,75.0
2022-11-25 14:38:40.194936,1204.0,75.0
2022-11-25 14:38:40.225873,1206.0,75.0
2022-11-25 14:38:40.234909,1207.0,75.0
2022-11-25 14:38:40.265967,1208.0,75.0
2022-11-25 14:38:40.285257,1209.0,75.0
2022-11-25 14:38:40.296645,1210.0,75.0
2022-11-25 14:38:40.315157,1211.0,75.0
2022-11-25 14:38:40.335371,1212.0,75.0
2022-11-25 14:38:40.365669,1213.0,75.0
2022-11-25 14:38:40.386780,1214.0,75.0
2022-11-25 14:38:40.406070,1215.0,75.0
2022-11-25 14:38:40.415105,1216.0,75.0
2022-11-25 14:38:40.426683,1218.0,76.0
2022-11-25 14:38:40.445836,1219.0,76.0
2022-11-25 14:38:40.466975,1220.0,77.0
2022-11-25 14:38:40.476326,1221.0,77.0
2022-11-25 14:38:40.485604,1223.0,77.0
2022-11-25 14:38:40.496607,1224.0,77.0
2022-11-25 14:38:40.505623,1226.0,77.0
2022-11-25 14:38:40.525813,1227.0,78.0
2022-11-25 14:38:40.535858,1229.0,78.0
2022-11-25 14:38:40.545113,1230.0,78.0
2022-11-25 14:38:40.556925,1232.0,79.0
2022-11-25 14:38:40.565930,1234.0,79.0
2022-11-25 14:38:40.575222,1237.0,79.0
2022-11-25 14:38:40.585651,1240.0,80.0
2022-11-25 14:38:40.596659,1243.0,80.0
2022-11-25 14:38:40.606045,1248.0,81.0
2022-11-25 14:38:40.616578,1249.0,81.0
2022-11-25 14:38:40.627585,1250.0,81.0
2022-11-25 14:38:40.637813,1252.0,81.0
2022-11-25 14:38:40.656284,1253.0,81.0
2022-11-25 14:38:40.696391,1254.0,82.0
2022-11-25 14:38:40.716370,1255.0,82.0
2022-11-25 14:38:40.736314,1256.0,82.0
2022-11-25 14:38:40.777311,1256.0,83.0
2022-11-25 14:38:40.818954,1257.0,83.0
2022-11-25 14:38:40.847803,1258.0,84.0
2022-11-25 14:38:40.859600,1259.0,86.0
2022-11-25 14:38:40.877933,1260.0,87.0
2022-11-25 14:38:40.887068,1261.0,88.0
2022-11-25 14:38:40.898144,1261.0,89.0
2022-11-25 14:38:40.907243,1263.0,90.0
2022-11-25 14:38:40.927286,1263.0,91.0
2022-11-25 14:38:40.938330,1264.0,92.0
2022-11-25 14:38:40.947401,1264.0,93.0
2022-11-25 14:38:40.967678,1265.0,94.0
2022-11-25 14:38:40.978716,1266.0,95.0
2022-11-25 14:38:40.988789,1266.0,96.0
2022-11-25 14:38:40.997848,1267.0,97.0
2022-11-25 14:38:41.006922,1267.0,98.0
2022-11-25 14:38:41.028942,1267.0,99.0
2022-11-25 14:38:41.048018,1268.0,100.0
2022-11-25 14:38:41.057355,1268.0,101.0
2022-11-25 14:38:41.068691,1269.0,102.0
2022-11-25 14:38:41.087074,1269.0,103.0
2022-11-25 14:38:41.108369,1270.0,105.0
2022-11-25 14:38:41.138677,1270.0,106.0
2022-11-25 14:38:41.149967,1271.0,107.0
2022-11-25 14:38:41.159303,1272.0,108.0
2022-11-25 14:38:41.188969,1272.0,109.0
2022-11-25 14:38:41.199280,1273.0,110.0
2022-11-25 14:38:41.218286,1274.0,111.0
2022-11-25 14:38:41.239917,1274.0,112.0
2022-11-25 14:38:41.248295,1275.0,113.0
2022-11-25 14:38:41.268259,1275.0,114.0
2022-11-25 14:38:41.299925,1276.0,115.0
2022-11-25 14:38:41.339724,1277.0,115.0
2022-11-25 14:38:41.390000,1277.0,116.0
2022-11-25 14:38:41.399744,1278.0,117.0
2022-11-25 14:38:41.450642,1278.0,118.0
2022-11-25 14:38:41.500991,1278.0,119.0
2022-11-25 14:38:41.510035,1279.0,120.0
2022-11-25 14:38:41.540655,1279.0,121.0
2022-11-25 14:38:41.569230,1280.0,122.0
2022-11-25 14:38:41.590050,1280.0,123.0
2022-11-25 14:38:41.609415,1280.0,124.0
2022-11-25 14:38:41.621679,1282.0,125.0
2022-11-25 14:38:41.640911,1282.0,127.0
2022-11-25 14:38:41.651020,1282.0,128.0
2022-11-25 14:38:41.661079,1283.0,129.0
2022-11-25 14:38:41.671151,1283.0,130.0
2022-11-25 14:38:41.680502,1283.0,131.0
2022-11-25 14:38:41.690505,1284.0,132.0
2022-11-25 14:38:41.700474,1285.0,133.0
2022-11-25 14:38:41.711915,1285.0,134.0
2022-11-25 14:38:41.721019,1286.0,135.0
2022-11-25 14:38:41.730438,1286.0,137.0
2022-11-25 14:38:41.740510,1287.0,138.0
2022-11-25 14:38:41.751911,1288.0,140.0
2022-11-25 14:38:41.762502,1289.0,141.0
2022-11-25 14:38:41.770758,1289.0,142.0
2022-11-25 14:38:41.779787,1289.0,143.0
2022-11-25 14:38:41.801746,1290.0,144.0
2022-11-25 14:38:41.811154,1290.0,145.0
2022-11-25 14:38:41.832142,1291.0,147.0
2022-11-25 14:38:41.872309,1293.0,149.0
2022-11-25 14:38:41.891386,1293.0,150.0
2022-11-25 14:38:41.922783,1293.0,151.0
2022-11-25 14:38:41.931144,1293.0,152.0
2022-11-25 14:38:41.941184,1294.0,152.0
2022-11-25 14:38:41.951212,1294.0,153.0
2022-11-25 14:38:41.981778,1294.0,154.0
2022-11-25 14:38:42.002725,1295.0,155.0
2022-11-25 14:38:42.012559,1295.0,156.0
2022-11-25 14:38:42.021941,1296.0,157.0
2022-11-25 14:38:42.031769,1297.0,158.0
2022-11-25 14:38:42.042085,1298.0,160.0
2022-11-25 14:38:42.052093,1299.0,161.0
2022-11-25 14:38:42.061472,1300.0,162.0
2022-11-25 14:38:42.071771,1301.0,163.0
2022-11-25 14:38:42.081797,1302.0,166.0
2022-11-25 14:38:42.091986,1303.0,167.0
2022-11-25 14:38:42.101213,1304.0,169.0
2022-11-25 14:38:42.111730,1304.0,170.0
2022-11-25 14:38:42.120975,1305.0,172.0
2022-11-25 14:38:42.132571,1307.0,174.0
2022-11-25 14:38:42.142082,1308.0,175.0
2022-11-25 14:38:42.152884,1308.0,178.0
2022-11-25 14:38:42.162697,1309.0,179.0
2022-11-25 14:38:42.173761,1309.0,180.0
2022-11-25 14:38:42.202609,1310.0,181.0
2022-11-25 14:38:42.213701,1311.0,182.0
2022-11-25 14:38:42.262959,1311.0,183.0
2022-11-25 14:38:42.303257,1311.0,184.0
2022-11-25 14:38:42.323730,1311.0,185.0
2022-11-25 14:38:42.344524,1311.0,186.0
2022-11-25 14:38:42.354606,1311.0,187.0
2022-11-25 14:38:42.384308,1311.0,188.0
2022-11-25 14:38:42.403386,1311.0,189.0
2022-11-25 14:38:42.415461,1311.0,190.0
2022-11-25 14:38:42.435089,1311.0,191.0
2022-11-25 14:38:42.453542,1311.0,192.0
2022-11-25 14:38:42.463612,1311.0,193.0
2022-11-25 14:38:42.483788,1311.0,194.0
2022-11-25 14:38:42.493241,1311.0,195.0
2022-11-25 14:38:42.503269,1311.0,196.0
2022-11-25 14:38:42.524414,1311.0,197.0
2022-11-25 14:38:42.533937,1311.0,198.0
2022-11-25 14:38:42.553432,1311.0,199.0
2022-11-25 14:38:42.564476,1311.0,201.0
2022-11-25 14:38:42.573770,1311.0,203.0
2022-11-25 14:38:42.582839,1311.0,204.0
2022-11-25 14:38:42.593282,1311.0,206.0
2022-11-25 14:38:42.604510,1311.0,208.0
2022-11-25 14:38:42.613550,1311.0,210.0
2022-11-25 14:38:42.623593,1311.0,212.0
2022-11-25 14:38:42.632983,1311.0,215.0
2022-11-25 14:38:42.644533,1311.0,217.0
2022-11-25 14:38:42.654074,1311.0,219.0
2022-11-25 14:38:42.664676,1311.0,221.0
2022-11-25 14:38:42.674458,1311.0,222.0
2022-11-25 14:38:42.685112,1311.0,223.0
2022-11-25 14:38:42.704969,1311.0,224.0
2022-11-25 14:38:42.856336,1311.0,226.0
2022-11-25 14:38:42.875726,1311.0,227.0
2022-11-25 14:38:42.896211,1311.0,228.0
2022-11-25 14:38:42.906213,1311.0,229.0
2022-11-25 14:38:42.934816,1311.0,230.0
2022-11-25 14:38:42.946383,1311.0,232.0
2022-11-25 14:38:42.955624,1311.0,233.0
2022-11-25 14:38:42.965633,1311.0,234.0
2022-11-25 14:38:42.975305,1311.0,236.0
2022-11-25 14:38:42.986507,1311.0,237.0
2022-11-25 14:38:42.995328,1311.0,239.0
2022-11-25 14:38:43.005328,1311.0,241.0
2022-11-25 14:38:43.015338,1311.0,243.0
2022-11-25 14:38:43.026433,1311.0,246.0
2022-11-25 14:38:43.036449,1311.0,247.0
2022-11-25 14:38:43.045759,1312.0,251.0
2022-11-25 14:38:43.055430,1312.0,252.0
2022-11-25 14:38:43.067430,1312.0,254.0
2022-11-25 14:38:43.076487,1312.0,256.0
2022-11-25 14:38:43.085599,1312.0,257.0
2022-11-25 14:38:43.095597,1312.0,259.0
2022-11-25 14:38:43.105662,1312.0,260.0
2022-11-25 14:38:43.116197,1313.0,261.0
2022-11-25 14:38:43.125493,1313.0,262.0
2022-11-25 14:38:43.145504,1313.0,263.0
2022-11-25 14:38:43.166742,1313.0,264.0
2022-11-25 14:38:43.186415,1314.0,265.0
2022-11-25 14:38:43.207700,1314.0,266.0
2022-11-25 14:38:43.217013,1314.0,267.0
2022-11-25 14:38:43.226244,1314.0,268.0
2022-11-25 14:38:43.237292,1314.0,269.0
2022-11-25 14:38:43.247175,1314.0,270.0
2022-11-25 14:38:43.266215,1314.0,271.0
2022-11-25 14:38:43.287508,1314.0,272.0
2022-11-25 14:38:43.296478,1314.0,273.0
2022-11-25 14:38:43.316356,1314.0,274.0
2022-11-25 14:38:43.327499,1315.0,275.0
2022-11-25 14:38:43.337784,1315.0,276.0
2022-11-25 14:38:43.347769,1315.0,277.0
2022-11-25 14:38:43.357860,1315.0,278.0
2022-11-25 14:38:43.368826,1315.0,279.0
2022-11-25 14:38:43.378781,1315.0,282.0
2022-11-25 14:38:43.387796,1317.0,283.0
2022-11-25 14:38:43.397952,1317.0,284.0
2022-11-25 14:38:43.408881,1317.0,287.0
2022-11-25 14:38:43.418821,1318.0,288.0
2022-11-25 14:38:43.427890,1319.0,290.0
2022-11-25 14:38:43.437800,1320.0,291.0
2022-11-25 14:38:43.447862,1320.0,293.0
2022-11-25 14:38:43.458987,1321.0,296.0
2022-11-25 14:38:43.467348,1322.0,300.0
2022-11-25 14:38:43.477423,1323.0,303.0
2022-11-25 14:38:43.487466,1325.0,309.0
2022-11-25 14:38:43.498539,1326.0,311.0
2022-11-25 14:38:43.507605,1327.0,313.0
2022-11-25 14:38:43.518586,1328.0,316.0
2022-11-25 14:38:43.527467,1329.0,319.0
2022-11-25 14:38:43.538902,1331.0,323.0
2022-11-25 14:38:43.548939,1331.0,325.0
2022-11-25 14:38:43.558007,1332.0,328.0
2022-11-25 14:38:43.567094,1332.0,330.0
2022-11-25 14:38:43.578296,1332.0,331.0
2022-11-25 14:38:43.588432,1334.0,332.0
2022-11-25 14:38:43.607598,1334.0,334.0
2022-11-25 14:38:43.617606,1334.0,335.0
2022-11-25 14:38:43.637709,1335.0,336.0
2022-11-25 14:38:43.647692,1335.0,337.0
2022-11-25 14:38:43.668332,1335.0,338.0
2022-11-25 14:38:43.698379,1335.0,339.0
2022-11-25 14:38:43.720742,1335.0,340.0
2022-11-25 14:38:43.920905,1335.0,341.0
2022-11-25 14:38:43.989924,1335.0,342.0
2022-11-25 14:38:44.010434,1335.0,343.0
2022-11-25 14:38:44.029622,1335.0,344.0
2022-11-25 14:38:44.039631,1335.0,345.0
2022-11-25 14:38:44.050376,1335.0,347.0
2022-11-25 14:38:44.060712,1335.0,348.0
2022-11-25 14:38:44.079627,1335.0,349.0
2022-11-25 14:38:44.100739,1335.0,350.0
2022-11-25 14:38:44.119767,1335.0,351.0
2022-11-25 14:38:44.159395,1335.0,353.0
2022-11-25 14:38:44.190920,1335.0,354.0
2022-11-25 14:38:44.251589,1335.0,355.0
2022-11-25 14:38:44.271904,1335.0,356.0
2022-11-25 14:38:44.290598,1335.0,357.0
2022-11-25 14:38:44.312042,1335.0,358.0
2022-11-25 14:38:44.330362,1335.0,359.0
2022-11-25 14:38:44.402902,1335.0,360.0
2022-11-25 14:38:44.432658,1335.0,361.0
2022-11-25 14:38:44.442175,1335.0,363.0
2022-11-25 14:38:44.452584,1335.0,364.0
2022-11-25 14:38:44.461643,1335.0,365.0
2022-11-25 14:38:44.472620,1335.0,366.0
2022-11-25 14:38:44.491540,1335.0,367.0
2022-11-25 14:38:44.501848,1335.0,368.0
2022-11-25 14:38:44.511848,1335.0,369.0
2022-11-25 14:38:44.522103,1335.0,370.0
2022-11-25 14:38:44.541389,1335.0,373.0
2022-11-25 14:38:44.551612,1335.0,375.0
2022-11-25 14:38:44.562416,1335.0,376.0
2022-11-25 14:38:44.572416,1335.0,377.0
2022-11-25 14:38:44.581416,1335.0,379.0
2022-11-25 14:38:44.591692,1335.0,380.0
2022-11-25 14:38:44.612412,1335.0,381.0
2022-11-25 14:38:44.621412,1335.0,383.0
2022-11-25 14:38:44.631412,1335.0,384.0
2022-11-25 14:38:44.654413,1335.0,386.0
2022-11-25 14:38:44.661414,1335.0,387.0
2022-11-25 14:38:44.681414,1335.0,389.0
2022-11-25 14:38:44.692414,1335.0,390.0
2022-11-25 14:38:44.702414,1335.0,392.0
2022-11-25 14:38:44.712413,1335.0,393.0
2022-11-25 14:38:44.722433,1335.0,395.0
2022-11-25 14:38:44.733642,1335.0,396.0
2022-11-25 14:38:44.744017,1335.0,397.0
2022-11-25 14:38:44.752938,1335.0,399.0
2022-11-25 14:38:44.762276,1335.0,400.0
2022-11-25 14:38:44.773277,1335.0,403.0
2022-11-25 14:38:44.783276,1335.0,405.0
2022-11-25 14:38:44.792277,1335.0,407.0
2022-11-25 14:38:44.802277,1335.0,410.0
2022-11-25 14:38:44.812164,1337.0,412.0
2022-11-25 14:38:44.823193,1337.0,417.0
2022-11-25 14:38:44.832194,1337.0,422.0
2022-11-25 14:38:44.842193,1338.0,426.0
2022-11-25 14:38:44.852193,1339.0,429.0
2022-11-25 14:38:44.863194,1340.0,434.0
2022-11-25 14:38:44.873164,1342.0,437.0
2022-11-25 14:38:44.883194,1342.0,442.0
2022-11-25 14:38:44.893620,1343.0,444.0
2022-11-25 14:38:44.904725,1343.0,447.0
2022-11-25 14:38:44.914745,1343.0,448.0
2022-11-25 14:38:44.922796,1344.0,450.0
2022-11-25 14:38:44.933534,1344.0,451.0
2022-11-25 14:38:44.954348,1344.0,452.0
2022-11-25 14:38:44.973377,1344.0,453.0
2022-11-25 14:38:45.012912,1344.0,454.0
2022-11-25 14:38:45.023596,1344.0,455.0
2022-11-25 14:38:45.043056,1345.0,456.0
2022-11-25 14:38:45.053495,1345.0,457.0
2022-11-25 14:38:45.062907,1345.0,458.0
2022-11-25 14:38:45.075102,1345.0,459.0
2022-11-25 14:38:45.103801,1346.0,460.0
2022-11-25 14:38:45.124470,1346.0,461.0
2022-11-25 14:38:45.135478,1346.0,462.0
2022-11-25 14:38:45.154953,1346.0,463.0
2022-11-25 14:38:45.173470,1347.0,464.0
2022-11-25 14:38:45.183736,1348.0,465.0
2022-11-25 14:38:45.193803,1348.0,466.0
2022-11-25 14:38:45.204908,1348.0,467.0
2022-11-25 14:38:45.214916,1348.0,469.0
2022-11-25 14:38:45.224137,1349.0,469.0
2022-11-25 14:38:45.234740,1349.0,470.0
2022-11-25 14:38:45.245960,1349.0,472.0
2022-11-25 14:38:45.255027,1349.0,473.0
2022-11-25 14:38:45.265034,1350.0,474.0
2022-11-25 14:38:45.274307,1350.0,475.0
2022-11-25 14:38:45.295226,1350.0,476.0
2022-11-25 14:38:45.304555,1350.0,477.0
2022-11-25 14:38:45.325722,1350.0,478.0
2022-11-25 14:38:45.354867,1350.0,479.0
2022-11-25 14:38:45.385690,1351.0,480.0
2022-11-25 14:38:45.426715,1351.0,481.0
2022-11-25 14:38:45.525736,1351.0,482.0
2022-11-25 14:38:45.575403,1351.0,483.0
2022-11-25 14:38:45.616113,1352.0,484.0
2022-11-25 14:38:45.645642,1352.0,485.0
2022-11-25 14:38:45.736441,1352.0,486.0
2022-11-25 14:38:45.776831,1352.0,487.0
2022-11-25 14:38:45.816187,1352.0,488.0
2022-11-25 14:38:45.837669,1352.0,489.0
2022-11-25 14:38:45.876934,1352.0,490.0
2022-11-25 14:38:45.887936,1352.0,491.0
2022-11-25 14:38:45.917563,1352.0,492.0
2022-11-25 14:38:45.957188,1352.0,493.0
2022-11-25 14:38:46.008463,1352.0,494.0
2022-11-25 14:38:46.018501,1353.0,495.0
2022-11-25 14:38:46.027503,1353.0,496.0
2022-11-25 14:38:46.037579,1353.0,497.0
2022-11-25 14:38:46.068017,1353.0,498.0
2022-11-25 14:38:46.077359,1353.0,499.0
2022-11-25 14:38:46.127285,1353.0,500.0
2022-11-25 14:38:46.138561,1353.0,501.0
2022-11-25 14:38:46.157216,1353.0,503.0
2022-11-25 14:38:46.188484,1353.0,505.0
2022-11-25 14:38:46.197422,1354.0,507.0
2022-11-25 14:38:46.207682,1354.0,508.0
2022-11-25 14:38:46.228139,1354.0,509.0
2022-11-25 14:38:46.238144,1354.0,511.0
2022-11-25 14:38:46.258461,1354.0,512.0
2022-11-25 14:38:46.269971,1354.0,513.0
2022-11-25 14:38:46.279790,1354.0,514.0
2022-11-25 14:38:46.309232,1354.0,515.0
2022-11-25 14:38:46.359997,1354.0,516.0
2022-11-25 14:38:46.378463,1354.0,517.0
2022-11-25 14:38:46.388492,1354.0,518.0
2022-11-25 14:38:46.409364,1354.0,519.0
2022-11-25 14:38:46.419362,1355.0,519.0
2022-11-25 14:38:46.429442,1355.0,520.0
2022-11-25 14:38:46.440481,1356.0,521.0
2022-11-25 14:38:46.450491,1357.0,524.0
2022-11-25 14:38:46.459302,1358.0,526.0
2022-11-25 14:38:46.469549,1359.0,529.0
2022-11-25 14:38:46.480553,1361.0,532.0
2022-11-25 14:38:46.490078,1362.0,535.0
2022-11-25 14:38:46.499462,1364.0,538.0
2022-11-25 14:38:46.509710,1364.0,539.0
2022-11-25 14:38:46.520422,1366.0,540.0
2022-11-25 14:38:46.719294,1366.0,542.0
2022-11-25 14:38:47.082511,1367.0,542.0
2022-11-25 14:38:47.123199,1368.0,543.0
2022-11-25 14:38:47.164516,1369.0,544.0
2022-11-25 14:38:47.192130,1370.0,544.0
2022-11-25 14:38:47.202575,1370.0,545.0
2022-11-25 14:38:47.212445,1370.0,546.0
2022-11-25 14:38:47.221471,1371.0,546.0
2022-11-25 14:38:47.231289,1371.0,547.0
2022-11-25 14:38:47.252785,1371.0,548.0
2022-11-25 14:38:47.262858,1372.0,548.0
2022-11-25 14:38:47.383499,1372.0,549.0
2022-11-25 14:38:47.423659,1373.0,550.0
2022-11-25 14:38:47.444598,1375.0,550.0
2022-11-25 14:38:47.453597,1376.0,550.0
2022-11-25 14:38:47.464908,1377.0,550.0
2022-11-25 14:38:47.483250,1378.0,550.0
2022-11-25 14:38:47.533487,1379.0,550.0
2022-11-25 14:38:47.563422,1380.0,550.0
2022-11-25 14:38:47.594891,1381.0,550.0
2022-11-25 14:38:47.654216,1382.0,550.0
2022-11-25 14:38:47.703374,1383.0,550.0
2022-11-25 14:38:47.885703,1384.0,550.0
2022-11-25 14:38:47.895809,1385.0,550.0
2022-11-25 14:38:47.926110,1387.0,550.0
2022-11-25 14:38:47.935109,1388.0,550.0
2022-11-25 14:38:47.955671,1389.0,550.0
2022-11-25 14:38:48.135553,1390.0,550.0
2022-11-25 14:38:48.165356,1391.0,550.0
2022-11-25 14:38:48.175581,1392.0,550.0
2022-11-25 14:38:48.186590,1393.0,550.0
2022-11-25 14:38:48.216868,1394.0,550.0
2022-11-25 14:38:48.276083,1395.0,550.0
2022-11-25 14:38:48.285866,1396.0,550.0
2022-11-25 14:38:48.306870,1397.0,550.0
2022-11-25 14:38:48.317621,1398.0,550.0
2022-11-25 14:38:48.327633,1399.0,550.0
2022-11-25 14:38:48.336407,1400.0,550.0
2022-11-25 14:38:48.357358,1401.0,550.0
2022-11-25 14:38:48.367255,1402.0,550.0
2022-11-25 14:38:48.407220,1403.0,550.0
2022-11-25 14:38:48.569038,1404.0,550.0
2022-11-25 14:38:48.578734,1405.0,550.0
2022-11-25 14:38:48.597746,1406.0,550.0
2022-11-25 14:38:48.618161,1407.0,550.0
2022-11-25 14:38:48.668300,1408.0,550.0
2022-11-25 14:38:48.677576,1408.0,551.0
2022-11-25 14:38:48.698830,1409.0,551.0
2022-11-25 14:38:48.708236,1410.0,552.0
2022-11-25 14:38:48.767359,1411.0,552.0
2022-11-25 14:38:48.778683,1412.0,553.0
2022-11-25 14:38:48.870099,1413.0,553.0
2022-11-25 14:38:48.969863,1414.0,553.0
2022-11-25 14:38:49.000640,1415.0,554.0
2022-11-25 14:38:49.019748,1416.0,554.0
2022-11-25 14:38:49.050561,1417.0,555.0
2022-11-25 14:38:49.069335,1418.0,555.0
2022-11-25 14:38:49.081669,1419.0,555.0
2022-11-25 14:38:49.090743,1420.0,555.0
2022-11-25 14:38:49.109517,1421.0,555.0
2022-11-25 14:38:49.130255,1422.0,555.0
2022-11-25 14:38:49.160475,1423.0,555.0
2022-11-25 14:38:49.170719,1424.0,555.0
2022-11-25 14:38:49.200167,1426.0,555.0
2022-11-25 14:38:49.229697,1428.0,555.0
2022-11-25 14:38:49.239956,1429.0,555.0
2022-11-25 14:38:49.250967,1430.0,555.0
2022-11-25 14:38:49.260738,1431.0,555.0
2022-11-25 14:38:49.270005,1433.0,555.0
2022-11-25 14:38:49.279035,1435.0,555.0
2022-11-25 14:38:49.291045,1436.0,555.0
2022-11-25 14:38:49.310042,1437.0,555.0
2022-11-25 14:38:49.320268,1438.0,554.0
2022-11-25 14:38:49.341824,1439.0,554.0
2022-11-25 14:38:49.381426,1440.0,554.0
2022-11-25 14:38:49.410273,1441.0,554.0
2022-11-25 14:38:49.431500,1442.0,554.0
2022-11-25 14:38:49.450801,1443.0,554.0
2022-11-25 14:38:49.502986,1444.0,554.0
2022-11-25 14:38:49.522996,1445.0,554.0
2022-11-25 14:38:49.553035,1446.0,555.0
2022-11-25 14:38:49.592592,1447.0,555.0
2022-11-25 14:38:49.611426,1448.0,556.0
2022-11-25 14:38:49.642427,1449.0,557.0
2022-11-25 14:38:49.672427,1451.0,557.0
2022-11-25 14:38:49.682427,1451.0,558.0
2022-11-25 14:38:49.701428,1452.0,559.0
2022-11-25 14:38:49.712426,1453.0,560.0
2022-11-25 14:38:49.722426,1454.0,561.0
2022-11-25 14:38:49.732427,1455.0,562.0
2022-11-25 14:38:49.741427,1456.0,563.0
2022-11-25 14:38:49.762428,1457.0,564.0
2022-11-25 14:38:49.772427,1458.0,565.0
2022-11-25 14:38:49.781427,1460.0,566.0
2022-11-25 14:38:49.802426,1461.0,568.0
2022-11-25 14:38:49.812427,1462.0,568.0
2022-11-25 14:38:49.822428,1463.0,569.0
2022-11-25 14:38:49.832457,1463.0,570.0
2022-11-25 14:38:49.843460,1464.0,571.0
2022-11-25 14:38:49.853458,1465.0,571.0
2022-11-25 14:38:49.863458,1466.0,572.0
2022-11-25 14:38:49.872457,1467.0,574.0
2022-11-25 14:38:49.883459,1468.0,575.0
2022-11-25 14:38:49.893431,1469.0,576.0
2022-11-25 14:38:49.903513,1471.0,577.0
2022-11-25 14:38:49.912796,1472.0,577.0
2022-11-25 14:38:49.922835,1473.0,578.0
2022-11-25 14:38:49.933387,1474.0,579.0
2022-11-25 14:38:49.943685,1476.0,580.0
2022-11-25 14:38:49.952320,1477.0,581.0
2022-11-25 14:38:49.962281,1478.0,581.0
2022-11-25 14:38:49.974107,1479.0,582.0
2022-11-25 14:38:49.983331,1481.0,583.0
2022-11-25 14:38:50.003532,1482.0,583.0
2022-11-25 14:38:50.014398,1483.0,583.0
2022-11-25 14:38:50.035061,1484.0,583.0
2022-11-25 14:38:50.054058,1485.0,583.0
2022-11-25 14:38:50.074527,1486.0,583.0
2022-11-25 14:38:50.094846,1487.0,583.0
2022-11-25 14:38:50.123727,1488.0,583.0
2022-11-25 14:38:50.133125,1489.0,583.0
2022-11-25 14:38:50.154129,1490.0,583.0
2022-11-25 14:38:50.163416,1492.0,583.0
2022-11-25 14:38:50.173694,1493.0,583.0
2022-11-25 14:38:50.194768,1494.0,583.0
2022-11-25 14:38:50.204814,1495.0,583.0
2022-11-25 14:38:50.212848,1496.0,583.0
2022-11-25 14:38:50.234316,1497.0,583.0
2022-11-25 14:38:50.264915,1498.0,583.0
2022-11-25 14:38:50.274486,1500.0,583.0
2022-11-25 14:38:50.284493,1501.0,583.0
2022-11-25 14:38:50.293536,1502.0,583.0
2022-11-25 14:38:50.303751,1504.0,583.0
2022-11-25 14:38:50.314782,1505.0,583.0
2022-11-25 14:38:50.324970,1506.0,583.0
2022-11-25 14:38:50.334119,1508.0,582.0
2022-11-25 14:38:50.344119,1510.0,582.0
2022-11-25 14:38:50.375913,1511.0,582.0
2022-11-25 14:38:50.395292,1512.0,582.0
2022-11-25 14:38:50.405260,1513.0,582.0
2022-11-25 14:38:50.415260,1514.0,582.0
2022-11-25 14:38:50.424537,1515.0,582.0
2022-11-25 14:38:50.435260,1516.0,582.0
2022-11-25 14:38:50.445260,1517.0,582.0
2022-11-25 14:38:50.464879,1518.0,582.0
2022-11-25 14:38:50.474498,1519.0,582.0
2022-11-25 14:38:50.495499,1520.0,582.0
2022-11-25 14:38:50.505498,1522.0,582.0
2022-11-25 14:38:50.515500,1524.0,582.0
2022-11-25 14:38:50.527506,1526.0,582.0
2022-11-25 14:38:50.536500,1528.0,582.0
2022-11-25 14:38:50.546500,1529.0,582.0
2022-11-25 14:38:50.566501,1530.0,582.0
2022-11-25 14:38:50.576538,1531.0,582.0
2022-11-25 14:38:50.595773,1534.0,582.0
2022-11-25 14:38:50.606842,1535.0,582.0
2022-11-25 14:38:50.626407,1536.0,582.0
2022-11-25 14:38:50.645641,1537.0,582.0
2022-11-25 14:38:50.656721,1538.0,582.0
2022-11-25 14:38:50.675394,1539.0,581.0
2022-11-25 14:38:50.685840,1541.0,581.0
2022-11-25 14:38:50.706087,1542.0,581.0
2022-11-25 14:38:50.716343,1543.0,581.0
2022-11-25 14:38:50.725343,1544.0,581.0
2022-11-25 14:38:50.736465,1545.0,580.0
2022-11-25 14:38:50.746464,1547.0,580.0
2022-11-25 14:38:50.756464,1548.0,579.0
2022-11-25 14:38:50.765773,1550.0,579.0
2022-11-25 14:38:50.776329,1551.0,579.0
2022-11-25 14:38:50.786444,1553.0,577.0
2022-11-25 14:38:50.796280,1556.0,577.0
2022-11-25 14:38:50.806588,1558.0,575.0
2022-11-25 14:38:50.815907,1560.0,575.0
2022-11-25 14:38:50.826487,1564.0,574.0
2022-11-25 14:38:50.837334,1566.0,573.0
2022-11-25 14:38:50.846801,1568.0,572.0
2022-11-25 14:38:50.868055,1571.0,572.0
2022-11-25 14:38:50.877363,1572.0,571.0
2022-11-25 14:38:50.907901,1573.0,571.0
2022-11-25 14:38:50.947459,1574.0,570.0
2022-11-25 14:38:50.957390,1576.0,570.0
2022-11-25 14:38:50.967410,1576.0,569.0
2022-11-25 14:38:50.977184,1578.0,568.0
2022-11-25 14:38:50.987533,1579.0,567.0
2022-11-25 14:38:50.997447,1580.0,567.0
2022-11-25 14:38:51.017460,1581.0,566.0
2022-11-25 14:38:51.298641,1582.0,566.0
2022-11-25 14:38:51.308619,1583.0,566.0
2022-11-25 14:38:51.317124,1585.0,566.0
2022-11-25 14:38:51.328137,1585.0,567.0
2022-11-25 14:38:51.348655,1587.0,567.0
2022-11-25 14:38:51.358655,1588.0,567.0
2022-11-25 14:38:51.369657,1591.0,568.0
2022-11-25 14:38:51.379709,1593.0,569.0
2022-11-25 14:38:51.389714,1596.0,571.0
2022-11-25 14:38:51.399655,1602.0,572.0
2022-11-25 14:38:51.408699,1610.0,576.0
2022-11-25 14:38:51.419704,1616.0,579.0
2022-11-25 14:38:51.429522,1628.0,585.0
2022-11-25 14:38:51.439993,1640.0,591.0
2022-11-25 14:38:51.448475,1646.0,594.0
2022-11-25 14:38:51.460698,1651.0,598.0
2022-11-25 14:38:51.469730,1654.0,599.0
2022-11-25 14:38:51.810319,1655.0,600.0
2022-11-25 14:38:51.840848,1656.0,600.0
2022-11-25 14:38:51.850133,1657.0,600.0
2022-11-25 14:38:51.860354,1660.0,600.0
2022-11-25 14:38:51.870621,1661.0,600.0
2022-11-25 14:38:51.881966,1662.0,600.0
2022-11-25 14:38:51.891992,1663.0,600.0
2022-11-25 14:38:51.901399,1664.0,600.0
2022-11-25 14:38:51.991956,1665.0,600.0
2022-11-25 14:38:52.000337,1666.0,600.0
2022-11-25 14:38:52.011457,1667.0,600.0
2022-11-25 14:38:52.021663,1668.0,600.0
2022-11-25 14:38:52.031716,1669.0,600.0
2022-11-25 14:38:52.142462,1671.0,600.0
2022-11-25 14:38:52.152477,1672.0,599.0
2022-11-25 14:38:52.162730,1674.0,598.0
2022-11-25 14:38:52.171742,1676.0,597.0
2022-11-25 14:38:52.182743,1677.0,597.0
2022-11-25 14:38:52.192743,1679.0,596.0
2022-11-25 14:38:52.202743,1681.0,594.0
2022-11-25 14:38:52.211742,1683.0,594.0
2022-11-25 14:38:52.221743,1684.0,594.0
2022-11-25 14:38:52.232742,1685.0,593.0
2022-11-25 14:38:52.242742,1686.0,593.0
2022-11-25 14:38:52.252743,1687.0,592.0
2022-11-25 14:38:52.261743,1689.0,592.0
2022-11-25 14:38:52.272743,1690.0,592.0
2022-11-25 14:38:52.282743,1691.0,591.0
2022-11-25 14:38:52.292743,1692.0,590.0
2022-11-25 14:38:52.302746,1695.0,589.0
2022-11-25 14:38:52.311744,1696.0,588.0
2022-11-25 14:38:52.322743,1697.0,588.0
2022-11-25 14:38:52.351743,1698.0,587.0
2022-11-25 14:38:52.392743,1699.0,587.0
2022-11-25 14:38:52.403743,1701.0,585.0
2022-11-25 14:38:52.413743,1702.0,585.0
2022-11-25 14:38:52.472743,1703.0,585.0
2022-11-25 14:38:52.482743,1704.0,585.0
2022-11-25 14:38:52.493743,1705.0,584.0
2022-11-25 14:38:52.503742,1707.0,583.0
2022-11-25 14:38:52.512751,1709.0,582.0
2022-11-25 14:38:52.522895,1710.0,580.0
2022-11-25 14:38:52.925527,1711.0,580.0
2022-11-25 14:38:52.955209,1712.0,580.0
2022-11-25 14:38:52.994734,1713.0,580.0
2022-11-25 14:38:53.024446,1713.0,581.0
2022-11-25 14:38:53.055066,1714.0,582.0
2022-11-25 14:38:53.066597,1715.0,583.0
2022-11-25 14:38:53.086516,1716.0,583.0
2022-11-25 14:38:53.096883,1716.0,584.0
2022-11-25 14:38:53.106920,1717.0,584.0
2022-11-25 14:38:53.126330,1718.0,585.0
2022-11-25 14:38:53.136329,1718.0,586.0
2022-11-25 14:38:53.146376,1719.0,586.0
2022-11-25 14:38:53.165748,1719.0,587.0
2022-11-25 14:38:53.176799,1720.0,588.0
2022-11-25 14:38:53.186847,1721.0,589.0
2022-11-25 14:38:53.195172,1721.0,591.0
2022-11-25 14:38:53.205203,1722.0,592.0
2022-11-25 14:38:53.216250,1724.0,594.0
2022-11-25 14:38:53.226550,1725.0,596.0
2022-11-25 14:38:53.235559,1726.0,600.0
2022-11-25 14:38:53.245610,1726.0,601.0
2022-11-25 14:38:53.256598,1727.0,604.0
2022-11-25 14:38:53.266640,1728.0,606.0
2022-11-25 14:38:53.276943,1729.0,609.0
2022-11-25 14:38:53.286295,1730.0,610.0
2022-11-25 14:38:53.296291,1731.0,612.0
2022-11-25 14:38:53.306812,1732.0,613.0
2022-11-25 14:38:53.316087,1732.0,614.0
2022-11-25 14:38:53.325088,1732.0,615.0
2022-11-25 14:38:53.335317,1732.0,616.0
2022-11-25 14:38:53.356848,1732.0,617.0
2022-11-25 14:38:53.365885,1732.0,618.0
2022-11-25 14:38:53.375103,1733.0,618.0
2022-11-25 14:38:53.477282,1733.0,619.0
2022-11-25 14:38:53.577328,1733.0,620.0
2022-11-25 14:38:53.618351,1733.0,621.0
2022-11-25 14:38:53.648865,1734.0,622.0
2022-11-25 14:38:53.658906,1735.0,623.0
2022-11-25 14:38:53.667984,1737.0,624.0
2022-11-25 14:38:53.677335,1738.0,624.0
2022-11-25 14:38:53.688374,1739.0,625.0
2022-11-25 14:38:53.698248,1740.0,626.0
2022-11-25 14:38:53.717359,1741.0,627.0
2022-11-25 14:38:53.728650,1743.0,629.0
2022-11-25 14:38:53.738732,1744.0,630.0
2022-11-25 14:38:53.747743,1745.0,630.0
2022-11-25 14:38:53.769332,1748.0,631.0
2022-11-25 14:38:53.788368,1749.0,631.0
2022-11-25 14:38:53.797321,1750.0,631.0
2022-11-25 14:38:53.828879,1750.0,632.0
2022-11-25 14:38:53.858539,1751.0,632.0
2022-11-25 14:38:53.887119,1752.0,632.0
2022-11-25 14:38:53.918652,1753.0,632.0
2022-11-25 14:38:53.939936,1754.0,632.0
2022-11-25 14:38:53.949279,1755.0,633.0
2022-11-25 14:38:53.968936,1756.0,633.0
2022-11-25 14:38:53.979959,1757.0,634.0
2022-11-25 14:38:53.989644,1758.0,634.0
2022-11-25 14:38:54.018871,1759.0,634.0
2022-11-25 14:38:54.039703,1760.0,634.0
2022-11-25 14:38:54.048962,1760.0,635.0
2022-11-25 14:38:54.099323,1761.0,635.0
2022-11-25 14:38:54.171804,1762.0,635.0
2022-11-25 14:38:54.200874,1762.0,636.0
2022-11-25 14:38:54.229775,1763.0,637.0
2022-11-25 14:38:54.240481,1764.0,638.0
2022-11-25 14:38:54.250598,1764.0,639.0
2022-11-25 14:38:54.269726,1765.0,641.0
2022-11-25 14:38:54.280757,1766.0,642.0
2022-11-25 14:38:54.290830,1766.0,643.0
2022-11-25 14:38:54.300179,1766.0,645.0
2022-11-25 14:38:54.309194,1766.0,646.0
2022-11-25 14:38:54.320549,1767.0,647.0
2022-11-25 14:38:54.330575,1768.0,648.0
2022-11-25 14:38:54.340880,1768.0,649.0
2022-11-25 14:38:54.348982,1768.0,651.0
2022-11-25 14:38:54.360953,1768.0,652.0
2022-11-25 14:38:54.380513,1768.0,653.0
2022-11-25 14:38:54.389827,1768.0,654.0
2022-11-25 14:38:54.410155,1769.0,657.0
2022-11-25 14:38:54.440297,1770.0,658.0
2022-11-25 14:38:54.451299,1770.0,659.0
2022-11-25 14:38:54.471446,1770.0,661.0
2022-11-25 14:38:54.491861,1770.0,662.0
2022-11-25 14:38:54.501231,1770.0,663.0
2022-11-25 14:38:54.513489,1771.0,664.0
2022-11-25 14:38:54.520520,1771.0,665.0
2022-11-25 14:38:54.531290,1771.0,666.0
2022-11-25 14:38:54.551745,1771.0,667.0
2022-11-25 14:38:54.560356,1771.0,668.0
2022-11-25 14:38:54.570084,1772.0,669.0
2022-11-25 14:38:54.581623,1772.0,671.0
2022-11-25 14:38:54.591660,1772.0,672.0
2022-11-25 14:38:54.601061,1773.0,672.0
2022-11-25 14:38:54.611170,1773.0,673.0
2022-11-25 14:38:54.622205,1774.0,673.0
2022-11-25 14:38:54.632285,1774.0,674.0
2022-11-25 14:38:54.651323,1774.0,677.0
2022-11-25 14:38:54.672323,1775.0,678.0
2022-11-25 14:38:54.682324,1775.0,679.0
2022-11-25 14:38:54.702323,1775.0,681.0
2022-11-25 14:38:54.712324,1775.0,682.0
2022-11-25 14:38:54.722323,1775.0,683.0
2022-11-25 14:38:54.731451,1776.0,684.0
2022-11-25 14:38:54.741450,1776.0,686.0
2022-11-25 14:38:54.752451,1776.0,687.0
2022-11-25 14:38:54.762507,1776.0,689.0
2022-11-25 14:38:54.771505,1776.0,690.0
2022-11-25 14:38:54.781475,1776.0,691.0
2022-11-25 14:38:54.792496,1776.0,694.0
2022-11-25 14:38:54.802498,1776.0,695.0
2022-11-25 14:38:54.812567,1776.0,696.0
2022-11-25 14:38:54.832561,1778.0,698.0
2022-11-25 14:38:54.842212,1778.0,700.0
2022-11-25 14:38:54.852217,1778.0,701.0
2022-11-25 14:38:54.861608,1778.0,702.0
2022-11-25 14:38:54.872666,1778.0,705.0
2022-11-25 14:38:54.882844,1778.0,706.0
2022-11-25 14:38:54.892764,1778.0,708.0
2022-11-25 14:38:54.911781,1778.0,711.0
2022-11-25 14:38:54.922792,1778.0,713.0
2022-11-25 14:38:54.932805,1778.0,714.0
2022-11-25 14:38:54.942844,1778.0,715.0
2022-11-25 14:38:54.963447,1778.0,716.0
2022-11-25 14:38:54.973448,1778.0,719.0
2022-11-25 14:38:54.983640,1778.0,720.0
2022-11-25 14:38:54.992676,1778.0,722.0
2022-11-25 14:38:55.003384,1778.0,723.0
2022-11-25 14:38:55.013376,1778.0,725.0
2022-11-25 14:38:55.023359,1778.0,727.0
2022-11-25 14:38:55.032609,1778.0,728.0
2022-11-25 14:38:55.044022,1778.0,729.0
2022-11-25 14:38:55.053302,1778.0,730.0
2022-11-25 14:38:55.063553,1778.0,731.0
2022-11-25 14:38:55.072578,1778.0,732.0
2022-11-25 14:38:55.082881,1778.0,734.0
2022-11-25 14:38:55.093303,1777.0,737.0
2022-11-25 14:38:55.103300,1777.0,738.0
2022-11-25 14:38:55.113564,1777.0,740.0
2022-11-25 14:38:55.123936,1777.0,744.0
2022-11-25 14:38:55.135267,1777.0,745.0
2022-11-25 14:38:55.144701,1777.0,747.0
2022-11-25 14:38:55.154415,1777.0,749.0
2022-11-25 14:38:55.163444,1777.0,750.0
2022-11-25 14:38:55.174055,1777.0,751.0
2022-11-25 14:38:55.184650,1777.0,753.0
2022-11-25 14:38:55.203894,1777.0,755.0
2022-11-25 14:38:55.214291,1777.0,756.0
2022-11-25 14:38:55.224295,1777.0,759.0
2022-11-25 14:38:55.234921,1777.0,760.0
2022-11-25 14:38:55.244355,1777.0,762.0
2022-11-25 14:38:55.253383,1777.0,763.0
2022-11-25 14:38:55.264846,1777.0,766.0
2022-11-25 14:38:55.283414,1777.0,767.0
2022-11-25 14:38:55.293749,1777.0,771.0
2022-11-25 14:38:55.305078,1777.0,772.0
2022-11-25 14:38:55.314625,1777.0,774.0
2022-11-25 14:38:55.324626,1777.0,775.0
2022-11-25 14:38:55.333667,1777.0,776.0
2022-11-25 14:38:55.344120,1777.0,778.0
2022-11-25 14:38:55.354264,1777.0,779.0
2022-11-25 14:38:55.364336,1777.0,781.0
2022-11-25 14:38:55.373837,1777.0,782.0
2022-11-25 14:38:55.385856,1777.0,783.0
2022-11-25 14:38:55.394860,1777.0,786.0
2022-11-25 14:38:55.404940,1777.0,787.0
2022-11-25 14:38:55.413977,1777.0,789.0
2022-11-25 14:38:55.423006,1777.0,790.0
2022-11-25 14:38:55.434669,1777.0,792.0
2022-11-25 14:38:55.444595,1777.0,794.0
2022-11-25 14:38:55.454168,1778.0,796.0
2022-11-25 14:38:55.464146,1778.0,797.0
2022-11-25 14:38:55.475543,1778.0,799.0
2022-11-25 14:38:55.485542,1778.0,800.0
2022-11-25 14:38:55.495282,1778.0,802.0
2022-11-25 14:38:55.515728,1778.0,803.0
2022-11-25 14:38:55.525724,1778.0,806.0
2022-11-25 14:38:55.544845,1778.0,807.0
2022-11-25 14:38:55.556845,1778.0,808.0
2022-11-25 14:38:55.564851,1778.0,810.0
2022-11-25 14:38:55.575810,1778.0,811.0
2022-11-25 14:38:55.584857,1778.0,812.0
2022-11-25 14:38:55.593859,1778.0,815.0
2022-11-25 14:38:55.605307,1778.0,816.0
2022-11-25 14:38:55.615377,1779.0,817.0
2022-11-25 14:38:55.625357,1779.0,819.0
2022-11-25 14:38:55.635365,1779.0,821.0
2022-11-25 14:38:55.646395,1779.0,822.0
2022-11-25 14:38:55.656814,1779.0,823.0
2022-11-25 14:38:55.666821,1779.0,825.0
2022-11-25 14:38:55.675827,1779.0,826.0
2022-11-25 14:38:55.686839,1779.0,829.0
2022-11-25 14:38:55.696340,1779.0,831.0
2022-11-25 14:38:55.706333,1779.0,833.0
2022-11-25 14:38:55.715822,1779.0,834.0
2022-11-25 14:38:55.726244,1779.0,835.0
2022-11-25 14:38:55.736555,1779.0,836.0
2022-11-25 14:38:55.746552,1779.0,839.0
2022-11-25 14:38:55.755804,1779.0,841.0
2022-11-25 14:38:55.776748,1779.0,844.0
2022-11-25 14:38:55.787013,1779.0,846.0
2022-11-25 14:38:55.795478,1779.0,848.0
2022-11-25 14:38:55.805508,1779.0,850.0
2022-11-25 14:38:55.816777,1779.0,852.0
2022-11-25 14:38:55.827094,1779.0,853.0
2022-11-25 14:38:55.836137,1779.0,854.0
2022-11-25 14:38:55.845501,1779.0,855.0
2022-11-25 14:38:55.856577,1779.0,856.0
2022-11-25 14:38:55.866150,1779.0,857.0
2022-11-25 14:38:55.885271,1779.0,858.0
2022-11-25 14:38:55.896869,1779.0,859.0
2022-11-25 14:38:55.906914,1779.0,860.0
2022-11-25 14:38:55.925754,1779.0,862.0
2022-11-25 14:38:55.948286,1778.0,863.0
2022-11-25 14:38:55.966586,1778.0,866.0
2022-11-25 14:38:55.976400,1778.0,867.0
2022-11-25 14:38:55.987061,1778.0,868.0
2022-11-25 14:38:55.998033,1778.0,869.0
2022-11-25 14:38:56.007136,1778.0,870.0
2022-11-25 14:38:56.027173,1778.0,871.0
2022-11-25 14:38:56.037172,1777.0,873.0
2022-11-25 14:38:56.047561,1777.0,875.0
2022-11-25 14:38:56.056505,1777.0,877.0
2022-11-25 14:38:56.067503,1776.0,879.0
2022-11-25 14:38:56.077578,1775.0,884.0
2022-11-25 14:38:56.087587,1775.0,889.0
2022-11-25 14:38:56.096624,1774.0,897.0
2022-11-25 14:38:56.107704,1773.0,904.0
2022-11-25 14:38:56.117953,1772.0,911.0
2022-11-25 14:38:56.127997,1772.0,919.0
2022-11-25 14:38:56.137900,1770.0,926.0
2022-11-25 14:38:56.147800,1770.0,932.0
2022-11-25 14:38:56.158810,1769.0,937.0
2022-11-25 14:38:56.168809,1769.0,942.0
2022-11-25 14:38:56.178749,1769.0,943.0
2022-11-25 14:38:56.187685,1769.0,945.0
2022-11-25 14:38:56.198563,1769.0,946.0
2022-11-25 14:38:56.208853,1769.0,947.0
2022-11-25 14:38:56.227908,1769.0,949.0
2022-11-25 14:38:56.249060,1769.0,950.0
2022-11-25 14:38:56.258058,1769.0,952.0
2022-11-25 14:38:56.267134,1769.0,953.0
2022-11-25 14:38:56.288850,1769.0,956.0
2022-11-25 14:38:56.298794,1769.0,957.0
2022-11-25 14:38:56.308099,1769.0,958.0
2022-11-25 14:38:56.317122,1769.0,959.0
2022-11-25 14:38:56.328381,1769.0,960.0
2022-11-25 14:38:56.338812,1769.0,963.0
2022-11-25 14:38:56.348862,1768.0,966.0
2022-11-25 14:38:56.357889,1768.0,968.0
2022-11-25 14:38:56.368278,1768.0,971.0
2022-11-25 14:38:56.388556,1768.0,972.0
2022-11-25 14:38:56.779501,1768.0,973.0
2022-11-25 14:38:56.810727,1767.0,973.0
2022-11-25 14:38:56.829500,1766.0,973.0
2022-11-25 14:38:56.840172,1765.0,973.0
2022-11-25 14:38:56.900408,1764.0,973.0
2022-11-25 14:38:56.909667,1763.0,973.0
2022-11-25 14:38:56.920933,1762.0,973.0
2022-11-25 14:38:56.949944,1761.0,973.0
2022-11-25 14:38:56.980813,1760.0,973.0
2022-11-25 14:38:57.040813,1759.0,973.0
2022-11-25 14:38:57.071813,1758.0,973.0
2022-11-25 14:38:57.091813,1757.0,973.0
2022-11-25 14:38:57.111813,1756.0,973.0
2022-11-25 14:38:57.120813,1755.0,974.0
2022-11-25 14:38:57.131813,1754.0,974.0
2022-11-25 14:38:57.141813,1752.0,975.0
2022-11-25 14:38:57.161932,1751.0,975.0
2022-11-25 14:38:57.272932,1750.0,975.0
2022-11-25 14:38:57.291932,1747.0,976.0
2022-11-25 14:38:57.303042,1744.0,976.0
2022-11-25 14:38:57.313041,1743.0,977.0
2022-11-25 14:38:57.322041,1740.0,978.0
2022-11-25 14:38:57.331041,1737.0,979.0
2022-11-25 14:38:57.342041,1734.0,980.0
2022-11-25 14:38:57.363227,1733.0,980.0
2022-11-25 14:38:57.574016,1732.0,981.0
2022-11-25 14:38:57.583046,1731.0,982.0
2022-11-25 14:38:57.592179,1730.0,983.0
2022-11-25 14:38:57.603484,1728.0,983.0
2022-11-25 14:38:57.613482,1726.0,984.0
2022-11-25 14:38:57.623514,1722.0,985.0
2022-11-25 14:38:57.633806,1719.0,987.0
2022-11-25 14:38:57.653198,1718.0,988.0
2022-11-25 14:38:57.674046,1717.0,988.0
2022-11-25 14:38:57.785120,1716.0,988.0
2022-11-25 14:38:57.794146,1715.0,989.0
2022-11-25 14:38:57.803146,1714.0,989.0
2022-11-25 14:38:57.814760,1712.0,989.0
2022-11-25 14:38:57.824433,1709.0,990.0
2022-11-25 14:38:57.843356,1708.0,990.0
2022-11-25 14:38:57.964931,1707.0,990.0
2022-11-25 14:38:57.972962,1706.0,990.0
2022-11-25 14:38:57.984458,1705.0,990.0
2022-11-25 14:38:57.994527,1704.0,990.0
2022-11-25 14:38:58.004641,1703.0,990.0
2022-11-25 14:38:58.014627,1702.0,990.0
2022-11-25 14:38:58.025643,1700.0,990.0
2022-11-25 14:38:58.045552,1699.0,990.0
2022-11-25 14:38:58.125822,1698.0,990.0
2022-11-25 14:38:58.144831,1697.0,990.0
2022-11-25 14:38:58.155231,1696.0,990.0
2022-11-25 14:38:58.175594,1694.0,990.0
2022-11-25 14:38:58.185906,1693.0,990.0
2022-11-25 14:38:58.206140,1691.0,990.0
2022-11-25 14:38:58.227057,1690.0,990.0
2022-11-25 14:38:58.275324,1689.0,990.0
2022-11-25 14:38:58.286353,1688.0,990.0
2022-11-25 14:38:58.296337,1686.0,990.0
2022-11-25 14:38:58.306706,1684.0,990.0
2022-11-25 14:38:58.315288,1683.0,990.0
2022-11-25 14:38:58.326119,1681.0,990.0
2022-11-25 14:38:58.336671,1679.0,990.0
2022-11-25 14:38:58.347720,1676.0,990.0
2022-11-25 14:38:58.355092,1674.0,990.0
2022-11-25 14:38:58.365451,1672.0,990.0
2022-11-25 14:38:58.376624,1670.0,990.0
2022-11-25 14:38:58.386497,1669.0,990.0
2022-11-25 14:38:58.396086,1667.0,990.0
2022-11-25 14:38:58.405348,1665.0,990.0
2022-11-25 14:38:58.416346,1664.0,990.0
2022-11-25 14:38:58.436324,1662.0,990.0
2022-11-25 14:38:58.445321,1661.0,990.0
2022-11-25 14:38:58.457615,1659.0,990.0
2022-11-25 14:38:58.466530,1658.0,990.0
2022-11-25 14:38:58.476684,1656.0,990.0
2022-11-25 14:38:58.485549,1654.0,990.0
2022-11-25 14:38:58.496658,1653.0,990.0
2022-11-25 14:38:58.506633,1650.0,990.0
2022-11-25 14:38:58.516462,1649.0,989.0
2022-11-25 14:38:58.526463,1647.0,989.0
2022-11-25 14:38:58.537871,1646.0,989.0
2022-11-25 14:38:58.547945,1645.0,989.0
2022-11-25 14:38:58.576524,1642.0,989.0
2022-11-25 14:38:58.587414,1641.0,989.0
2022-11-25 14:38:58.597671,1639.0,989.0
2022-11-25 14:38:58.616993,1638.0,989.0
2022-11-25 14:38:58.627351,1636.0,989.0
2022-11-25 14:38:58.637350,1634.0,989.0
2022-11-25 14:38:58.647364,1632.0,989.0
2022-11-25 14:38:58.656666,1630.0,989.0
2022-11-25 14:38:58.667739,1628.0,989.0
2022-11-25 14:38:58.677249,1626.0,989.0
2022-11-25 14:38:58.687504,1624.0,989.0
2022-11-25 14:38:58.697619,1623.0,989.0
2022-11-25 14:38:58.708331,1621.0,989.0
2022-11-25 14:38:58.718601,1620.0,989.0
2022-11-25 14:38:58.728982,1619.0,989.0
2022-11-25 14:38:58.739010,1618.0,989.0
2022-11-25 14:38:58.769415,1617.0,989.0
2022-11-25 14:38:58.787524,1615.0,989.0
2022-11-25 14:38:58.798499,1614.0,989.0
2022-11-25 14:38:58.818336,1613.0,989.0
2022-11-25 14:38:58.827336,1612.0,989.0
2022-11-25 14:38:58.848316,1611.0,989.0
2022-11-25 14:38:58.940447,1610.0,989.0
2022-11-25 14:38:58.948707,1609.0,989.0
2022-11-25 14:38:58.968679,1608.0,989.0
2022-11-25 14:38:58.988810,1607.0,988.0
2022-11-25 14:38:59.008783,1606.0,988.0
2022-11-25 14:38:59.018072,1604.0,988.0
2022-11-25 14:38:59.028085,1603.0,988.0
2022-11-25 14:38:59.038351,1602.0,988.0
2022-11-25 14:38:59.049784,1601.0,988.0
2022-11-25 14:38:59.059799,1599.0,987.0
2022-11-25 14:38:59.069875,1597.0,986.0
2022-11-25 14:38:59.079958,1595.0,986.0
2022-11-25 14:38:59.088019,1593.0,986.0
2022-11-25 14:38:59.099988,1592.0,986.0
2022-11-25 14:38:59.109292,1591.0,986.0
2022-11-25 14:38:59.119292,1587.0,986.0
2022-11-25 14:38:59.129026,1584.0,985.0
2022-11-25 14:38:59.139308,1582.0,985.0
2022-11-25 14:38:59.149122,1580.0,985.0
2022-11-25 14:38:59.160324,1578.0,985.0
2022-11-25 14:38:59.179782,1577.0,985.0
2022-11-25 14:38:59.189422,1576.0,985.0
2022-11-25 14:38:59.209636,1575.0,985.0
2022-11-25 14:38:59.230903,1574.0,985.0
2022-11-25 14:38:59.240308,1572.0,985.0
2022-11-25 14:38:59.250277,1571.0,985.0
2022-11-25 14:38:59.259588,1569.0,985.0
2022-11-25 14:38:59.270857,1568.0,985.0
2022-11-25 14:38:59.290114,1567.0,985.0
2022-11-25 14:38:59.312570,1566.0,985.0
2022-11-25 14:38:59.320478,1565.0,985.0
2022-11-25 14:38:59.330276,1564.0,985.0
2022-11-25 14:38:59.350573,1561.0,985.0
2022-11-25 14:38:59.360904,1560.0,985.0
2022-11-25 14:38:59.370903,1559.0,985.0
2022-11-25 14:38:59.379944,1558.0,984.0
2022-11-25 14:38:59.390182,1557.0,984.0
2022-11-25 14:38:59.400570,1556.0,984.0
2022-11-25 14:38:59.410608,1553.0,983.0
2022-11-25 14:38:59.420384,1552.0,983.0
2022-11-25 14:38:59.429655,1550.0,983.0
2022-11-25 14:38:59.440704,1549.0,983.0
2022-11-25 14:38:59.450931,1546.0,983.0
2022-11-25 14:38:59.460259,1544.0,982.0
2022-11-25 14:38:59.469586,1543.0,982.0
2022-11-25 14:38:59.480134,1540.0,982.0
2022-11-25 14:38:59.490669,1539.0,982.0
2022-11-25 14:38:59.509168,1538.0,982.0
2022-11-25 14:38:59.520358,1536.0,982.0
2022-11-25 14:38:59.530472,1535.0,982.0
2022-11-25 14:38:59.540092,1533.0,982.0
2022-11-25 14:38:59.550235,1531.0,982.0
2022-11-25 14:38:59.561409,1529.0,982.0
2022-11-25 14:38:59.571448,1527.0,982.0
2022-11-25 14:38:59.581665,1525.0,982.0
2022-11-25 14:38:59.591684,1523.0,982.0
2022-11-25 14:38:59.600717,1519.0,981.0
2022-11-25 14:38:59.611724,1517.0,981.0
2022-11-25 14:38:59.621730,1514.0,981.0
2022-11-25 14:38:59.631739,1508.0,981.0
2022-11-25 14:38:59.640748,1504.0,981.0
2022-11-25 14:38:59.652835,1501.0,981.0
2022-11-25 14:38:59.661837,1495.0,981.0
2022-11-25 14:38:59.671827,1492.0,981.0
2022-11-25 14:38:59.680895,1490.0,981.0
2022-11-25 14:38:59.691976,1488.0,981.0
2022-11-25 14:38:59.701966,1487.0,981.0
2022-11-25 14:38:59.712025,1484.0,981.0
2022-11-25 14:38:59.732565,1480.0,981.0
2022-11-25 14:38:59.742662,1478.0,980.0
2022-11-25 14:38:59.752903,1474.0,980.0
2022-11-25 14:38:59.762821,1469.0,980.0
2022-11-25 14:38:59.771860,1467.0,980.0
2022-11-25 14:38:59.782197,1462.0,980.0
2022-11-25 14:38:59.793410,1457.0,980.0
2022-11-25 14:38:59.802427,1454.0,980.0
2022-11-25 14:38:59.811727,1452.0,980.0
2022-11-25 14:38:59.822780,1448.0,980.0
2022-11-25 14:38:59.832809,1445.0,980.0
2022-11-25 14:38:59.842820,1443.0,980.0
2022-11-25 14:38:59.851761,1439.0,980.0
2022-11-25 14:38:59.862786,1435.0,980.0
2022-11-25 14:38:59.872994,1430.0,980.0
2022-11-25 14:38:59.882744,1424.0,981.0
2022-11-25 14:38:59.891773,1417.0,983.0
2022-11-25 14:38:59.902959,1410.0,984.0
2022-11-25 14:38:59.912282,1404.0,985.0
2022-11-25 14:38:59.922563,1399.0,987.0
2022-11-25 14:38:59.932571,1395.0,988.0
2022-11-25 14:38:59.941538,1391.0,988.0
2022-11-25 14:38:59.952979,1386.0,988.0
2022-11-25 14:38:59.962015,1382.0,988.0
2022-11-25 14:38:59.972252,1380.0,988.0
2022-11-25 14:38:59.981532,1378.0,988.0
2022-11-25 14:38:59.992562,1376.0,988.0
2022-11-25 14:39:00.002884,1375.0,988.0
2022-11-25 14:39:00.012442,1373.0,988.0
2022-11-25 14:39:00.021475,1372.0,988.0
2022-11-25 14:39:00.032717,1370.0,988.0
2022-11-25 14:39:00.042962,1369.0,988.0
2022-11-25 14:39:00.053114,1365.0,988.0
2022-11-25 14:39:00.062623,1361.0,989.0
2022-11-25 14:39:00.072903,1355.0,990.0
2022-11-25 14:39:00.083174,1350.0,991.0
2022-11-25 14:39:00.093215,1346.0,992.0
2022-11-25 14:39:00.103593,1341.0,993.0
2022-11-25 14:39:00.112827,1338.0,993.0
2022-11-25 14:39:00.123582,1336.0,993.0
2022-11-25 14:39:00.132965,1333.0,994.0
2022-11-25 14:39:00.143343,1327.0,996.0
2022-11-25 14:39:00.153454,1321.0,997.0
2022-11-25 14:39:00.163616,1315.0,999.0
2022-11-25 14:39:00.173509,1307.0,1001.0
2022-11-25 14:39:00.184586,1300.0,1002.0
2022-11-25 14:39:00.193020,1297.0,1003.0
2022-11-25 14:39:00.203996,1294.0,1003.0
2022-11-25 14:39:00.213062,1292.0,1003.0
2022-11-25 14:39:00.223086,1290.0,1003.0
2022-11-25 14:39:00.233202,1288.0,1003.0
2022-11-25 14:39:00.244830,1288.0,1003.0
2022-11-25 14:39:00.254845,1288.0,1003.0
2022-11-25 14:39:00.264360,1288.0,1003.0
2022-11-25 14:39:00.274219,1288.0,1003.0
2022-11-25 14:39:00.284226,1288.0,1003.0
2022-11-25 14:39:00.294230,1288.0,1003.0
2022-11-25 14:39:00.304253,1288.0,1003.0
2022-11-25 14:39:00.314261,1288.0,1003.0
2022-11-25 14:39:00.323585,1288.0,1003.0
2022-11-25 14:39:00.334590,1288.0,1003.0
2022-11-25 14:39:00.344033,1288.0,1003.0
2022-11-25 14:39:00.354378,1288.0,1003.0
2022-11-25 14:39:00.363377,1288.0,1003.0
2022-11-25 14:39:00.374308,1288.0,1003.0
2022-11-25 14:39:00.384314,1288.0,1003.0
2022-11-25 14:39:00.595493,1288.0,1003.0
2022-11-25 14:39:00.605911,1288.0,1003.0
