Recording timestamp,Event,Sensor,Gaze point X,Gaze point Y,Validity left,Validity right,Eye movement type
2022-11-16 15:55:58.191397,,Eye Tracker,1829.0,1034.0,Valid,Valid,Fixation
2022-11-16 15:55:58.208052,,Eye Tracker,1835.0,1027.0,Valid,Valid,Fixation
2022-11-16 15:55:58.224706,,Eye Tracker,1832.0,1027.0,Valid,Valid,Fixation
2022-11-16 15:55:58.241362,,Eye Tracker,1822.0,1027.0,Valid,Valid,Fixation
2022-11-16 15:55:58.258017,,Eye Tracker,1824.0,1028.0,Valid,Valid,Fixation
2022-11-16 15:55:58.274670,,Eye Tracker,1817.0,1026.0,Valid,Valid,Fixation
2022-11-16 15:55:58.291325,,Eye Tracker,1816.0,1028.0,Valid,Valid,Fixation
2022-11-16 15:55:58.307980,,Eye Tracker,1827.0,1031.0,Valid,Valid,Fixation
2022-11-16 15:55:58.324635,,Eye Tracker,1826.0,1025.0,Valid,Valid,Fixation
2022-11-16 15:55:58.341289,,Eye Tracker,1831.0,1025.0,Valid,Valid,Fixation
2022-11-16 15:55:58.357944,,Eye Tracker,1832.0,1028.0,Valid,Valid,Fixation
2022-11-16 15:55:58.374599,,Eye Tracker,1829.0,1027.0,Valid,Valid,Fixation
2022-11-16 15:55:58.391253,,Eye Tracker,1831.0,1030.0,Valid,Valid,Fixation
2022-11-16 15:55:58.407909,,Eye Tracker,1824.0,1032.0,Valid,Valid,Fixation
2022-11-16 15:55:58.424564,,Eye Tracker,1818.0,1032.0,Valid,Valid,Fixation
2022-11-16 15:55:58.441218,,Eye Tracker,1822.0,1032.0,Valid,Valid,Fixation
2022-11-16 15:55:58.457873,,Eye Tracker,1825.0,1029.0,Valid,Valid,Fixation
2022-11-16 15:55:58.474527,,Eye Tracker,1825.0,1027.0,Valid,Valid,Fixation
2022-11-16 15:55:58.491181,,Eye Tracker,1825.0,1026.0,Valid,Valid,Fixation
2022-11-16 15:55:58.507836,,Eye Tracker,1821.0,1028.0,Valid,Valid,Fixation
2022-11-16 15:55:58.524491,,Eye Tracker,1818.0,1028.0,Valid,Valid,Fixation
2022-11-16 15:55:58.541145,,Eye Tracker,1822.0,1029.0,Valid,Valid,Fixation
2022-11-16 15:55:58.557800,,Eye Tracker,1823.0,1030.0,Valid,Valid,Fixation
2022-11-16 15:55:58.574456,,Eye Tracker,1823.0,1030.0,Valid,Valid,Fixation
2022-11-16 15:55:58.591111,,Eye Tracker,1825.0,1032.0,Valid,Valid,Fixation
2022-11-16 15:55:58.607765,,Eye Tracker,1819.0,1032.0,Valid,Valid,Fixation
2022-11-16 15:55:58.624420,,Eye Tracker,1815.0,1034.0,Valid,Valid,Fixation
2022-11-16 15:55:58.641075,,Eye Tracker,1814.0,1029.0,Valid,Valid,Fixation
2022-11-16 15:55:58.657729,,Eye Tracker,1815.0,1028.0,Valid,Valid,Fixation
2022-11-16 15:55:58.674384,,Eye Tracker,1819.0,1031.0,Valid,Valid,Fixation
2022-11-16 15:55:58.691039,,Eye Tracker,1815.0,1031.0,Valid,Valid,Fixation
2022-11-16 15:55:58.707693,,Eye Tracker,1810.0,1032.0,Valid,Valid,Fixation
2022-11-16 15:55:58.724348,,Eye Tracker,1815.0,1033.0,Valid,Valid,Fixation
2022-11-16 15:55:58.741002,,Eye Tracker,1814.0,1035.0,Valid,Valid,Fixation
2022-11-16 15:55:58.757657,,Eye Tracker,1813.0,1036.0,Valid,Valid,Fixation
2022-11-16 15:55:58.774312,,Eye Tracker,1819.0,1034.0,Valid,Valid,Fixation
2022-11-16 15:55:58.790967,,Eye Tracker,1817.0,1034.0,Valid,Valid,Fixation
2022-11-16 15:55:58.807621,,Eye Tracker,1812.0,1034.0,Valid,Valid,Fixation
2022-11-16 15:55:58.824276,,Eye Tracker,1812.0,1030.0,Valid,Valid,Fixation
2022-11-16 15:55:58.840931,,Eye Tracker,1813.0,1025.0,Valid,Valid,Fixation
2022-11-16 15:55:58.857586,,Eye Tracker,1812.0,1026.0,Valid,Valid,Fixation
2022-11-16 15:55:58.874240,,Eye Tracker,1816.0,1027.0,Valid,Valid,Fixation
2022-11-16 15:55:58.890895,,Eye Tracker,1818.0,1026.0,Valid,Valid,Fixation
2022-11-16 15:55:58.907550,,Eye Tracker,1818.0,1028.0,Valid,Valid,Fixation
2022-11-16 15:55:58.924204,,Eye Tracker,1816.0,1030.0,Valid,Valid,Fixation
2022-11-16 15:55:58.940859,,Eye Tracker,1816.0,1026.0,Valid,Valid,Fixation
2022-11-16 15:55:58.957514,,Eye Tracker,1818.0,1022.0,Valid,Valid,Fixation
2022-11-16 15:55:58.974168,,Eye Tracker,1818.0,1023.0,Valid,Valid,Fixation
2022-11-16 15:55:58.990823,,Eye Tracker,1814.0,1022.0,Valid,Valid,Fixation
2022-11-16 15:55:59.007478,,Eye Tracker,1810.0,1022.0,Valid,Valid,Fixation
2022-11-16 15:55:59.024132,,Eye Tracker,1811.0,1025.0,Valid,Valid,Fixation
2022-11-16 15:55:59.040787,,Eye Tracker,1810.0,1026.0,Valid,Valid,Fixation
2022-11-16 15:55:59.057442,,Eye Tracker,1811.0,1029.0,Valid,Valid,Fixation
2022-11-16 15:55:59.074096,,Eye Tracker,1813.0,1028.0,Valid,Valid,Fixation
2022-11-16 15:55:59.090752,,Eye Tracker,1818.0,1032.0,Valid,Valid,Fixation
2022-11-16 15:55:59.107406,,Eye Tracker,1806.0,1049.0,Valid,Valid,Fixation
2022-11-16 15:55:59.124061,,Eye Tracker,1791.0,1056.0,Valid,Valid,Fixation
2022-11-16 15:55:59.140715,,Eye Tracker,1794.0,1048.0,Valid,Valid,Fixation
2022-11-16 15:55:59.157370,,Eye Tracker,1790.0,1051.0,Valid,Valid,Fixation
2022-11-16 15:55:59.174025,,Eye Tracker,1792.0,1055.0,Valid,Valid,Fixation
2022-11-16 15:55:59.190679,,Eye Tracker,1797.0,1052.0,Valid,Valid,Fixation
2022-11-16 15:55:59.207334,,Eye Tracker,1795.0,1048.0,Valid,Valid,Fixation
2022-11-16 15:55:59.223989,,Eye Tracker,1792.0,1047.0,Valid,Valid,Fixation
2022-11-16 15:55:59.240643,,Eye Tracker,1796.0,1044.0,Valid,Valid,Fixation
2022-11-16 15:55:59.257298,,Eye Tracker,1797.0,1045.0,Valid,Valid,Fixation
2022-11-16 15:55:59.273954,,Eye Tracker,1798.0,1051.0,Valid,Valid,Fixation
2022-11-16 15:55:59.290608,,Eye Tracker,1797.0,1049.0,Valid,Valid,Fixation
2022-11-16 15:55:59.307262,,Eye Tracker,1797.0,1049.0,Valid,Valid,Fixation
2022-11-16 15:55:59.323918,,Eye Tracker,1796.0,1049.0,Valid,Valid,Fixation
2022-11-16 15:55:59.340571,,Eye Tracker,1797.0,1048.0,Valid,Valid,Fixation
2022-11-16 15:55:59.357226,,Eye Tracker,1795.0,1049.0,Valid,Valid,Fixation
2022-11-16 15:55:59.373881,,Eye Tracker,1792.0,1048.0,Valid,Valid,Fixation
2022-11-16 15:55:59.390536,,Eye Tracker,1790.0,1050.0,Valid,Valid,Fixation
2022-11-16 15:55:59.407190,,Eye Tracker,1789.0,1049.0,Valid,Valid,Fixation
2022-11-16 15:55:59.423845,,Eye Tracker,1787.0,1050.0,Valid,Valid,Fixation
2022-11-16 15:55:59.440501,,Eye Tracker,1789.0,1050.0,Valid,Valid,Fixation
2022-11-16 15:55:59.457155,,Eye Tracker,1793.0,1048.0,Valid,Valid,Fixation
2022-11-16 15:55:59.473810,,Eye Tracker,1790.0,1051.0,Valid,Valid,Fixation
2022-11-16 15:55:59.490465,,Eye Tracker,1790.0,1048.0,Valid,Valid,Fixation
2022-11-16 15:55:59.507119,,Eye Tracker,1791.0,1044.0,Valid,Valid,Fixation
2022-11-16 15:55:59.523774,,Eye Tracker,1788.0,1045.0,Valid,Valid,Fixation
2022-11-16 15:55:59.540428,,Eye Tracker,1786.0,1047.0,Valid,Valid,Fixation
2022-11-16 15:55:59.557082,,Eye Tracker,1788.0,1046.0,Valid,Valid,Fixation
2022-11-16 15:55:59.573737,,Eye Tracker,1784.0,1049.0,Valid,Valid,Fixation
2022-11-16 15:55:59.590392,,Eye Tracker,1783.0,1049.0,Valid,Valid,Fixation
2022-11-16 15:55:59.607047,,Eye Tracker,1784.0,1051.0,Valid,Valid,Fixation
2022-11-16 15:55:59.623702,,Eye Tracker,1784.0,1048.0,Valid,Valid,Fixation
2022-11-16 15:55:59.640357,,Eye Tracker,1759.0,1041.0,Valid,Valid,Saccade
2022-11-16 15:55:59.657012,,Eye Tracker,1734.0,1040.0,Valid,Valid,Fixation
2022-11-16 15:55:59.673666,,Eye Tracker,1738.0,1044.0,Valid,Valid,Fixation
2022-11-16 15:55:59.690321,,Eye Tracker,1737.0,1048.0,Valid,Valid,Fixation
2022-11-16 15:55:59.706976,,Eye Tracker,1740.0,1043.0,Valid,Valid,Fixation
2022-11-16 15:55:59.723630,,Eye Tracker,1737.0,1042.0,Valid,Valid,Fixation
2022-11-16 15:55:59.740284,,Eye Tracker,1731.0,1046.0,Valid,Valid,Fixation
2022-11-16 15:55:59.756939,,Eye Tracker,1730.0,1049.0,Valid,Valid,Fixation
2022-11-16 15:55:59.773594,,Eye Tracker,1733.0,1048.0,Valid,Valid,Fixation
2022-11-16 15:55:59.790249,,Eye Tracker,1734.0,1046.0,Valid,Valid,Fixation
2022-11-16 15:55:59.806904,,Eye Tracker,1740.0,1046.0,Valid,Valid,Fixation
2022-11-16 15:55:59.823558,,Eye Tracker,1751.0,1051.0,Valid,Valid,Fixation
2022-11-16 15:55:59.840213,,Eye Tracker,1754.0,1052.0,Valid,Valid,Fixation
2022-11-16 15:55:59.856868,,Eye Tracker,1756.0,1047.0,Valid,Valid,Fixation
2022-11-16 15:55:59.873523,,Eye Tracker,1755.0,1044.0,Valid,Valid,Fixation
2022-11-16 15:55:59.890177,,Eye Tracker,1749.0,1043.0,Valid,Valid,Fixation
2022-11-16 15:55:59.906832,,Eye Tracker,1744.0,1043.0,Valid,Valid,Fixation
2022-11-16 15:55:59.923487,,Eye Tracker,1745.0,1045.0,Valid,Valid,Fixation
2022-11-16 15:55:59.940140,,Eye Tracker,1745.0,1046.0,Valid,Valid,Fixation
2022-11-16 15:55:59.956796,,Eye Tracker,1746.0,1046.0,Valid,Valid,Fixation
2022-11-16 15:55:59.973451,,Eye Tracker,1741.0,1044.0,Valid,Valid,Fixation
2022-11-16 15:55:59.990105,,Eye Tracker,1739.0,1043.0,Valid,Valid,Fixation
2022-11-16 15:56:00.006760,,Eye Tracker,1744.0,1043.0,Valid,Valid,Fixation
2022-11-16 15:56:00.023415,,Eye Tracker,1737.0,1043.0,Valid,Valid,Fixation
2022-11-16 15:56:00.040069,,Eye Tracker,1740.0,1045.0,Valid,Valid,Fixation
2022-11-16 15:56:00.056724,,Eye Tracker,1745.0,1044.0,Valid,Valid,Fixation
2022-11-16 15:56:00.073379,,Eye Tracker,1728.0,1045.0,Valid,Valid,Fixation
2022-11-16 15:56:00.090033,,Eye Tracker,1716.0,1045.0,Valid,Valid,Fixation
2022-11-16 15:56:00.106688,,Eye Tracker,1722.0,1045.0,Valid,Valid,Fixation
2022-11-16 15:56:00.123344,,Eye Tracker,1727.0,1046.0,Valid,Valid,Fixation
2022-11-16 15:56:00.139998,,Eye Tracker,1726.0,1043.0,Valid,Valid,Fixation
2022-11-16 15:56:00.156653,,Eye Tracker,1719.0,1038.0,Valid,Valid,Fixation
2022-11-16 15:56:00.173308,,Eye Tracker,1715.0,1040.0,Valid,Valid,Fixation
2022-11-16 15:56:00.189963,,Eye Tracker,1716.0,1043.0,Valid,Valid,Fixation
2022-11-16 15:56:00.206617,,Eye Tracker,1719.0,1044.0,Valid,Valid,Fixation
2022-11-16 15:56:00.223272,,Eye Tracker,1718.0,1042.0,Valid,Valid,Fixation
2022-11-16 15:56:00.239927,,Eye Tracker,1715.0,1041.0,Valid,Valid,Fixation
2022-11-16 15:56:00.256581,,Eye Tracker,1717.0,1042.0,Valid,Valid,Fixation
2022-11-16 15:56:00.273236,,Eye Tracker,1717.0,1044.0,Valid,Valid,Fixation
2022-11-16 15:56:00.289892,,Eye Tracker,1717.0,1044.0,Valid,Valid,Fixation
2022-11-16 15:56:00.306546,,Eye Tracker,1715.0,1039.0,Valid,Valid,Fixation
2022-11-16 15:56:00.323201,,Eye Tracker,1711.0,1039.0,Valid,Valid,Fixation
2022-11-16 15:56:00.339856,,Eye Tracker,1711.0,1040.0,Valid,Valid,Fixation
2022-11-16 15:56:00.356510,,Eye Tracker,1712.0,1044.0,Valid,Valid,Fixation
2022-11-16 15:56:00.373165,,Eye Tracker,1704.0,1045.0,Valid,Valid,Fixation
2022-11-16 15:56:00.389820,,Eye Tracker,1700.0,1043.0,Valid,Valid,Fixation
2022-11-16 15:56:00.406474,,Eye Tracker,1705.0,1043.0,Valid,Valid,Fixation
2022-11-16 15:56:00.423129,,Eye Tracker,1695.0,1046.0,Valid,Valid,Fixation
2022-11-16 15:56:00.439784,,Eye Tracker,1676.0,1043.0,Valid,Valid,Fixation
2022-11-16 15:56:00.456439,,Eye Tracker,1671.0,1038.0,Valid,Valid,Fixation
2022-11-16 15:56:00.473094,,Eye Tracker,1660.0,1033.0,Valid,Valid,Fixation
2022-11-16 15:56:00.489749,,Eye Tracker,1661.0,1031.0,Valid,Valid,Fixation
2022-11-16 15:56:00.506404,,Eye Tracker,1655.0,1035.0,Valid,Valid,Fixation
2022-11-16 15:56:00.523058,,Eye Tracker,1654.0,1037.0,Valid,Valid,Fixation
2022-11-16 15:56:00.539713,,Eye Tracker,1663.0,1038.0,Valid,Valid,Fixation
2022-11-16 15:56:00.556368,,Eye Tracker,1664.0,1037.0,Valid,Valid,Fixation
2022-11-16 15:56:00.573022,,Eye Tracker,1661.0,1036.0,Valid,Valid,Fixation
2022-11-16 15:56:00.589677,,Eye Tracker,1660.0,1036.0,Valid,Valid,Fixation
2022-11-16 15:56:00.606332,,Eye Tracker,1657.0,1036.0,Valid,Valid,Fixation
2022-11-16 15:56:00.622986,,Eye Tracker,1655.0,1038.0,Valid,Valid,Fixation
2022-11-16 15:56:00.639642,,Eye Tracker,1654.0,1037.0,Valid,Valid,Fixation
2022-11-16 15:56:00.656297,,Eye Tracker,1649.0,1037.0,Valid,Valid,Fixation
2022-11-16 15:56:00.672951,,Eye Tracker,1643.0,1039.0,Valid,Valid,Fixation
2022-11-16 15:56:00.689606,,Eye Tracker,1642.0,1037.0,Valid,Valid,Fixation
2022-11-16 15:56:00.706261,,Eye Tracker,1646.0,1035.0,Valid,Valid,Fixation
2022-11-16 15:56:00.722916,,Eye Tracker,1652.0,1037.0,Valid,Valid,Fixation
2022-11-16 15:56:00.739570,,Eye Tracker,1648.0,1042.0,Valid,Valid,Fixation
2022-11-16 15:56:00.756225,,Eye Tracker,1648.0,1041.0,Valid,Valid,Fixation
2022-11-16 15:56:00.772880,,Eye Tracker,1647.0,1042.0,Valid,Valid,Fixation
2022-11-16 15:56:00.789534,,Eye Tracker,1644.0,1039.0,Valid,Valid,Fixation
2022-11-16 15:56:00.806190,,Eye Tracker,1643.0,1040.0,Valid,Valid,Fixation
2022-11-16 15:56:00.822845,,Eye Tracker,1640.0,1042.0,Valid,Valid,Fixation
2022-11-16 15:56:00.839499,,Eye Tracker,1639.0,1041.0,Valid,Valid,Fixation
2022-11-16 15:56:00.856154,,Eye Tracker,1635.0,1040.0,Valid,Valid,Fixation
2022-11-16 15:56:00.872809,,Eye Tracker,1633.0,1038.0,Valid,Valid,Fixation
2022-11-16 15:56:00.889463,,Eye Tracker,1630.0,1036.0,Valid,Valid,Fixation
2022-11-16 15:56:00.906118,,Eye Tracker,1629.0,1038.0,Valid,Valid,Fixation
2022-11-16 15:56:00.922773,,Eye Tracker,1631.0,1042.0,Valid,Valid,Fixation
2022-11-16 15:56:00.939427,,Eye Tracker,1635.0,1037.0,Valid,Valid,Fixation
2022-11-16 15:56:00.956082,,Eye Tracker,1639.0,1040.0,Valid,Valid,Fixation
2022-11-16 15:56:00.972738,,Eye Tracker,1636.0,1049.0,Valid,Valid,Fixation
2022-11-16 15:56:00.989393,,Eye Tracker,1633.0,1048.0,Valid,Valid,Fixation
2022-11-16 15:56:01.006047,,Eye Tracker,1633.0,1041.0,Valid,Valid,Fixation
2022-11-16 15:56:01.022702,,Eye Tracker,1632.0,1037.0,Valid,Valid,Fixation
2022-11-16 15:56:01.039357,,Eye Tracker,1633.0,1036.0,Valid,Valid,Fixation
2022-11-16 15:56:01.056011,,Eye Tracker,1629.0,1035.0,Valid,Valid,Fixation
2022-11-16 15:56:01.072666,,Eye Tracker,1630.0,1034.0,Valid,Valid,Fixation
2022-11-16 15:56:01.089321,,Eye Tracker,1635.0,1031.0,Valid,Valid,Fixation
2022-11-16 15:56:01.105975,,Eye Tracker,1628.0,1027.0,Valid,Valid,Fixation
2022-11-16 15:56:01.122630,,Eye Tracker,1627.0,1029.0,Valid,Valid,Fixation
2022-11-16 15:56:01.139285,,Eye Tracker,1626.0,1030.0,Valid,Valid,Fixation
2022-11-16 15:56:01.155940,,Eye Tracker,1625.0,1029.0,Valid,Valid,Fixation
2022-11-16 15:56:01.172595,,Eye Tracker,1622.0,1027.0,Valid,Valid,Fixation
2022-11-16 15:56:01.189250,,Eye Tracker,1614.0,1026.0,Valid,Valid,Fixation
2022-11-16 15:56:01.205904,,Eye Tracker,1588.0,1032.0,Valid,Valid,Saccade
2022-11-16 15:56:01.222559,,Eye Tracker,1563.0,1034.0,Valid,Valid,Fixation
2022-11-16 15:56:01.239214,,Eye Tracker,1565.0,1032.0,Valid,Valid,Fixation
2022-11-16 15:56:01.255869,,Eye Tracker,1557.0,1037.0,Valid,Valid,Fixation
2022-11-16 15:56:01.272523,,Eye Tracker,1558.0,1039.0,Valid,Valid,Fixation
2022-11-16 15:56:01.289178,,Eye Tracker,1561.0,1041.0,Valid,Valid,Fixation
2022-11-16 15:56:01.305833,,Eye Tracker,1560.0,1042.0,Valid,Valid,Fixation
2022-11-16 15:56:01.322488,,Eye Tracker,1557.0,1043.0,Valid,Valid,Fixation
2022-11-16 15:56:01.339143,,Eye Tracker,1557.0,1044.0,Valid,Valid,Fixation
2022-11-16 15:56:01.355798,,Eye Tracker,1554.0,1045.0,Valid,Valid,Fixation
2022-11-16 15:56:01.372452,,Eye Tracker,1551.0,1042.0,Valid,Valid,Fixation
2022-11-16 15:56:01.389107,,Eye Tracker,1556.0,1042.0,Valid,Valid,Fixation
2022-11-16 15:56:01.405762,,Eye Tracker,1559.0,1041.0,Valid,Valid,Fixation
2022-11-16 15:56:01.422416,,Eye Tracker,1556.0,1040.0,Valid,Valid,Fixation
2022-11-16 15:56:01.439071,,Eye Tracker,1554.0,1043.0,Valid,Valid,Fixation
2022-11-16 15:56:01.455726,,Eye Tracker,1555.0,1038.0,Valid,Valid,Fixation
2022-11-16 15:56:01.472380,,Eye Tracker,1552.0,1035.0,Valid,Valid,Fixation
2022-11-16 15:56:01.489036,,Eye Tracker,1551.0,1033.0,Valid,Valid,Fixation
2022-11-16 15:56:01.505691,,Eye Tracker,1553.0,1032.0,Valid,Valid,Fixation
2022-11-16 15:56:01.522346,,Eye Tracker,1553.0,1031.0,Valid,Valid,Fixation
2022-11-16 15:56:01.539000,,Eye Tracker,1554.0,1029.0,Valid,Valid,Fixation
2022-11-16 15:56:01.555655,,Eye Tracker,1551.0,1027.0,Valid,Valid,Fixation
2022-11-16 15:56:01.572310,,Eye Tracker,1549.0,1029.0,Valid,Valid,Fixation
2022-11-16 15:56:01.588964,,Eye Tracker,1549.0,1030.0,Valid,Valid,Fixation
2022-11-16 15:56:01.605619,,Eye Tracker,1548.0,1028.0,Valid,Valid,Fixation
2022-11-16 15:56:01.622274,,Eye Tracker,1545.0,1028.0,Valid,Valid,Fixation
2022-11-16 15:56:01.638928,,Eye Tracker,1544.0,1030.0,Valid,Valid,Fixation
2022-11-16 15:56:01.655584,,Eye Tracker,1545.0,1027.0,Valid,Valid,Fixation
2022-11-16 15:56:01.672239,,Eye Tracker,1545.0,1028.0,Valid,Valid,Fixation
2022-11-16 15:56:01.688893,,Eye Tracker,1545.0,1031.0,Valid,Valid,Fixation
2022-11-16 15:56:01.705548,,Eye Tracker,1542.0,1029.0,Valid,Valid,Fixation
2022-11-16 15:56:01.722203,,Eye Tracker,1541.0,1027.0,Valid,Valid,Fixation
2022-11-16 15:56:01.738857,,Eye Tracker,1544.0,1026.0,Valid,Valid,Fixation
2022-11-16 15:56:01.755512,,Eye Tracker,1545.0,1026.0,Valid,Valid,Fixation
2022-11-16 15:56:01.772167,,Eye Tracker,1546.0,1028.0,Valid,Valid,Fixation
2022-11-16 15:56:01.788822,,Eye Tracker,1544.0,1028.0,Valid,Valid,Fixation
2022-11-16 15:56:01.805476,,Eye Tracker,1544.0,1026.0,Valid,Valid,Fixation
2022-11-16 15:56:01.822131,,Eye Tracker,1542.0,1024.0,Valid,Valid,Fixation
2022-11-16 15:56:01.838787,,Eye Tracker,1547.0,1026.0,Valid,Valid,Fixation
2022-11-16 15:56:01.855441,,Eye Tracker,1543.0,1027.0,Valid,Valid,Fixation
2022-11-16 15:56:01.872096,,Eye Tracker,1536.0,1028.0,Valid,Valid,Fixation
2022-11-16 15:56:01.888751,,Eye Tracker,1510.0,1029.0,Valid,Valid,Saccade
2022-11-16 15:56:01.905405,,Eye Tracker,1471.0,1024.0,Valid,Valid,Saccade
2022-11-16 15:56:01.922060,,Eye Tracker,1471.0,1023.0,Valid,Valid,Fixation
2022-11-16 15:56:01.938715,,Eye Tracker,1473.0,1023.0,Valid,Valid,Fixation
2022-11-16 15:56:01.955369,,Eye Tracker,1469.0,1023.0,Valid,Valid,Fixation
2022-11-16 15:56:01.972024,,Eye Tracker,1469.0,1027.0,Valid,Valid,Fixation
2022-11-16 15:56:01.988679,,Eye Tracker,1470.0,1026.0,Valid,Valid,Fixation
2022-11-16 15:56:02.005334,,Eye Tracker,1471.0,1022.0,Valid,Valid,Fixation
2022-11-16 15:56:02.021989,,Eye Tracker,1466.0,1022.0,Valid,Valid,Fixation
2022-11-16 15:56:02.038644,,Eye Tracker,1470.0,1024.0,Valid,Valid,Fixation
2022-11-16 15:56:02.055299,,Eye Tracker,1469.0,1024.0,Valid,Valid,Fixation
2022-11-16 15:56:02.071953,,Eye Tracker,1463.0,1024.0,Valid,Valid,Fixation
2022-11-16 15:56:02.088608,,Eye Tracker,1461.0,1023.0,Valid,Valid,Fixation
2022-11-16 15:56:02.105263,,Eye Tracker,1468.0,1023.0,Valid,Valid,Fixation
2022-11-16 15:56:02.121917,,Eye Tracker,1465.0,1024.0,Valid,Valid,Fixation
2022-11-16 15:56:02.138572,,Eye Tracker,1459.0,1027.0,Valid,Valid,Fixation
2022-11-16 15:56:02.155227,,Eye Tracker,1454.0,1025.0,Valid,Valid,Fixation
2022-11-16 15:56:02.171882,,Eye Tracker,1459.0,1021.0,Valid,Valid,Fixation
2022-11-16 15:56:02.188537,,Eye Tracker,1464.0,1019.0,Valid,Valid,Fixation
2022-11-16 15:56:02.205192,,Eye Tracker,1466.0,1022.0,Valid,Valid,Fixation
2022-11-16 15:56:02.221846,,Eye Tracker,1464.0,1025.0,Valid,Valid,Fixation
2022-11-16 15:56:02.238501,,Eye Tracker,1468.0,1023.0,Valid,Valid,Fixation
2022-11-16 15:56:02.255156,,Eye Tracker,1469.0,1024.0,Valid,Valid,Fixation
2022-11-16 15:56:02.271810,,Eye Tracker,1466.0,1026.0,Valid,Valid,Fixation
2022-11-16 15:56:02.288465,,Eye Tracker,1466.0,1025.0,Valid,Valid,Fixation
2022-11-16 15:56:02.305120,,Eye Tracker,1455.0,1023.0,Valid,Valid,Fixation
2022-11-16 15:56:02.321775,,Eye Tracker,1459.0,1019.0,Valid,Valid,Fixation
2022-11-16 15:56:02.338429,,Eye Tracker,1466.0,1019.0,Valid,Valid,Fixation
2022-11-16 15:56:02.355085,,Eye Tracker,1464.0,1022.0,Valid,Valid,Fixation
2022-11-16 15:56:02.371740,,Eye Tracker,1459.0,1024.0,Valid,Valid,Fixation
2022-11-16 15:56:02.388394,,Eye Tracker,1456.0,1025.0,Valid,Valid,Fixation
2022-11-16 15:56:02.405049,,Eye Tracker,1456.0,1027.0,Valid,Valid,Fixation
2022-11-16 15:56:02.421704,,Eye Tracker,1460.0,1029.0,Valid,Valid,Fixation
2022-11-16 15:56:02.438358,,Eye Tracker,1429.0,1025.0,Valid,Valid,Saccade
2022-11-16 15:56:02.455013,,Eye Tracker,1377.0,1013.0,Valid,Valid,Saccade
2022-11-16 15:56:02.471668,,Eye Tracker,1355.0,1009.0,Valid,Valid,Fixation
2022-11-16 15:56:02.488322,,Eye Tracker,1352.0,1009.0,Valid,Valid,Fixation
2022-11-16 15:56:02.504977,,Eye Tracker,1351.0,1009.0,Valid,Valid,Fixation
2022-11-16 15:56:02.521633,,Eye Tracker,1351.0,1011.0,Valid,Valid,Fixation
2022-11-16 15:56:02.538287,,Eye Tracker,1348.0,1011.0,Valid,Valid,Fixation
2022-11-16 15:56:02.554942,,Eye Tracker,1347.0,1008.0,Valid,Valid,Fixation
2022-11-16 15:56:02.571597,,Eye Tracker,1345.0,1006.0,Valid,Valid,Fixation
2022-11-16 15:56:02.588252,,Eye Tracker,1347.0,1008.0,Valid,Valid,Fixation
2022-11-16 15:56:02.604906,,Eye Tracker,1348.0,1007.0,Valid,Valid,Fixation
2022-11-16 15:56:02.621561,,Eye Tracker,1348.0,1010.0,Valid,Valid,Fixation
2022-11-16 15:56:02.638216,,Eye Tracker,1348.0,1010.0,Valid,Valid,Fixation
2022-11-16 15:56:02.654870,,Eye Tracker,1348.0,1009.0,Valid,Valid,Fixation
2022-11-16 15:56:02.671525,,Eye Tracker,1348.0,1009.0,Valid,Valid,Fixation
2022-11-16 15:56:02.688181,,Eye Tracker,1348.0,1011.0,Valid,Valid,Fixation
2022-11-16 15:56:02.704835,,Eye Tracker,1348.0,1007.0,Valid,Valid,Fixation
2022-11-16 15:56:02.721490,,Eye Tracker,1344.0,1006.0,Valid,Valid,Fixation
2022-11-16 15:56:02.738145,,Eye Tracker,1344.0,1009.0,Valid,Valid,Fixation
2022-11-16 15:56:02.754799,,Eye Tracker,1339.0,1087.0,Valid,Valid,Saccade
2022-11-16 15:56:02.771454,,Eye Tracker,1327.0,1130.0,Valid,Valid,Saccade
2022-11-16 15:56:02.788109,,Eye Tracker,,,Invalid,Invalid,EyesNotFound
2022-11-16 15:56:02.804763,,Eye Tracker,,,Invalid,Invalid,EyesNotFound
2022-11-16 15:56:02.821418,,Eye Tracker,,,Invalid,Invalid,EyesNotFound
2022-11-16 15:56:02.838073,,Eye Tracker,,,Invalid,Invalid,EyesNotFound
2022-11-16 15:56:02.854729,,Eye Tracker,,,Invalid,Invalid,EyesNotFound
2022-11-16 15:56:02.871383,,Eye Tracker,,,Invalid,Invalid,EyesNotFound
2022-11-16 15:56:02.888038,,Eye Tracker,1305.0,1342.0,Invalid,Valid,Saccade
2022-11-16 15:56:02.904693,,Eye Tracker,1320.0,1143.0,Valid,Valid,Saccade
2022-11-16 15:56:02.921347,,Eye Tracker,1321.0,1069.0,Valid,Valid,Saccade
2022-11-16 15:56:02.938002,,Eye Tracker,1313.0,1025.0,Valid,Valid,Saccade
2022-11-16 15:56:02.954657,,Eye Tracker,1319.0,1040.0,Valid,Valid,Fixation
2022-11-16 15:56:02.971311,,Eye Tracker,1337.0,1052.0,Valid,Valid,Fixation
2022-11-16 15:56:02.987966,,Eye Tracker,1335.0,1046.0,Valid,Valid,Fixation
2022-11-16 15:56:03.004621,,Eye Tracker,1326.0,1030.0,Valid,Valid,Fixation
2022-11-16 15:56:03.021275,,Eye Tracker,1331.0,1013.0,Valid,Valid,Fixation
2022-11-16 15:56:03.037931,,Eye Tracker,1326.0,1006.0,Valid,Valid,Fixation
2022-11-16 15:56:03.054586,,Eye Tracker,1323.0,1000.0,Valid,Valid,Fixation
2022-11-16 15:56:03.071240,,Eye Tracker,1324.0,1002.0,Valid,Valid,Fixation
2022-11-16 15:56:03.087895,,Eye Tracker,1321.0,998.0,Valid,Valid,Fixation
2022-11-16 15:56:03.104550,,Eye Tracker,1323.0,1008.0,Valid,Valid,Fixation
2022-11-16 15:56:03.121205,,Eye Tracker,1315.0,1005.0,Valid,Valid,Fixation
2022-11-16 15:56:03.137859,,Eye Tracker,1321.0,1010.0,Valid,Valid,Fixation
2022-11-16 15:56:03.154514,,Eye Tracker,1330.0,1013.0,Valid,Valid,Fixation
2022-11-16 15:56:03.171169,,Eye Tracker,1329.0,1013.0,Valid,Valid,Fixation
2022-11-16 15:56:03.187823,,Eye Tracker,1329.0,1014.0,Valid,Valid,Fixation
2022-11-16 15:56:03.204479,,Eye Tracker,1327.0,1010.0,Valid,Valid,Fixation
2022-11-16 15:56:03.221134,,Eye Tracker,1326.0,1011.0,Valid,Valid,Fixation
2022-11-16 15:56:03.237788,,Eye Tracker,1330.0,1010.0,Valid,Valid,Fixation
2022-11-16 15:56:03.254443,,Eye Tracker,1331.0,1009.0,Valid,Valid,Fixation
2022-11-16 15:56:03.271098,,Eye Tracker,1333.0,1012.0,Valid,Valid,Fixation
2022-11-16 15:56:03.287752,,Eye Tracker,1316.0,1011.0,Valid,Valid,Fixation
2022-11-16 15:56:03.304407,,Eye Tracker,1287.0,1012.0,Valid,Valid,Saccade
2022-11-16 15:56:03.321062,,Eye Tracker,1263.0,1012.0,Valid,Valid,Fixation
2022-11-16 15:56:03.337716,,Eye Tracker,1268.0,1013.0,Valid,Valid,Fixation
2022-11-16 15:56:03.354371,,Eye Tracker,1270.0,1013.0,Valid,Valid,Fixation
2022-11-16 15:56:03.371027,,Eye Tracker,1262.0,1011.0,Valid,Valid,Fixation
2022-11-16 15:56:03.387682,,Eye Tracker,1265.0,1011.0,Valid,Valid,Fixation
2022-11-16 15:56:03.404336,,Eye Tracker,1271.0,1016.0,Valid,Valid,Fixation
2022-11-16 15:56:03.420991,,Eye Tracker,1274.0,1016.0,Valid,Valid,Fixation
2022-11-16 15:56:03.437646,,Eye Tracker,1274.0,1006.0,Valid,Valid,Fixation
2022-11-16 15:56:03.454300,,Eye Tracker,1273.0,1006.0,Valid,Valid,Fixation
2022-11-16 15:56:03.470955,,Eye Tracker,1273.0,1012.0,Valid,Valid,Fixation
2022-11-16 15:56:03.487610,,Eye Tracker,1271.0,1008.0,Valid,Valid,Fixation
2022-11-16 15:56:03.504264,,Eye Tracker,1270.0,1007.0,Valid,Valid,Fixation
2022-11-16 15:56:03.520919,,Eye Tracker,1272.0,1007.0,Valid,Valid,Fixation
2022-11-16 15:56:03.537574,,Eye Tracker,1276.0,1004.0,Valid,Valid,Fixation
2022-11-16 15:56:03.554229,,Eye Tracker,1301.0,1009.0,Valid,Valid,Saccade
2022-11-16 15:56:03.570884,,Eye Tracker,1312.0,1008.0,Valid,Valid,Fixation
2022-11-16 15:56:03.587539,,Eye Tracker,1306.0,1004.0,Valid,Valid,Fixation
2022-11-16 15:56:03.604193,,Eye Tracker,1307.0,1000.0,Valid,Valid,Fixation
2022-11-16 15:56:03.620848,,Eye Tracker,1309.0,1003.0,Valid,Valid,Fixation
2022-11-16 15:56:03.637503,,Eye Tracker,1307.0,1005.0,Valid,Valid,Fixation
2022-11-16 15:56:03.654158,,Eye Tracker,1305.0,1004.0,Valid,Valid,Fixation
2022-11-16 15:56:03.670812,,Eye Tracker,1305.0,1005.0,Valid,Valid,Fixation
2022-11-16 15:56:03.687467,,Eye Tracker,1305.0,1005.0,Valid,Valid,Fixation
2022-11-16 15:56:03.704122,,Eye Tracker,1309.0,1004.0,Valid,Valid,Fixation
2022-11-16 15:56:03.720777,,Eye Tracker,1312.0,1002.0,Valid,Valid,Fixation
2022-11-16 15:56:03.737432,,Eye Tracker,1309.0,1004.0,Valid,Valid,Fixation
2022-11-16 15:56:03.754087,,Eye Tracker,1288.0,997.0,Valid,Valid,Fixation
2022-11-16 15:56:03.770741,,Eye Tracker,1276.0,985.0,Valid,Valid,Fixation
2022-11-16 15:56:03.787396,,Eye Tracker,1281.0,987.0,Valid,Valid,Fixation
2022-11-16 15:56:03.804051,,Eye Tracker,1278.0,989.0,Valid,Valid,Fixation
2022-11-16 15:56:03.820705,,Eye Tracker,1277.0,990.0,Valid,Valid,Fixation
2022-11-16 15:56:03.837360,,Eye Tracker,1280.0,990.0,Valid,Valid,Fixation
2022-11-16 15:56:03.854015,,Eye Tracker,1277.0,985.0,Valid,Valid,Fixation
2022-11-16 15:56:03.870669,,Eye Tracker,1281.0,983.0,Valid,Valid,Fixation
2022-11-16 15:56:03.887325,,Eye Tracker,1283.0,982.0,Valid,Valid,Fixation
2022-11-16 15:56:03.903980,,Eye Tracker,1278.0,982.0,Valid,Valid,Fixation
2022-11-16 15:56:03.920635,,Eye Tracker,1280.0,982.0,Valid,Valid,Fixation
2022-11-16 15:56:03.937289,,Eye Tracker,1281.0,980.0,Valid,Valid,Fixation
2022-11-16 15:56:03.953944,,Eye Tracker,1282.0,980.0,Valid,Valid,Fixation
2022-11-16 15:56:03.970599,,Eye Tracker,1284.0,983.0,Valid,Valid,Fixation
2022-11-16 15:56:03.987253,,Eye Tracker,1280.0,985.0,Valid,Valid,Fixation
2022-11-16 15:56:04.003908,,Eye Tracker,1279.0,987.0,Valid,Valid,Fixation
2022-11-16 15:56:04.020563,,Eye Tracker,1277.0,989.0,Valid,Valid,Fixation
2022-11-16 15:56:04.037217,,Eye Tracker,1281.0,987.0,Valid,Valid,Fixation
2022-11-16 15:56:04.053873,,Eye Tracker,1279.0,982.0,Valid,Valid,Fixation
2022-11-16 15:56:04.070528,,Eye Tracker,1276.0,983.0,Valid,Valid,Fixation
2022-11-16 15:56:04.087182,,Eye Tracker,1275.0,981.0,Valid,Valid,Fixation
2022-11-16 15:56:04.103837,,Eye Tracker,1277.0,976.0,Valid,Valid,Fixation
2022-11-16 15:56:04.120492,,Eye Tracker,1279.0,976.0,Valid,Valid,Fixation
2022-11-16 15:56:04.137146,,Eye Tracker,1281.0,976.0,Valid,Valid,Fixation
2022-11-16 15:56:04.153801,,Eye Tracker,1283.0,978.0,Valid,Valid,Fixation
2022-11-16 15:56:04.170456,,Eye Tracker,1272.0,977.0,Valid,Valid,Fixation
2022-11-16 15:56:04.187111,,Eye Tracker,1250.0,976.0,Valid,Valid,Fixation
2022-11-16 15:56:04.203765,,Eye Tracker,1254.0,976.0,Valid,Valid,Fixation
2022-11-16 15:56:04.220420,,Eye Tracker,1259.0,976.0,Valid,Valid,Fixation
2022-11-16 15:56:04.237076,,Eye Tracker,1258.0,974.0,Valid,Valid,Fixation
2022-11-16 15:56:04.253730,,Eye Tracker,1262.0,971.0,Valid,Valid,Fixation
2022-11-16 15:56:04.270385,,Eye Tracker,1265.0,970.0,Valid,Valid,Fixation
2022-11-16 15:56:04.287040,,Eye Tracker,1267.0,970.0,Valid,Valid,Fixation
2022-11-16 15:56:04.303694,,Eye Tracker,1263.0,978.0,Valid,Valid,Fixation
2022-11-16 15:56:04.320349,,Eye Tracker,1265.0,975.0,Valid,Valid,Fixation
2022-11-16 15:56:04.337004,,Eye Tracker,1265.0,973.0,Valid,Valid,Fixation
2022-11-16 15:56:04.353658,,Eye Tracker,1266.0,975.0,Valid,Valid,Fixation
2022-11-16 15:56:04.370313,,Eye Tracker,1267.0,968.0,Valid,Valid,Fixation
2022-11-16 15:56:04.386968,,Eye Tracker,1268.0,968.0,Valid,Valid,Fixation
2022-11-16 15:56:04.403623,,Eye Tracker,1266.0,975.0,Valid,Valid,Fixation
2022-11-16 15:56:04.420278,,Eye Tracker,1264.0,975.0,Valid,Valid,Fixation
2022-11-16 15:56:04.436933,,Eye Tracker,1265.0,973.0,Valid,Valid,Fixation
2022-11-16 15:56:04.453588,,Eye Tracker,1264.0,971.0,Valid,Valid,Fixation
2022-11-16 15:56:04.470242,,Eye Tracker,1267.0,964.0,Valid,Valid,Fixation
2022-11-16 15:56:04.486897,,Eye Tracker,1267.0,961.0,Valid,Valid,Fixation
2022-11-16 15:56:04.503552,,Eye Tracker,1263.0,961.0,Valid,Valid,Fixation
2022-11-16 15:56:04.520206,,Eye Tracker,1264.0,962.0,Valid,Valid,Fixation
2022-11-16 15:56:04.536861,,Eye Tracker,1268.0,970.0,Valid,Valid,Fixation
2022-11-16 15:56:04.553516,,Eye Tracker,1270.0,972.0,Valid,Valid,Fixation
2022-11-16 15:56:04.570171,,Eye Tracker,1268.0,963.0,Valid,Valid,Fixation
2022-11-16 15:56:04.586826,,Eye Tracker,1269.0,960.0,Valid,Valid,Fixation
2022-11-16 15:56:04.603481,,Eye Tracker,1266.0,964.0,Valid,Valid,Fixation
2022-11-16 15:56:04.620135,,Eye Tracker,1270.0,965.0,Valid,Valid,Fixation
2022-11-16 15:56:04.636790,,Eye Tracker,1272.0,962.0,Valid,Valid,Fixation
2022-11-16 15:56:04.653445,,Eye Tracker,1270.0,959.0,Valid,Valid,Fixation
2022-11-16 15:56:04.670099,,Eye Tracker,1267.0,956.0,Valid,Valid,Fixation
2022-11-16 15:56:04.686754,,Eye Tracker,1265.0,957.0,Valid,Valid,Fixation
2022-11-16 15:56:04.703409,,Eye Tracker,1270.0,952.0,Valid,Valid,Fixation
2022-11-16 15:56:04.720064,,Eye Tracker,1270.0,949.0,Valid,Valid,Fixation
2022-11-16 15:56:04.736719,,Eye Tracker,1270.0,963.0,Valid,Valid,Fixation
2022-11-16 15:56:04.753374,,Eye Tracker,1271.0,964.0,Valid,Valid,Fixation
2022-11-16 15:56:04.770029,,Eye Tracker,1271.0,958.0,Valid,Valid,Fixation
2022-11-16 15:56:04.786683,,Eye Tracker,1271.0,960.0,Valid,Valid,Fixation
2022-11-16 15:56:04.803338,,Eye Tracker,1270.0,955.0,Valid,Valid,Fixation
2022-11-16 15:56:04.819993,,Eye Tracker,1269.0,951.0,Valid,Valid,Fixation
2022-11-16 15:56:04.836647,,Eye Tracker,1268.0,952.0,Valid,Valid,Fixation
2022-11-16 15:56:04.853302,,Eye Tracker,1266.0,952.0,Valid,Valid,Fixation
2022-11-16 15:56:04.869957,,Eye Tracker,1266.0,952.0,Valid,Valid,Fixation
2022-11-16 15:56:04.886611,,Eye Tracker,1266.0,947.0,Valid,Valid,Fixation
2022-11-16 15:56:04.903266,,Eye Tracker,1266.0,946.0,Valid,Valid,Fixation
2022-11-16 15:56:04.919922,,Eye Tracker,1269.0,946.0,Valid,Valid,Fixation
2022-11-16 15:56:04.936576,,Eye Tracker,1267.0,949.0,Valid,Valid,Fixation
2022-11-16 15:56:04.953231,,Eye Tracker,1268.0,946.0,Valid,Valid,Fixation
2022-11-16 15:56:04.969886,,Eye Tracker,1265.0,940.0,Valid,Valid,Fixation
2022-11-16 15:56:04.986541,,Eye Tracker,1263.0,939.0,Valid,Valid,Fixation
2022-11-16 15:56:05.003195,,Eye Tracker,1262.0,940.0,Valid,Valid,Fixation
2022-11-16 15:56:05.019850,,Eye Tracker,1261.0,913.0,Valid,Valid,Saccade
2022-11-16 15:56:05.036505,,Eye Tracker,1268.0,898.0,Valid,Valid,Fixation
2022-11-16 15:56:05.053159,,Eye Tracker,1269.0,904.0,Valid,Valid,Fixation
2022-11-16 15:56:05.069814,,Eye Tracker,1267.0,904.0,Valid,Valid,Fixation
2022-11-16 15:56:05.086470,,Eye Tracker,1266.0,901.0,Valid,Valid,Fixation
2022-11-16 15:56:05.103124,,Eye Tracker,1266.0,896.0,Valid,Valid,Fixation
2022-11-16 15:56:05.119779,,Eye Tracker,1263.0,894.0,Valid,Valid,Fixation
2022-11-16 15:56:05.136434,,Eye Tracker,1257.0,896.0,Valid,Valid,Fixation
2022-11-16 15:56:05.153088,,Eye Tracker,1261.0,898.0,Valid,Valid,Fixation
2022-11-16 15:56:05.169743,,Eye Tracker,1269.0,899.0,Valid,Valid,Fixation
2022-11-16 15:56:05.186398,,Eye Tracker,1265.0,898.0,Valid,Valid,Fixation
2022-11-16 15:56:05.203052,,Eye Tracker,1266.0,895.0,Valid,Valid,Fixation
2022-11-16 15:56:05.219707,,Eye Tracker,1265.0,891.0,Valid,Valid,Fixation
2022-11-16 15:56:05.236362,,Eye Tracker,1261.0,891.0,Valid,Valid,Fixation
2022-11-16 15:56:05.253018,,Eye Tracker,1262.0,888.0,Valid,Valid,Fixation
2022-11-16 15:56:05.269672,,Eye Tracker,1260.0,890.0,Valid,Valid,Fixation
2022-11-16 15:56:05.286327,,Eye Tracker,1258.0,893.0,Valid,Valid,Fixation
2022-11-16 15:56:05.302982,,Eye Tracker,1262.0,892.0,Valid,Valid,Fixation
2022-11-16 15:56:05.319636,,Eye Tracker,1262.0,894.0,Valid,Valid,Fixation
2022-11-16 15:56:05.336291,,Eye Tracker,1267.0,893.0,Valid,Valid,Fixation
2022-11-16 15:56:05.352946,,Eye Tracker,1267.0,892.0,Valid,Valid,Fixation
2022-11-16 15:56:05.369600,,Eye Tracker,1255.0,889.0,Valid,Valid,Fixation
2022-11-16 15:56:05.386255,,Eye Tracker,1254.0,887.0,Valid,Valid,Fixation
2022-11-16 15:56:05.402910,,Eye Tracker,1257.0,888.0,Valid,Valid,Fixation
2022-11-16 15:56:05.419564,,Eye Tracker,1256.0,889.0,Valid,Valid,Fixation
2022-11-16 15:56:05.436220,,Eye Tracker,1263.0,887.0,Valid,Valid,Fixation
2022-11-16 15:56:05.452875,,Eye Tracker,1266.0,887.0,Valid,Valid,Fixation
2022-11-16 15:56:05.469529,,Eye Tracker,1265.0,884.0,Valid,Valid,Fixation
2022-11-16 15:56:05.486184,,Eye Tracker,1262.0,881.0,Valid,Valid,Fixation
2022-11-16 15:56:05.502839,,Eye Tracker,1261.0,883.0,Valid,Valid,Fixation
2022-11-16 15:56:05.519494,,Eye Tracker,1260.0,885.0,Valid,Valid,Fixation
2022-11-16 15:56:05.536148,,Eye Tracker,1261.0,885.0,Valid,Valid,Fixation
2022-11-16 15:56:05.552803,,Eye Tracker,1262.0,885.0,Valid,Valid,Fixation
2022-11-16 15:56:05.569458,,Eye Tracker,1264.0,883.0,Valid,Valid,Fixation
2022-11-16 15:56:05.586112,,Eye Tracker,1264.0,877.0,Valid,Valid,Fixation
2022-11-16 15:56:05.602768,,Eye Tracker,1261.0,875.0,Valid,Valid,Fixation
2022-11-16 15:56:05.619423,,Eye Tracker,1260.0,876.0,Valid,Valid,Fixation
2022-11-16 15:56:05.636077,,Eye Tracker,1261.0,875.0,Valid,Valid,Fixation
2022-11-16 15:56:05.652733,,Eye Tracker,1262.0,872.0,Valid,Valid,Fixation
2022-11-16 15:56:05.669388,,Eye Tracker,1263.0,873.0,Valid,Valid,Fixation
2022-11-16 15:56:05.686042,,Eye Tracker,1262.0,872.0,Valid,Valid,Fixation
2022-11-16 15:56:05.702697,,Eye Tracker,1261.0,870.0,Valid,Valid,Fixation
2022-11-16 15:56:05.719352,,Eye Tracker,1262.0,871.0,Valid,Valid,Fixation
2022-11-16 15:56:05.736006,,Eye Tracker,1262.0,873.0,Valid,Valid,Fixation
2022-11-16 15:56:05.752661,,Eye Tracker,1263.0,875.0,Valid,Valid,Fixation
2022-11-16 15:56:05.769317,,Eye Tracker,1262.0,875.0,Valid,Valid,Fixation
2022-11-16 15:56:05.785972,,Eye Tracker,1265.0,868.0,Valid,Valid,Fixation
2022-11-16 15:56:05.802626,,Eye Tracker,1269.0,866.0,Valid,Valid,Fixation
2022-11-16 15:56:05.819281,,Eye Tracker,1271.0,863.0,Valid,Valid,Fixation
2022-11-16 15:56:05.835936,,Eye Tracker,1279.0,857.0,Valid,Valid,Fixation
2022-11-16 15:56:05.852590,,Eye Tracker,1279.0,859.0,Valid,Valid,Fixation
2022-11-16 15:56:05.869245,,Eye Tracker,1279.0,859.0,Valid,Valid,Fixation
2022-11-16 15:56:05.885900,,Eye Tracker,1280.0,860.0,Valid,Valid,Fixation
2022-11-16 15:56:05.902554,,Eye Tracker,1276.0,873.0,Valid,Valid,Fixation
2022-11-16 15:56:05.919209,,Eye Tracker,1279.0,893.0,Valid,Valid,Fixation
2022-11-16 15:56:05.935865,,Eye Tracker,1281.0,891.0,Valid,Valid,Fixation
2022-11-16 15:56:05.952519,,Eye Tracker,1287.0,892.0,Valid,Valid,Fixation
2022-11-16 15:56:05.969174,,Eye Tracker,1284.0,888.0,Valid,Valid,Fixation
2022-11-16 15:56:05.985829,,Eye Tracker,1267.0,865.0,Valid,Valid,Saccade
2022-11-16 15:56:06.002483,,Eye Tracker,1266.0,854.0,Valid,Valid,Fixation
2022-11-16 15:56:06.019138,,Eye Tracker,1269.0,848.0,Valid,Valid,Fixation
2022-11-16 15:56:06.035793,,Eye Tracker,1272.0,852.0,Valid,Valid,Fixation
2022-11-16 15:56:06.052448,,Eye Tracker,1273.0,848.0,Valid,Valid,Fixation
2022-11-16 15:56:06.069102,,Eye Tracker,1276.0,846.0,Valid,Valid,Fixation
2022-11-16 15:56:06.085757,,Eye Tracker,1279.0,847.0,Valid,Valid,Fixation
2022-11-16 15:56:06.102413,,Eye Tracker,1278.0,848.0,Valid,Valid,Fixation
2022-11-16 15:56:06.119068,,Eye Tracker,1276.0,843.0,Valid,Valid,Fixation
2022-11-16 15:56:06.135723,,Eye Tracker,1270.0,851.0,Valid,Valid,Fixation
2022-11-16 15:56:06.152378,,Eye Tracker,1264.0,863.0,Valid,Valid,Fixation
2022-11-16 15:56:06.169032,,Eye Tracker,1267.0,869.0,Valid,Valid,Fixation
2022-11-16 15:56:06.185687,,Eye Tracker,1269.0,889.0,Valid,Valid,Fixation
2022-11-16 15:56:06.202342,,Eye Tracker,1267.0,898.0,Valid,Valid,Fixation
2022-11-16 15:56:06.218996,,Eye Tracker,1279.0,919.0,Valid,Valid,Saccade
2022-11-16 15:56:06.235651,,Eye Tracker,1325.0,1045.0,Valid,Invalid,Saccade
2022-11-16 15:56:06.252306,,Eye Tracker,,,Invalid,Invalid,EyesNotFound
2022-11-16 15:56:06.268960,,Eye Tracker,,,Invalid,Invalid,EyesNotFound
2022-11-16 15:56:06.285616,,Eye Tracker,,,Invalid,Invalid,EyesNotFound
2022-11-16 15:56:06.302271,,Eye Tracker,1740.0,1307.0,Invalid,Valid,Unclassified
2022-11-16 15:56:06.318926,,Eye Tracker,1740.0,1307.0,Invalid,Valid,Unclassified
2022-11-16 15:56:06.335580,,Eye Tracker,1290.0,851.0,Valid,Valid,Saccade
2022-11-16 15:56:06.352235,,Eye Tracker,1297.0,863.0,Valid,Valid,Fixation
2022-11-16 15:56:06.368890,,Eye Tracker,1300.0,835.0,Valid,Valid,Fixation
2022-11-16 15:56:06.385544,,Eye Tracker,1310.0,856.0,Valid,Valid,Fixation
2022-11-16 15:56:06.402199,,Eye Tracker,1314.0,849.0,Valid,Valid,Fixation
2022-11-16 15:56:06.418854,,Eye Tracker,1290.0,792.0,Valid,Valid,Saccade
2022-11-16 15:56:06.435508,,Eye Tracker,1291.0,784.0,Valid,Valid,Fixation
2022-11-16 15:56:06.452164,,Eye Tracker,1297.0,771.0,Valid,Valid,Fixation
2022-11-16 15:56:06.468819,,Eye Tracker,1298.0,766.0,Valid,Valid,Fixation
2022-11-16 15:56:06.485473,,Eye Tracker,1303.0,764.0,Valid,Valid,Fixation
2022-11-16 15:56:06.502128,,Eye Tracker,1300.0,759.0,Valid,Valid,Fixation
2022-11-16 15:56:06.518783,,Eye Tracker,1297.0,751.0,Valid,Valid,Fixation
2022-11-16 15:56:06.535437,,Eye Tracker,1293.0,763.0,Valid,Valid,Fixation
2022-11-16 15:56:06.552093,,Eye Tracker,1290.0,765.0,Valid,Valid,Fixation
2022-11-16 15:56:06.568748,,Eye Tracker,1290.0,772.0,Valid,Valid,Fixation
2022-11-16 15:56:06.585403,,Eye Tracker,1290.0,773.0,Valid,Valid,Fixation
2022-11-16 15:56:06.602057,,Eye Tracker,1291.0,771.0,Valid,Valid,Fixation
2022-11-16 15:56:06.618713,,Eye Tracker,1293.0,777.0,Valid,Valid,Fixation
2022-11-16 15:56:06.635368,,Eye Tracker,1292.0,774.0,Valid,Valid,Fixation
2022-11-16 15:56:06.652022,,Eye Tracker,1288.0,774.0,Valid,Valid,Fixation
2022-11-16 15:56:06.668677,,Eye Tracker,1289.0,769.0,Valid,Valid,Fixation
2022-11-16 15:56:06.685332,,Eye Tracker,1261.0,761.0,Valid,Valid,Saccade
2022-11-16 15:56:06.701986,,Eye Tracker,1239.0,759.0,Valid,Valid,Fixation
2022-11-16 15:56:06.718641,,Eye Tracker,1245.0,753.0,Valid,Valid,Fixation
2022-11-16 15:56:06.735296,,Eye Tracker,1245.0,754.0,Valid,Valid,Fixation
2022-11-16 15:56:06.751950,,Eye Tracker,1245.0,756.0,Valid,Valid,Fixation
2022-11-16 15:56:06.768605,,Eye Tracker,1249.0,752.0,Valid,Valid,Fixation
2022-11-16 15:56:06.785260,,Eye Tracker,1249.0,746.0,Valid,Valid,Fixation
2022-11-16 15:56:06.801915,,Eye Tracker,1246.0,745.0,Valid,Valid,Fixation
2022-11-16 15:56:06.818570,,Eye Tracker,1247.0,751.0,Valid,Valid,Fixation
2022-11-16 15:56:06.835225,,Eye Tracker,1249.0,749.0,Valid,Valid,Fixation
2022-11-16 15:56:06.851880,,Eye Tracker,1246.0,748.0,Valid,Valid,Fixation
2022-11-16 15:56:06.868534,,Eye Tracker,1246.0,742.0,Valid,Valid,Fixation
2022-11-16 15:56:06.885189,,Eye Tracker,1248.0,740.0,Valid,Valid,Fixation
2022-11-16 15:56:06.901844,,Eye Tracker,1244.0,741.0,Valid,Valid,Fixation
2022-11-16 15:56:06.918498,,Eye Tracker,1245.0,737.0,Valid,Valid,Fixation
2022-11-16 15:56:06.935154,,Eye Tracker,1252.0,740.0,Valid,Valid,Fixation
2022-11-16 15:56:06.951809,,Eye Tracker,1253.0,738.0,Valid,Valid,Fixation
2022-11-16 15:56:06.968463,,Eye Tracker,1248.0,733.0,Valid,Valid,Fixation
2022-11-16 15:56:06.985118,,Eye Tracker,1246.0,735.0,Valid,Valid,Fixation
2022-11-16 15:56:07.001773,,Eye Tracker,1255.0,745.0,Valid,Valid,Fixation
2022-11-16 15:56:07.018428,,Eye Tracker,1257.0,743.0,Valid,Valid,Fixation
2022-11-16 15:56:07.035083,,Eye Tracker,1249.0,739.0,Valid,Valid,Fixation
2022-11-16 15:56:07.051738,,Eye Tracker,1248.0,739.0,Valid,Valid,Fixation
2022-11-16 15:56:07.068392,,Eye Tracker,1262.0,757.0,Valid,Valid,Saccade
2022-11-16 15:56:07.085047,,Eye Tracker,1271.0,769.0,Valid,Valid,Fixation
2022-11-16 15:56:07.101702,,Eye Tracker,1270.0,771.0,Valid,Valid,Fixation
2022-11-16 15:56:07.118357,,Eye Tracker,1272.0,769.0,Valid,Valid,Fixation
2022-11-16 15:56:07.135012,,Eye Tracker,1272.0,759.0,Valid,Valid,Fixation
2022-11-16 15:56:07.151667,,Eye Tracker,1274.0,763.0,Valid,Valid,Fixation
2022-11-16 15:56:07.168322,,Eye Tracker,1274.0,757.0,Valid,Valid,Fixation
2022-11-16 15:56:07.184976,,Eye Tracker,1269.0,757.0,Valid,Valid,Fixation
2022-11-16 15:56:07.201631,,Eye Tracker,1272.0,759.0,Valid,Valid,Fixation
2022-11-16 15:56:07.218286,,Eye Tracker,1272.0,754.0,Valid,Valid,Fixation
2022-11-16 15:56:07.234940,,Eye Tracker,1266.0,757.0,Valid,Valid,Fixation
2022-11-16 15:56:07.251595,,Eye Tracker,1269.0,759.0,Valid,Valid,Fixation
2022-11-16 15:56:07.268250,,Eye Tracker,1271.0,752.0,Valid,Valid,Fixation
2022-11-16 15:56:07.284905,,Eye Tracker,1271.0,759.0,Valid,Valid,Fixation
2022-11-16 15:56:07.301560,,Eye Tracker,1270.0,765.0,Valid,Valid,Fixation
2022-11-16 15:56:07.318215,,Eye Tracker,1270.0,756.0,Valid,Valid,Fixation
2022-11-16 15:56:07.334869,,Eye Tracker,1272.0,762.0,Valid,Valid,Fixation
2022-11-16 15:56:07.351524,,Eye Tracker,1273.0,763.0,Valid,Valid,Fixation
2022-11-16 15:56:07.368179,,Eye Tracker,1273.0,760.0,Valid,Valid,Fixation
2022-11-16 15:56:07.384834,,Eye Tracker,1274.0,760.0,Valid,Valid,Fixation
2022-11-16 15:56:07.401488,,Eye Tracker,1273.0,758.0,Valid,Valid,Fixation
2022-11-16 15:56:07.418143,,Eye Tracker,1273.0,757.0,Valid,Valid,Fixation
2022-11-16 15:56:07.434798,,Eye Tracker,1274.0,757.0,Valid,Valid,Fixation
2022-11-16 15:56:07.451453,,Eye Tracker,1275.0,756.0,Valid,Valid,Fixation
2022-11-16 15:56:07.468108,,Eye Tracker,1275.0,755.0,Valid,Valid,Fixation
2022-11-16 15:56:07.484764,,Eye Tracker,1275.0,755.0,Valid,Valid,Fixation
2022-11-16 15:56:07.501418,,Eye Tracker,1275.0,754.0,Valid,Valid,Fixation
2022-11-16 15:56:07.518073,,Eye Tracker,1276.0,759.0,Valid,Valid,Fixation
2022-11-16 15:56:07.534728,,Eye Tracker,1277.0,758.0,Valid,Valid,Fixation
2022-11-16 15:56:07.551382,,Eye Tracker,1277.0,753.0,Valid,Valid,Fixation
2022-11-16 15:56:07.568037,,Eye Tracker,1279.0,749.0,Valid,Valid,Fixation
2022-11-16 15:56:07.584692,,Eye Tracker,1281.0,752.0,Valid,Valid,Fixation
2022-11-16 15:56:07.601346,,Eye Tracker,1277.0,761.0,Valid,Valid,Fixation
2022-11-16 15:56:07.618001,,Eye Tracker,1276.0,759.0,Valid,Valid,Fixation
2022-11-16 15:56:07.634656,,Eye Tracker,1276.0,757.0,Valid,Valid,Fixation
2022-11-16 15:56:07.651312,,Eye Tracker,1275.0,760.0,Valid,Valid,Fixation
2022-11-16 15:56:07.667966,,Eye Tracker,1275.0,759.0,Valid,Valid,Fixation
2022-11-16 15:56:07.684621,,Eye Tracker,1276.0,759.0,Valid,Valid,Fixation
2022-11-16 15:56:07.701276,,Eye Tracker,1278.0,753.0,Valid,Valid,Fixation
2022-11-16 15:56:07.717930,,Eye Tracker,1279.0,751.0,Valid,Valid,Fixation
2022-11-16 15:56:07.734585,,Eye Tracker,1278.0,763.0,Valid,Valid,Fixation
2022-11-16 15:56:07.751240,,Eye Tracker,1276.0,769.0,Valid,Valid,Fixation
2022-11-16 15:56:07.767894,,Eye Tracker,1277.0,763.0,Valid,Valid,Fixation
2022-11-16 15:56:07.784550,,Eye Tracker,1277.0,760.0,Valid,Valid,Fixation
2022-11-16 15:56:07.801205,,Eye Tracker,1283.0,755.0,Valid,Valid,Fixation
2022-11-16 15:56:07.817859,,Eye Tracker,1282.0,757.0,Valid,Valid,Fixation
2022-11-16 15:56:07.834514,,Eye Tracker,1272.0,760.0,Valid,Valid,Fixation
2022-11-16 15:56:07.851169,,Eye Tracker,1272.0,755.0,Valid,Valid,Fixation
2022-11-16 15:56:07.867824,,Eye Tracker,1277.0,760.0,Valid,Valid,Fixation
2022-11-16 15:56:07.884478,,Eye Tracker,1277.0,762.0,Valid,Valid,Fixation
2022-11-16 15:56:07.901133,,Eye Tracker,1277.0,759.0,Valid,Valid,Fixation
2022-11-16 15:56:07.917789,,Eye Tracker,1280.0,761.0,Valid,Valid,Fixation
2022-11-16 15:56:07.934443,,Eye Tracker,1280.0,762.0,Valid,Valid,Fixation
2022-11-16 15:56:07.951098,,Eye Tracker,1278.0,760.0,Valid,Valid,Fixation
2022-11-16 15:56:07.967753,,Eye Tracker,1279.0,758.0,Valid,Valid,Fixation
2022-11-16 15:56:07.984407,,Eye Tracker,1281.0,760.0,Valid,Valid,Fixation
2022-11-16 15:56:08.001063,,Eye Tracker,1279.0,763.0,Valid,Valid,Fixation
2022-11-16 15:56:08.017718,,Eye Tracker,1281.0,763.0,Valid,Valid,Fixation
2022-11-16 15:56:08.034372,,Eye Tracker,1278.0,761.0,Valid,Valid,Fixation
2022-11-16 15:56:08.051027,,Eye Tracker,1270.0,760.0,Valid,Valid,Fixation
2022-11-16 15:56:08.067682,,Eye Tracker,1268.0,756.0,Valid,Valid,Fixation
2022-11-16 15:56:08.084336,,Eye Tracker,1271.0,757.0,Valid,Valid,Fixation
2022-11-16 15:56:08.100991,,Eye Tracker,1268.0,761.0,Valid,Valid,Fixation
2022-11-16 15:56:08.117647,,Eye Tracker,1265.0,762.0,Valid,Valid,Fixation
2022-11-16 15:56:08.134301,,Eye Tracker,1266.0,758.0,Valid,Valid,Fixation
2022-11-16 15:56:08.150956,,Eye Tracker,1272.0,757.0,Valid,Valid,Fixation
2022-11-16 15:56:08.167611,,Eye Tracker,1272.0,758.0,Valid,Valid,Fixation
2022-11-16 15:56:08.184266,,Eye Tracker,1268.0,756.0,Valid,Valid,Fixation
2022-11-16 15:56:08.200920,,Eye Tracker,1272.0,760.0,Valid,Valid,Fixation
2022-11-16 15:56:08.217575,,Eye Tracker,1272.0,763.0,Valid,Valid,Fixation
2022-11-16 15:56:08.234230,,Eye Tracker,1268.0,762.0,Valid,Valid,Fixation
2022-11-16 15:56:08.250884,,Eye Tracker,1268.0,760.0,Valid,Valid,Fixation
2022-11-16 15:56:08.267539,,Eye Tracker,1267.0,759.0,Valid,Valid,Fixation
2022-11-16 15:56:08.284195,,Eye Tracker,1266.0,760.0,Valid,Valid,Fixation
2022-11-16 15:56:08.300849,,Eye Tracker,1269.0,763.0,Valid,Valid,Fixation
2022-11-16 15:56:08.317504,,Eye Tracker,1271.0,765.0,Valid,Valid,Fixation
2022-11-16 15:56:08.334159,,Eye Tracker,1272.0,762.0,Valid,Valid,Fixation
2022-11-16 15:56:08.350813,,Eye Tracker,1273.0,763.0,Valid,Valid,Fixation
2022-11-16 15:56:08.367468,,Eye Tracker,1273.0,766.0,Valid,Valid,Fixation
2022-11-16 15:56:08.384124,,Eye Tracker,1270.0,761.0,Valid,Valid,Fixation
2022-11-16 15:56:08.400778,,Eye Tracker,1273.0,760.0,Valid,Valid,Fixation
2022-11-16 15:56:08.417433,,Eye Tracker,1272.0,763.0,Valid,Valid,Fixation
2022-11-16 15:56:08.434088,,Eye Tracker,1269.0,763.0,Valid,Valid,Fixation
2022-11-16 15:56:08.450743,,Eye Tracker,1273.0,762.0,Valid,Valid,Fixation
2022-11-16 15:56:08.467397,,Eye Tracker,1273.0,760.0,Valid,Valid,Fixation
2022-11-16 15:56:08.484052,,Eye Tracker,1271.0,759.0,Valid,Valid,Fixation
2022-11-16 15:56:08.500707,,Eye Tracker,1273.0,761.0,Valid,Valid,Fixation
2022-11-16 15:56:08.517362,,Eye Tracker,1274.0,764.0,Valid,Valid,Fixation
2022-11-16 15:56:08.534017,,Eye Tracker,1276.0,760.0,Valid,Valid,Fixation
2022-11-16 15:56:08.550672,,Eye Tracker,1276.0,758.0,Valid,Valid,Fixation
2022-11-16 15:56:08.567326,,Eye Tracker,1273.0,760.0,Valid,Valid,Fixation
2022-11-16 15:56:08.583981,,Eye Tracker,1270.0,759.0,Valid,Valid,Fixation
2022-11-16 15:56:08.600636,,Eye Tracker,1268.0,759.0,Valid,Valid,Fixation
2022-11-16 15:56:08.617290,,Eye Tracker,1273.0,761.0,Valid,Valid,Fixation
2022-11-16 15:56:08.633946,,Eye Tracker,1278.0,760.0,Valid,Valid,Fixation
2022-11-16 15:56:08.650601,,Eye Tracker,1274.0,762.0,Valid,Valid,Fixation
2022-11-16 15:56:08.667255,,Eye Tracker,1274.0,765.0,Valid,Valid,Fixation
2022-11-16 15:56:08.683910,,Eye Tracker,1277.0,768.0,Valid,Valid,Fixation
2022-11-16 15:56:08.700565,,Eye Tracker,1278.0,765.0,Valid,Valid,Fixation
2022-11-16 15:56:08.717220,,Eye Tracker,1277.0,765.0,Valid,Valid,Fixation
2022-11-16 15:56:08.733874,,Eye Tracker,1275.0,771.0,Valid,Valid,Fixation
2022-11-16 15:56:08.750529,,Eye Tracker,1274.0,769.0,Valid,Valid,Fixation
2022-11-16 15:56:08.767184,,Eye Tracker,1272.0,767.0,Valid,Valid,Fixation
2022-11-16 15:56:08.783838,,Eye Tracker,1271.0,767.0,Valid,Valid,Fixation
2022-11-16 15:56:08.800494,,Eye Tracker,1275.0,766.0,Valid,Valid,Fixation
2022-11-16 15:56:08.817149,,Eye Tracker,1280.0,764.0,Valid,Valid,Fixation
2022-11-16 15:56:08.833803,,Eye Tracker,1282.0,764.0,Valid,Valid,Fixation
2022-11-16 15:56:08.850459,,Eye Tracker,1283.0,765.0,Valid,Valid,Fixation
2022-11-16 15:56:08.867114,,Eye Tracker,1285.0,760.0,Valid,Valid,Fixation
2022-11-16 15:56:08.883768,,Eye Tracker,1283.0,763.0,Valid,Valid,Fixation
2022-11-16 15:56:08.900423,,Eye Tracker,1273.0,766.0,Valid,Valid,Fixation
2022-11-16 15:56:08.917078,,Eye Tracker,1263.0,767.0,Valid,Valid,Fixation
2022-11-16 15:56:08.933732,,Eye Tracker,1265.0,764.0,Valid,Valid,Fixation
2022-11-16 15:56:08.950387,,Eye Tracker,1269.0,763.0,Valid,Valid,Fixation
2022-11-16 15:56:08.967043,,Eye Tracker,1265.0,774.0,Valid,Valid,Fixation
2022-11-16 15:56:08.983698,,Eye Tracker,1262.0,773.0,Valid,Valid,Fixation
2022-11-16 15:56:09.000352,,Eye Tracker,1260.0,776.0,Valid,Valid,Fixation
2022-11-16 15:56:09.017007,,Eye Tracker,1259.0,778.0,Valid,Valid,Fixation
2022-11-16 15:56:09.033662,,Eye Tracker,1256.0,775.0,Valid,Valid,Fixation
2022-11-16 15:56:09.050316,,Eye Tracker,1259.0,775.0,Valid,Valid,Fixation
2022-11-16 15:56:09.066971,,Eye Tracker,1261.0,776.0,Valid,Valid,Fixation
2022-11-16 15:56:09.083626,,Eye Tracker,1259.0,777.0,Valid,Valid,Fixation
2022-11-16 15:56:09.100280,,Eye Tracker,1264.0,775.0,Valid,Valid,Fixation
2022-11-16 15:56:09.116935,,Eye Tracker,1266.0,776.0,Valid,Valid,Fixation
2022-11-16 15:56:09.133591,,Eye Tracker,1263.0,779.0,Valid,Valid,Fixation
2022-11-16 15:56:09.150245,,Eye Tracker,1261.0,778.0,Valid,Valid,Fixation
2022-11-16 15:56:09.166900,,Eye Tracker,1254.0,779.0,Valid,Valid,Fixation
2022-11-16 15:56:09.183555,,Eye Tracker,1250.0,782.0,Valid,Valid,Fixation
2022-11-16 15:56:09.200209,,Eye Tracker,1257.0,780.0,Valid,Valid,Fixation
2022-11-16 15:56:09.216864,,Eye Tracker,1261.0,777.0,Valid,Valid,Fixation
2022-11-16 15:56:09.233519,,Eye Tracker,1258.0,775.0,Valid,Valid,Fixation
2022-11-16 15:56:09.250174,,Eye Tracker,1258.0,773.0,Valid,Valid,Fixation
2022-11-16 15:56:09.266828,,Eye Tracker,1259.0,774.0,Valid,Valid,Fixation
2022-11-16 15:56:09.283484,,Eye Tracker,1259.0,782.0,Valid,Valid,Fixation
2022-11-16 15:56:09.300139,,Eye Tracker,1260.0,778.0,Valid,Valid,Fixation
2022-11-16 15:56:09.316793,,Eye Tracker,1259.0,776.0,Valid,Valid,Fixation
2022-11-16 15:56:09.333448,,Eye Tracker,1264.0,774.0,Valid,Valid,Fixation
2022-11-16 15:56:09.350103,,Eye Tracker,1266.0,766.0,Valid,Valid,Fixation
2022-11-16 15:56:09.366758,,Eye Tracker,1265.0,765.0,Valid,Valid,Fixation
2022-11-16 15:56:09.383413,,Eye Tracker,1268.0,770.0,Valid,Valid,Fixation
2022-11-16 15:56:09.400068,,Eye Tracker,1267.0,771.0,Valid,Valid,Fixation
2022-11-16 15:56:09.416722,,Eye Tracker,1271.0,767.0,Valid,Valid,Fixation
2022-11-16 15:56:09.433377,,Eye Tracker,1272.0,766.0,Valid,Valid,Fixation
2022-11-16 15:56:09.450032,,Eye Tracker,1275.0,761.0,Valid,Valid,Fixation
2022-11-16 15:56:09.466688,,Eye Tracker,1287.0,761.0,Valid,Valid,Fixation
2022-11-16 15:56:09.483342,,Eye Tracker,1279.0,798.0,Valid,Valid,Saccade
2022-11-16 15:56:09.499997,,Eye Tracker,1276.0,814.0,Valid,Valid,Unclassified
2022-11-16 15:56:09.516652,,Eye Tracker,1302.0,839.0,Valid,Valid,Saccade
2022-11-16 15:56:09.533306,,Eye Tracker,1302.0,881.0,Valid,Valid,Saccade
2022-11-16 15:56:09.549961,,Eye Tracker,1289.0,878.0,Valid,Valid,Unclassified
2022-11-16 15:56:09.566616,,Eye Tracker,1284.0,846.0,Valid,Valid,Saccade
2022-11-16 15:56:09.583270,,Eye Tracker,1296.0,848.0,Valid,Valid,Unclassified
2022-11-16 15:56:09.599925,,Eye Tracker,1321.0,840.0,Valid,Valid,Saccade
2022-11-16 15:56:09.616580,,Eye Tracker,1325.0,808.0,Valid,Valid,Unclassified
2022-11-16 15:56:09.633235,,Eye Tracker,1317.0,783.0,Valid,Invalid,Unclassified
2022-11-16 15:56:09.649890,,Eye Tracker,,,Invalid,Invalid,EyesNotFound
2022-11-16 15:56:09.666545,,Eye Tracker,,,Invalid,Invalid,EyesNotFound
2022-11-16 15:56:09.683199,,Eye Tracker,,,Invalid,Invalid,EyesNotFound
2022-11-16 15:56:09.699854,,Eye Tracker,,,Invalid,Invalid,EyesNotFound
2022-11-16 15:56:09.716509,,Eye Tracker,,,Invalid,Invalid,EyesNotFound
2022-11-16 15:56:09.733163,,Eye Tracker,,,Invalid,Invalid,EyesNotFound
2022-11-16 15:56:09.749819,,Eye Tracker,,,Invalid,Invalid,EyesNotFound
2022-11-16 15:56:09.766474,,Eye Tracker,1350.0,990.0,Valid,Invalid,Saccade
2022-11-16 15:56:09.783129,,Eye Tracker,1321.0,960.0,Valid,Valid,Saccade
2022-11-16 15:56:09.799784,,Eye Tracker,1302.0,873.0,Valid,Valid,Saccade
2022-11-16 15:56:09.816439,,Eye Tracker,1298.0,865.0,Valid,Valid,Unclassified
2022-11-16 15:56:09.833094,,Eye Tracker,1270.0,856.0,Valid,Valid,Saccade
2022-11-16 15:56:09.849748,,Eye Tracker,1263.0,843.0,Valid,Valid,Unclassified
2022-11-16 15:56:09.866403,,Eye Tracker,1266.0,831.0,Valid,Valid,Unclassified
2022-11-16 15:56:09.883058,,Eye Tracker,1275.0,801.0,Valid,Valid,Saccade
2022-11-16 15:56:09.899712,,Eye Tracker,1277.0,788.0,Valid,Valid,Fixation
2022-11-16 15:56:09.916367,,Eye Tracker,1275.0,776.0,Valid,Valid,Fixation
2022-11-16 15:56:09.933022,,Eye Tracker,1276.0,784.0,Valid,Valid,Fixation
2022-11-16 15:56:09.949676,,Eye Tracker,1277.0,773.0,Valid,Valid,Fixation
2022-11-16 15:56:09.966331,,Eye Tracker,1277.0,775.0,Valid,Valid,Fixation
2022-11-16 15:56:09.982987,,Eye Tracker,1281.0,773.0,Valid,Valid,Fixation
2022-11-16 15:56:09.999641,,Eye Tracker,1279.0,772.0,Valid,Valid,Fixation
2022-11-16 15:56:10.016296,,Eye Tracker,1274.0,773.0,Valid,Valid,Fixation
2022-11-16 15:56:10.032951,,Eye Tracker,1266.0,779.0,Valid,Valid,Fixation
2022-11-16 15:56:10.049606,,Eye Tracker,1269.0,782.0,Valid,Valid,Fixation
2022-11-16 15:56:10.066260,,Eye Tracker,1276.0,783.0,Valid,Valid,Fixation
2022-11-16 15:56:10.082915,,Eye Tracker,1277.0,782.0,Valid,Valid,Fixation
2022-11-16 15:56:10.099570,,Eye Tracker,1274.0,781.0,Valid,Valid,Fixation
2022-11-16 15:56:10.116224,,Eye Tracker,1271.0,783.0,Valid,Valid,Fixation
2022-11-16 15:56:10.132879,,Eye Tracker,1267.0,785.0,Valid,Valid,Fixation
2022-11-16 15:56:10.149535,,Eye Tracker,1267.0,782.0,Valid,Valid,Fixation
2022-11-16 15:56:10.166189,,Eye Tracker,1270.0,774.0,Valid,Valid,Fixation
2022-11-16 15:56:10.182844,,Eye Tracker,1267.0,778.0,Valid,Valid,Fixation
2022-11-16 15:56:10.199500,,Eye Tracker,1266.0,781.0,Valid,Valid,Fixation
2022-11-16 15:56:10.216154,,Eye Tracker,1270.0,780.0,Valid,Valid,Fixation
2022-11-16 15:56:10.232809,,Eye Tracker,1265.0,779.0,Valid,Valid,Fixation
2022-11-16 15:56:10.249464,,Eye Tracker,1267.0,781.0,Valid,Valid,Fixation
2022-11-16 15:56:10.266118,,Eye Tracker,1276.0,784.0,Valid,Valid,Fixation
2022-11-16 15:56:10.282773,,Eye Tracker,1273.0,782.0,Valid,Valid,Fixation
2022-11-16 15:56:10.299428,,Eye Tracker,1271.0,775.0,Valid,Valid,Fixation
2022-11-16 15:56:10.316084,,Eye Tracker,1271.0,772.0,Valid,Valid,Fixation
2022-11-16 15:56:10.332738,,Eye Tracker,1270.0,773.0,Valid,Valid,Fixation
2022-11-16 15:56:10.349393,,Eye Tracker,1267.0,774.0,Valid,Valid,Fixation
2022-11-16 15:56:10.366048,,Eye Tracker,1268.0,773.0,Valid,Valid,Fixation
2022-11-16 15:56:10.382702,,Eye Tracker,1271.0,769.0,Valid,Valid,Fixation
2022-11-16 15:56:10.399357,,Eye Tracker,1269.0,771.0,Valid,Valid,Fixation
2022-11-16 15:56:10.416012,,Eye Tracker,1268.0,770.0,Valid,Valid,Fixation
2022-11-16 15:56:10.432666,,Eye Tracker,1273.0,764.0,Valid,Valid,Fixation
2022-11-16 15:56:10.449321,,Eye Tracker,1277.0,764.0,Valid,Valid,Fixation
2022-11-16 15:56:10.465976,,Eye Tracker,1273.0,764.0,Valid,Valid,Fixation
2022-11-16 15:56:10.482631,,Eye Tracker,1269.0,764.0,Valid,Valid,Fixation
2022-11-16 15:56:10.499286,,Eye Tracker,1274.0,765.0,Valid,Valid,Fixation
2022-11-16 15:56:10.515941,,Eye Tracker,1277.0,766.0,Valid,Valid,Fixation
2022-11-16 15:56:10.532595,,Eye Tracker,1280.0,762.0,Valid,Valid,Fixation
2022-11-16 15:56:10.549250,,Eye Tracker,1283.0,763.0,Valid,Valid,Fixation
2022-11-16 15:56:10.565905,,Eye Tracker,1280.0,762.0,Valid,Valid,Fixation
2022-11-16 15:56:10.582560,,Eye Tracker,1277.0,761.0,Valid,Valid,Fixation
2022-11-16 15:56:10.599214,,Eye Tracker,1273.0,763.0,Valid,Valid,Fixation
2022-11-16 15:56:10.615869,,Eye Tracker,1273.0,763.0,Valid,Valid,Fixation
2022-11-16 15:56:10.632524,,Eye Tracker,1274.0,762.0,Valid,Valid,Fixation
2022-11-16 15:56:10.649179,,Eye Tracker,1277.0,762.0,Valid,Valid,Fixation
2022-11-16 15:56:10.665834,,Eye Tracker,1279.0,760.0,Valid,Valid,Fixation
2022-11-16 15:56:10.682489,,Eye Tracker,1278.0,757.0,Valid,Valid,Fixation
2022-11-16 15:56:10.699143,,Eye Tracker,1277.0,762.0,Valid,Valid,Fixation
2022-11-16 15:56:10.715798,,Eye Tracker,1279.0,760.0,Valid,Valid,Fixation
2022-11-16 15:56:10.732453,,Eye Tracker,1279.0,758.0,Valid,Valid,Fixation
2022-11-16 15:56:10.749107,,Eye Tracker,1276.0,758.0,Valid,Valid,Fixation
2022-11-16 15:56:10.765762,,Eye Tracker,1271.0,757.0,Valid,Valid,Fixation
2022-11-16 15:56:10.782417,,Eye Tracker,1273.0,760.0,Valid,Valid,Fixation
2022-11-16 15:56:10.799071,,Eye Tracker,1276.0,763.0,Valid,Valid,Fixation
2022-11-16 15:56:10.815727,,Eye Tracker,1276.0,759.0,Valid,Valid,Fixation
2022-11-16 15:56:10.832382,,Eye Tracker,1277.0,761.0,Valid,Valid,Fixation
2022-11-16 15:56:10.849037,,Eye Tracker,1276.0,765.0,Valid,Valid,Fixation
2022-11-16 15:56:10.865691,,Eye Tracker,1275.0,765.0,Valid,Valid,Fixation
2022-11-16 15:56:10.882346,,Eye Tracker,1279.0,765.0,Valid,Valid,Fixation
2022-11-16 15:56:10.899001,,Eye Tracker,1281.0,765.0,Valid,Valid,Fixation
2022-11-16 15:56:10.915655,,Eye Tracker,1281.0,766.0,Valid,Valid,Fixation
2022-11-16 15:56:10.932310,,Eye Tracker,1280.0,765.0,Valid,Valid,Fixation
2022-11-16 15:56:10.948965,,Eye Tracker,1280.0,765.0,Valid,Valid,Fixation
2022-11-16 15:56:10.965619,,Eye Tracker,1279.0,765.0,Valid,Valid,Fixation
2022-11-16 15:56:10.982275,,Eye Tracker,1283.0,765.0,Valid,Valid,Fixation
2022-11-16 15:56:10.998930,,Eye Tracker,1283.0,766.0,Valid,Valid,Fixation
2022-11-16 15:56:11.015584,,Eye Tracker,1282.0,766.0,Valid,Valid,Fixation
2022-11-16 15:56:11.032239,,Eye Tracker,1283.0,763.0,Valid,Valid,Fixation
2022-11-16 15:56:11.048894,,Eye Tracker,1281.0,765.0,Valid,Valid,Fixation
2022-11-16 15:56:11.065548,,Eye Tracker,1281.0,768.0,Valid,Valid,Fixation
2022-11-16 15:56:11.082203,,Eye Tracker,1284.0,766.0,Valid,Valid,Fixation
2022-11-16 15:56:11.098858,,Eye Tracker,1283.0,765.0,Valid,Valid,Fixation
2022-11-16 15:56:11.115513,,Eye Tracker,1281.0,763.0,Valid,Valid,Fixation
2022-11-16 15:56:11.132167,,Eye Tracker,1281.0,762.0,Valid,Valid,Fixation
2022-11-16 15:56:11.148823,,Eye Tracker,1279.0,764.0,Valid,Valid,Fixation
2022-11-16 15:56:11.165478,,Eye Tracker,1279.0,765.0,Valid,Valid,Fixation
2022-11-16 15:56:11.182132,,Eye Tracker,1278.0,768.0,Valid,Valid,Fixation
2022-11-16 15:56:11.198787,,Eye Tracker,1278.0,768.0,Valid,Valid,Fixation
2022-11-16 15:56:11.215442,,Eye Tracker,1280.0,768.0,Valid,Valid,Fixation
2022-11-16 15:56:11.232096,,Eye Tracker,1283.0,768.0,Valid,Valid,Fixation
2022-11-16 15:56:11.248751,,Eye Tracker,1284.0,763.0,Valid,Valid,Fixation
2022-11-16 15:56:11.265406,,Eye Tracker,1284.0,761.0,Valid,Valid,Fixation
2022-11-16 15:56:11.282060,,Eye Tracker,1285.0,762.0,Valid,Valid,Fixation
2022-11-16 15:56:11.298715,,Eye Tracker,1283.0,765.0,Valid,Valid,Fixation
2022-11-16 15:56:11.315370,,Eye Tracker,1282.0,767.0,Valid,Valid,Fixation
2022-11-16 15:56:11.332025,,Eye Tracker,1282.0,766.0,Valid,Valid,Fixation
2022-11-16 15:56:11.348680,,Eye Tracker,1284.0,767.0,Valid,Valid,Fixation
2022-11-16 15:56:11.365335,,Eye Tracker,1284.0,768.0,Valid,Valid,Fixation
2022-11-16 15:56:11.381990,,Eye Tracker,1283.0,767.0,Valid,Valid,Fixation
2022-11-16 15:56:11.398644,,Eye Tracker,1278.0,765.0,Valid,Valid,Fixation
2022-11-16 15:56:11.415299,,Eye Tracker,1279.0,762.0,Valid,Valid,Fixation
2022-11-16 15:56:11.431954,,Eye Tracker,1289.0,762.0,Valid,Valid,Fixation
2022-11-16 15:56:11.448608,,Eye Tracker,1287.0,762.0,Valid,Valid,Fixation
2022-11-16 15:56:11.465263,,Eye Tracker,1279.0,759.0,Valid,Valid,Fixation
2022-11-16 15:56:11.481918,,Eye Tracker,1279.0,759.0,Valid,Valid,Fixation
2022-11-16 15:56:11.498573,,Eye Tracker,1281.0,765.0,Valid,Valid,Fixation
2022-11-16 15:56:11.515228,,Eye Tracker,1278.0,765.0,Valid,Valid,Fixation
2022-11-16 15:56:11.531883,,Eye Tracker,1281.0,764.0,Valid,Valid,Fixation
2022-11-16 15:56:11.548537,,Eye Tracker,1283.0,766.0,Valid,Valid,Fixation
2022-11-16 15:56:11.565192,,Eye Tracker,1278.0,769.0,Valid,Valid,Fixation
2022-11-16 15:56:11.581847,,Eye Tracker,1278.0,770.0,Valid,Valid,Fixation
2022-11-16 15:56:11.598501,,Eye Tracker,1282.0,766.0,Valid,Valid,Fixation
2022-11-16 15:56:11.615156,,Eye Tracker,1280.0,767.0,Valid,Valid,Fixation
2022-11-16 15:56:11.631811,,Eye Tracker,1278.0,767.0,Valid,Valid,Fixation
2022-11-16 15:56:11.648466,,Eye Tracker,1277.0,767.0,Valid,Valid,Fixation
2022-11-16 15:56:11.665121,,Eye Tracker,1275.0,763.0,Valid,Valid,Fixation
2022-11-16 15:56:11.681776,,Eye Tracker,1277.0,760.0,Valid,Valid,Fixation
2022-11-16 15:56:11.698431,,Eye Tracker,1280.0,763.0,Valid,Valid,Fixation
2022-11-16 15:56:11.715085,,Eye Tracker,1281.0,763.0,Valid,Valid,Fixation
2022-11-16 15:56:11.731740,,Eye Tracker,1281.0,766.0,Valid,Valid,Fixation
2022-11-16 15:56:11.748395,,Eye Tracker,1282.0,761.0,Valid,Valid,Fixation
2022-11-16 15:56:11.765049,,Eye Tracker,1279.0,759.0,Valid,Valid,Fixation
2022-11-16 15:56:11.781704,,Eye Tracker,1278.0,762.0,Valid,Valid,Fixation
2022-11-16 15:56:11.798359,,Eye Tracker,1277.0,764.0,Valid,Valid,Fixation
2022-11-16 15:56:11.815013,,Eye Tracker,1280.0,763.0,Valid,Valid,Fixation
2022-11-16 15:56:11.831669,,Eye Tracker,1280.0,760.0,Valid,Valid,Fixation
2022-11-16 15:56:11.848324,,Eye Tracker,1280.0,765.0,Valid,Valid,Fixation
2022-11-16 15:56:11.864978,,Eye Tracker,1273.0,768.0,Valid,Valid,Fixation
2022-11-16 15:56:11.881633,,Eye Tracker,1271.0,764.0,Valid,Valid,Fixation
2022-11-16 15:56:11.898288,,Eye Tracker,1277.0,766.0,Valid,Valid,Fixation
2022-11-16 15:56:11.914943,,Eye Tracker,1271.0,765.0,Valid,Valid,Fixation
2022-11-16 15:56:11.931597,,Eye Tracker,1268.0,764.0,Valid,Valid,Fixation
2022-11-16 15:56:11.948252,,Eye Tracker,1266.0,768.0,Valid,Valid,Fixation
2022-11-16 15:56:11.964907,,Eye Tracker,1266.0,767.0,Valid,Valid,Fixation
2022-11-16 15:56:11.981561,,Eye Tracker,1264.0,771.0,Valid,Valid,Fixation
2022-11-16 15:56:11.998217,,Eye Tracker,1264.0,770.0,Valid,Valid,Fixation
2022-11-16 15:56:12.014872,,Eye Tracker,1266.0,768.0,Valid,Valid,Fixation
2022-11-16 15:56:12.031526,,Eye Tracker,1269.0,767.0,Valid,Valid,Fixation
2022-11-16 15:56:12.048181,,Eye Tracker,1271.0,767.0,Valid,Valid,Fixation
2022-11-16 15:56:12.064836,,Eye Tracker,1272.0,770.0,Valid,Valid,Fixation
2022-11-16 15:56:12.081490,,Eye Tracker,1273.0,768.0,Valid,Valid,Fixation
2022-11-16 15:56:12.098145,,Eye Tracker,1273.0,767.0,Valid,Valid,Fixation
2022-11-16 15:56:12.114800,,Eye Tracker,1272.0,763.0,Valid,Valid,Fixation
2022-11-16 15:56:12.131454,,Eye Tracker,1276.0,766.0,Valid,Valid,Fixation
2022-11-16 15:56:12.148109,,Eye Tracker,1277.0,769.0,Valid,Valid,Fixation
2022-11-16 15:56:12.164765,,Eye Tracker,1276.0,769.0,Valid,Valid,Fixation
2022-11-16 15:56:12.181420,,Eye Tracker,1279.0,770.0,Valid,Valid,Fixation
2022-11-16 15:56:12.198074,,Eye Tracker,1279.0,770.0,Valid,Valid,Fixation
2022-11-16 15:56:12.214729,,Eye Tracker,1278.0,769.0,Valid,Valid,Fixation
2022-11-16 15:56:12.231384,,Eye Tracker,1270.0,772.0,Valid,Valid,Fixation
2022-11-16 15:56:12.248038,,Eye Tracker,1267.0,770.0,Valid,Valid,Fixation
2022-11-16 15:56:12.264693,,Eye Tracker,1266.0,771.0,Valid,Valid,Fixation
2022-11-16 15:56:12.281348,,Eye Tracker,1267.0,772.0,Valid,Valid,Fixation
2022-11-16 15:56:12.298002,,Eye Tracker,1270.0,769.0,Valid,Valid,Fixation
2022-11-16 15:56:12.314657,,Eye Tracker,1268.0,773.0,Valid,Valid,Fixation
2022-11-16 15:56:12.331313,,Eye Tracker,1266.0,769.0,Valid,Valid,Fixation
2022-11-16 15:56:12.347967,,Eye Tracker,1264.0,769.0,Valid,Valid,Fixation
2022-11-16 15:56:12.364622,,Eye Tracker,1262.0,770.0,Valid,Valid,Fixation
2022-11-16 15:56:12.381277,,Eye Tracker,1267.0,766.0,Valid,Valid,Fixation
2022-11-16 15:56:12.397931,,Eye Tracker,1272.0,769.0,Valid,Valid,Fixation
2022-11-16 15:56:12.414586,,Eye Tracker,1271.0,774.0,Valid,Valid,Fixation
2022-11-16 15:56:12.431241,,Eye Tracker,1264.0,770.0,Valid,Valid,Fixation
2022-11-16 15:56:12.447896,,Eye Tracker,1263.0,766.0,Valid,Valid,Fixation
2022-11-16 15:56:12.464550,,Eye Tracker,1264.0,768.0,Valid,Valid,Fixation
2022-11-16 15:56:12.481205,,Eye Tracker,1265.0,766.0,Valid,Valid,Fixation
2022-11-16 15:56:12.497861,,Eye Tracker,1272.0,768.0,Valid,Valid,Fixation
2022-11-16 15:56:12.514515,,Eye Tracker,1273.0,768.0,Valid,Valid,Fixation
2022-11-16 15:56:12.531170,,Eye Tracker,1265.0,765.0,Valid,Valid,Fixation
2022-11-16 15:56:12.547825,,Eye Tracker,1266.0,766.0,Valid,Valid,Fixation
2022-11-16 15:56:12.564479,,Eye Tracker,1273.0,766.0,Valid,Valid,Fixation
2022-11-16 15:56:12.581134,,Eye Tracker,1271.0,763.0,Valid,Valid,Fixation
2022-11-16 15:56:12.597789,,Eye Tracker,1269.0,760.0,Valid,Valid,Fixation
2022-11-16 15:56:12.614443,,Eye Tracker,1270.0,761.0,Valid,Valid,Fixation
2022-11-16 15:56:12.631098,,Eye Tracker,1269.0,763.0,Valid,Valid,Fixation
2022-11-16 15:56:12.647753,,Eye Tracker,1270.0,766.0,Valid,Valid,Fixation
2022-11-16 15:56:12.664408,,Eye Tracker,1269.0,765.0,Valid,Valid,Fixation
2022-11-16 15:56:12.681063,,Eye Tracker,1276.0,761.0,Valid,Valid,Fixation
2022-11-16 15:56:12.697718,,Eye Tracker,1298.0,745.0,Valid,Valid,Saccade
2022-11-16 15:56:12.714373,,Eye Tracker,1313.0,731.0,Valid,Valid,Fixation
2022-11-16 15:56:12.731027,,Eye Tracker,1311.0,730.0,Valid,Valid,Fixation
2022-11-16 15:56:12.747682,,Eye Tracker,1307.0,728.0,Valid,Valid,Fixation
2022-11-16 15:56:12.764337,,Eye Tracker,1305.0,729.0,Valid,Valid,Fixation
2022-11-16 15:56:12.780991,,Eye Tracker,1310.0,729.0,Valid,Valid,Fixation
2022-11-16 15:56:12.797646,,Eye Tracker,1312.0,730.0,Valid,Valid,Fixation
2022-11-16 15:56:12.814301,,Eye Tracker,1312.0,728.0,Valid,Valid,Fixation
2022-11-16 15:56:12.830955,,Eye Tracker,1312.0,729.0,Valid,Valid,Fixation
2022-11-16 15:56:12.847611,,Eye Tracker,1310.0,728.0,Valid,Valid,Fixation
2022-11-16 15:56:12.864266,,Eye Tracker,1310.0,722.0,Valid,Valid,Fixation
2022-11-16 15:56:12.880920,,Eye Tracker,1309.0,722.0,Valid,Valid,Fixation
2022-11-16 15:56:12.897575,,Eye Tracker,1297.0,724.0,Valid,Valid,Fixation
2022-11-16 15:56:12.914230,,Eye Tracker,1280.0,722.0,Valid,Valid,Fixation
2022-11-16 15:56:12.930884,,Eye Tracker,1279.0,718.0,Valid,Valid,Fixation
2022-11-16 15:56:12.947539,,Eye Tracker,1278.0,717.0,Valid,Valid,Fixation
2022-11-16 15:56:12.964194,,Eye Tracker,1279.0,720.0,Valid,Valid,Fixation
2022-11-16 15:56:12.980849,,Eye Tracker,1284.0,717.0,Valid,Valid,Fixation
2022-11-16 15:56:12.997503,,Eye Tracker,1286.0,715.0,Valid,Valid,Fixation
2022-11-16 15:56:13.014159,,Eye Tracker,1287.0,712.0,Valid,Valid,Fixation
2022-11-16 15:56:13.030814,,Eye Tracker,1280.0,715.0,Valid,Valid,Fixation
2022-11-16 15:56:13.047468,,Eye Tracker,1278.0,717.0,Valid,Valid,Fixation
2022-11-16 15:56:13.064123,,Eye Tracker,1284.0,716.0,Valid,Valid,Fixation
2022-11-16 15:56:13.080778,,Eye Tracker,1282.0,715.0,Valid,Valid,Fixation
2022-11-16 15:56:13.097432,,Eye Tracker,1283.0,712.0,Valid,Valid,Fixation
2022-11-16 15:56:13.114087,,Eye Tracker,1284.0,709.0,Valid,Valid,Fixation
2022-11-16 15:56:13.130742,,Eye Tracker,1286.0,707.0,Valid,Valid,Fixation
2022-11-16 15:56:13.147396,,Eye Tracker,1287.0,708.0,Valid,Valid,Fixation
2022-11-16 15:56:13.164051,,Eye Tracker,1284.0,712.0,Valid,Valid,Fixation
2022-11-16 15:56:13.180707,,Eye Tracker,1284.0,709.0,Valid,Valid,Fixation
2022-11-16 15:56:13.197361,,Eye Tracker,1283.0,708.0,Valid,Valid,Fixation
2022-11-16 15:56:13.214016,,Eye Tracker,1282.0,714.0,Valid,Valid,Fixation
2022-11-16 15:56:13.230671,,Eye Tracker,1280.0,717.0,Valid,Valid,Fixation
2022-11-16 15:56:13.247326,,Eye Tracker,1280.0,713.0,Valid,Valid,Fixation
2022-11-16 15:56:13.263980,,Eye Tracker,1283.0,712.0,Valid,Valid,Fixation
2022-11-16 15:56:13.280635,,Eye Tracker,1284.0,711.0,Valid,Valid,Fixation
2022-11-16 15:56:13.297290,,Eye Tracker,1295.0,697.0,Valid,Valid,Fixation
2022-11-16 15:56:13.313944,,Eye Tracker,1306.0,684.0,Valid,Valid,Fixation
2022-11-16 15:56:13.330599,,Eye Tracker,1296.0,683.0,Valid,Valid,Fixation
2022-11-16 15:56:13.347255,,Eye Tracker,1296.0,682.0,Valid,Valid,Fixation
2022-11-16 15:56:13.363909,,Eye Tracker,1304.0,681.0,Valid,Valid,Fixation
2022-11-16 15:56:13.380564,,Eye Tracker,1308.0,678.0,Valid,Valid,Fixation
2022-11-16 15:56:13.397219,,Eye Tracker,1311.0,680.0,Valid,Valid,Fixation
2022-11-16 15:56:13.413873,,Eye Tracker,1309.0,743.0,Valid,Valid,Saccade
2022-11-16 15:56:13.430528,,Eye Tracker,1305.0,788.0,Valid,Valid,Unclassified
2022-11-16 15:56:13.447183,,Eye Tracker,1318.0,796.0,Invalid,Valid,Saccade
2022-11-16 15:56:13.463837,,Eye Tracker,1748.0,1498.0,Invalid,Valid,Saccade
2022-11-16 15:56:13.480492,,Eye Tracker,1748.0,1498.0,Invalid,Valid,Unclassified
2022-11-16 15:56:13.497147,,Eye Tracker,1571.0,1072.0,Invalid,Valid,Saccade
2022-11-16 15:56:13.513803,,Eye Tracker,1447.0,914.0,Valid,Valid,Saccade
2022-11-16 15:56:13.530457,,Eye Tracker,1293.0,708.0,Valid,Valid,Saccade
2022-11-16 15:56:13.547112,,Eye Tracker,1283.0,703.0,Valid,Valid,Fixation
2022-11-16 15:56:13.563767,,Eye Tracker,1276.0,653.0,Valid,Valid,Fixation
2022-11-16 15:56:13.580421,,Eye Tracker,1270.0,667.0,Valid,Valid,Fixation
2022-11-16 15:56:13.597076,,Eye Tracker,1268.0,686.0,Valid,Valid,Fixation
2022-11-16 15:56:13.613731,,Eye Tracker,1272.0,677.0,Valid,Valid,Fixation
2022-11-16 15:56:13.630385,,Eye Tracker,1278.0,689.0,Valid,Valid,Fixation
2022-11-16 15:56:13.647040,,Eye Tracker,1277.0,694.0,Valid,Valid,Fixation
2022-11-16 15:56:13.663695,,Eye Tracker,1269.0,677.0,Valid,Valid,Fixation
2022-11-16 15:56:13.680350,,Eye Tracker,1281.0,696.0,Valid,Valid,Fixation
2022-11-16 15:56:13.697005,,Eye Tracker,1285.0,766.0,Valid,Valid,Saccade
2022-11-16 15:56:13.713660,,Eye Tracker,,,Invalid,Invalid,EyesNotFound
2022-11-16 15:56:13.730314,,Eye Tracker,,,Invalid,Invalid,EyesNotFound
2022-11-16 15:56:13.746969,,Eye Tracker,,,Invalid,Invalid,EyesNotFound
2022-11-16 15:56:13.763624,,Eye Tracker,,,Invalid,Invalid,EyesNotFound
2022-11-16 15:56:13.780279,,Eye Tracker,,,Invalid,Invalid,EyesNotFound
2022-11-16 15:56:13.796933,,Eye Tracker,,,Invalid,Invalid,EyesNotFound
2022-11-16 15:56:13.813588,,Eye Tracker,1296.0,880.0,Valid,Invalid,Saccade
2022-11-16 15:56:13.830243,,Eye Tracker,1301.0,724.0,Valid,Valid,Saccade
2022-11-16 15:56:13.846898,,Eye Tracker,1283.0,705.0,Valid,Valid,Saccade
2022-11-16 15:56:13.863553,,Eye Tracker,1275.0,696.0,Valid,Valid,Unclassified
2022-11-16 15:56:13.880208,,Eye Tracker,1291.0,653.0,Valid,Valid,Saccade
2022-11-16 15:56:13.896862,,Eye Tracker,1300.0,638.0,Valid,Valid,Fixation
2022-11-16 15:56:13.913517,,Eye Tracker,1303.0,629.0,Valid,Valid,Fixation
2022-11-16 15:56:13.930172,,Eye Tracker,1289.0,646.0,Valid,Valid,Fixation
2022-11-16 15:56:13.946826,,Eye Tracker,1289.0,648.0,Valid,Valid,Fixation
2022-11-16 15:56:13.963481,,Eye Tracker,1288.0,643.0,Valid,Valid,Fixation
2022-11-16 15:56:13.980136,,Eye Tracker,1290.0,640.0,Valid,Valid,Fixation
2022-11-16 15:56:13.996790,,Eye Tracker,1298.0,639.0,Valid,Valid,Fixation
2022-11-16 15:56:14.013446,,Eye Tracker,1296.0,635.0,Valid,Valid,Fixation
2022-11-16 15:56:14.030101,,Eye Tracker,1292.0,633.0,Valid,Valid,Fixation
2022-11-16 15:56:14.046756,,Eye Tracker,1295.0,632.0,Valid,Valid,Fixation
2022-11-16 15:56:14.063410,,Eye Tracker,1298.0,636.0,Valid,Valid,Fixation
2022-11-16 15:56:14.080065,,Eye Tracker,1297.0,640.0,Valid,Valid,Fixation
2022-11-16 15:56:14.096720,,Eye Tracker,1297.0,643.0,Valid,Valid,Fixation
2022-11-16 15:56:14.113374,,Eye Tracker,1296.0,639.0,Valid,Valid,Fixation
2022-11-16 15:56:14.130029,,Eye Tracker,1292.0,638.0,Valid,Valid,Fixation
2022-11-16 15:56:14.146684,,Eye Tracker,1292.0,635.0,Valid,Valid,Fixation
2022-11-16 15:56:14.163338,,Eye Tracker,1295.0,637.0,Valid,Valid,Fixation
2022-11-16 15:56:14.179993,,Eye Tracker,1295.0,639.0,Valid,Valid,Fixation
2022-11-16 15:56:14.196649,,Eye Tracker,1298.0,633.0,Valid,Valid,Fixation
2022-11-16 15:56:14.213303,,Eye Tracker,1302.0,635.0,Valid,Valid,Fixation
2022-11-16 15:56:14.229958,,Eye Tracker,1300.0,634.0,Valid,Valid,Fixation
2022-11-16 15:56:14.246613,,Eye Tracker,1296.0,628.0,Valid,Valid,Fixation
2022-11-16 15:56:14.263268,,Eye Tracker,1289.0,613.0,Valid,Valid,Fixation
2022-11-16 15:56:14.279922,,Eye Tracker,1284.0,599.0,Valid,Valid,Fixation
2022-11-16 15:56:14.296577,,Eye Tracker,1283.0,599.0,Valid,Valid,Fixation
2022-11-16 15:56:14.313232,,Eye Tracker,1282.0,601.0,Valid,Valid,Fixation
2022-11-16 15:56:14.329886,,Eye Tracker,1287.0,603.0,Valid,Valid,Fixation
2022-11-16 15:56:14.346541,,Eye Tracker,1284.0,602.0,Valid,Valid,Fixation
2022-11-16 15:56:14.363197,,Eye Tracker,1282.0,595.0,Valid,Valid,Fixation
2022-11-16 15:56:14.379851,,Eye Tracker,1287.0,594.0,Valid,Valid,Fixation
2022-11-16 15:56:14.396506,,Eye Tracker,1286.0,596.0,Valid,Valid,Fixation
2022-11-16 15:56:14.413161,,Eye Tracker,1288.0,593.0,Valid,Valid,Fixation
2022-11-16 15:56:14.429815,,Eye Tracker,1286.0,591.0,Valid,Valid,Fixation
2022-11-16 15:56:14.446470,,Eye Tracker,1286.0,595.0,Valid,Valid,Fixation
2022-11-16 15:56:14.463125,,Eye Tracker,1292.0,595.0,Valid,Valid,Fixation
2022-11-16 15:56:14.479779,,Eye Tracker,1292.0,597.0,Valid,Valid,Fixation
2022-11-16 15:56:14.496434,,Eye Tracker,1290.0,592.0,Valid,Valid,Fixation
2022-11-16 15:56:14.513089,,Eye Tracker,1292.0,588.0,Valid,Valid,Fixation
2022-11-16 15:56:14.529744,,Eye Tracker,1291.0,586.0,Valid,Valid,Fixation
2022-11-16 15:56:14.546399,,Eye Tracker,1291.0,586.0,Valid,Valid,Fixation
2022-11-16 15:56:14.563054,,Eye Tracker,1292.0,588.0,Valid,Valid,Fixation
2022-11-16 15:56:14.579709,,Eye Tracker,1289.0,590.0,Valid,Valid,Fixation
2022-11-16 15:56:14.596363,,Eye Tracker,1289.0,595.0,Valid,Valid,Fixation
2022-11-16 15:56:14.613018,,Eye Tracker,1291.0,593.0,Valid,Valid,Fixation
2022-11-16 15:56:14.629673,,Eye Tracker,1295.0,590.0,Valid,Valid,Fixation
2022-11-16 15:56:14.646327,,Eye Tracker,1295.0,591.0,Valid,Valid,Fixation
2022-11-16 15:56:14.662982,,Eye Tracker,1291.0,591.0,Valid,Valid,Fixation
2022-11-16 15:56:14.679637,,Eye Tracker,1291.0,589.0,Valid,Valid,Fixation
2022-11-16 15:56:14.696292,,Eye Tracker,1294.0,593.0,Valid,Valid,Fixation
2022-11-16 15:56:14.712947,,Eye Tracker,1294.0,592.0,Valid,Valid,Fixation
2022-11-16 15:56:14.729602,,Eye Tracker,1296.0,585.0,Valid,Valid,Fixation
2022-11-16 15:56:14.746256,,Eye Tracker,1298.0,585.0,Valid,Valid,Fixation
2022-11-16 15:56:14.762911,,Eye Tracker,1324.0,592.0,Valid,Valid,Saccade
2022-11-16 15:56:14.779566,,Eye Tracker,1344.0,592.0,Valid,Valid,Fixation
2022-11-16 15:56:14.796220,,Eye Tracker,1345.0,590.0,Valid,Valid,Fixation
2022-11-16 15:56:14.812875,,Eye Tracker,1348.0,589.0,Valid,Valid,Fixation
2022-11-16 15:56:14.829530,,Eye Tracker,1346.0,597.0,Valid,Valid,Fixation
2022-11-16 15:56:14.846185,,Eye Tracker,1347.0,597.0,Valid,Valid,Fixation
2022-11-16 15:56:14.862840,,Eye Tracker,1350.0,587.0,Valid,Valid,Fixation
2022-11-16 15:56:14.879495,,Eye Tracker,1346.0,588.0,Valid,Valid,Fixation
2022-11-16 15:56:14.896150,,Eye Tracker,1346.0,588.0,Valid,Valid,Fixation
2022-11-16 15:56:14.912804,,Eye Tracker,1347.0,589.0,Valid,Valid,Fixation
2022-11-16 15:56:14.929459,,Eye Tracker,1347.0,593.0,Valid,Valid,Fixation
2022-11-16 15:56:14.946114,,Eye Tracker,1351.0,590.0,Valid,Valid,Fixation
2022-11-16 15:56:14.962768,,Eye Tracker,1350.0,588.0,Valid,Valid,Fixation
2022-11-16 15:56:14.979423,,Eye Tracker,1350.0,590.0,Valid,Valid,Fixation
2022-11-16 15:56:14.996078,,Eye Tracker,1355.0,585.0,Valid,Valid,Fixation
2022-11-16 15:56:15.012732,,Eye Tracker,1355.0,582.0,Valid,Valid,Fixation
2022-11-16 15:56:15.029388,,Eye Tracker,1355.0,585.0,Valid,Valid,Fixation
2022-11-16 15:56:15.046043,,Eye Tracker,1358.0,588.0,Valid,Valid,Fixation
2022-11-16 15:56:15.062697,,Eye Tracker,1362.0,586.0,Valid,Valid,Fixation
2022-11-16 15:56:15.079352,,Eye Tracker,1360.0,587.0,Valid,Valid,Fixation
2022-11-16 15:56:15.096007,,Eye Tracker,1356.0,587.0,Valid,Valid,Fixation
2022-11-16 15:56:15.112662,,Eye Tracker,1358.0,587.0,Valid,Valid,Fixation
2022-11-16 15:56:15.129316,,Eye Tracker,1363.0,590.0,Valid,Valid,Fixation
2022-11-16 15:56:15.145971,,Eye Tracker,1366.0,592.0,Valid,Valid,Fixation
2022-11-16 15:56:15.162626,,Eye Tracker,1364.0,589.0,Valid,Valid,Fixation
2022-11-16 15:56:15.179280,,Eye Tracker,1363.0,587.0,Valid,Valid,Fixation
2022-11-16 15:56:15.195936,,Eye Tracker,1364.0,589.0,Valid,Valid,Fixation
2022-11-16 15:56:15.212591,,Eye Tracker,1368.0,588.0,Valid,Valid,Fixation
2022-11-16 15:56:15.229245,,Eye Tracker,1373.0,585.0,Valid,Valid,Fixation
2022-11-16 15:56:15.245900,,Eye Tracker,1374.0,584.0,Valid,Valid,Fixation
2022-11-16 15:56:15.262555,,Eye Tracker,1372.0,583.0,Valid,Valid,Fixation
2022-11-16 15:56:15.279209,,Eye Tracker,1374.0,581.0,Valid,Valid,Fixation
2022-11-16 15:56:15.295864,,Eye Tracker,1378.0,581.0,Valid,Valid,Fixation
2022-11-16 15:56:15.312519,,Eye Tracker,1377.0,580.0,Valid,Valid,Fixation
2022-11-16 15:56:15.329173,,Eye Tracker,1377.0,582.0,Valid,Valid,Fixation
2022-11-16 15:56:15.345828,,Eye Tracker,1378.0,583.0,Valid,Valid,Fixation
2022-11-16 15:56:15.362484,,Eye Tracker,1374.0,588.0,Valid,Valid,Fixation
2022-11-16 15:56:15.379139,,Eye Tracker,1373.0,593.0,Valid,Valid,Fixation
2022-11-16 15:56:15.395793,,Eye Tracker,1377.0,592.0,Valid,Valid,Fixation
2022-11-16 15:56:15.412448,,Eye Tracker,1378.0,592.0,Valid,Valid,Fixation
2022-11-16 15:56:15.429103,,Eye Tracker,1381.0,587.0,Valid,Valid,Fixation
2022-11-16 15:56:15.445757,,Eye Tracker,1382.0,587.0,Valid,Valid,Fixation
2022-11-16 15:56:15.462412,,Eye Tracker,1385.0,589.0,Valid,Valid,Fixation
2022-11-16 15:56:15.479068,,Eye Tracker,1386.0,582.0,Valid,Valid,Fixation
2022-11-16 15:56:15.495722,,Eye Tracker,1386.0,581.0,Valid,Valid,Fixation
2022-11-16 15:56:15.512377,,Eye Tracker,1384.0,582.0,Valid,Valid,Fixation
2022-11-16 15:56:15.529032,,Eye Tracker,1383.0,583.0,Valid,Valid,Fixation
2022-11-16 15:56:15.545687,,Eye Tracker,1399.0,585.0,Valid,Valid,Fixation
2022-11-16 15:56:15.562342,,Eye Tracker,1433.0,588.0,Valid,Valid,Saccade
2022-11-16 15:56:15.578997,,Eye Tracker,1452.0,588.0,Valid,Valid,Fixation
2022-11-16 15:56:15.595652,,Eye Tracker,1454.0,584.0,Valid,Valid,Fixation
2022-11-16 15:56:15.612306,,Eye Tracker,1456.0,582.0,Valid,Valid,Fixation
2022-11-16 15:56:15.628961,,Eye Tracker,1458.0,578.0,Valid,Valid,Fixation
2022-11-16 15:56:15.645616,,Eye Tracker,1457.0,578.0,Valid,Valid,Fixation
2022-11-16 15:56:15.662270,,Eye Tracker,1458.0,583.0,Valid,Valid,Fixation
2022-11-16 15:56:15.678925,,Eye Tracker,1461.0,585.0,Valid,Valid,Fixation
2022-11-16 15:56:15.695580,,Eye Tracker,1461.0,581.0,Valid,Valid,Fixation
2022-11-16 15:56:15.712235,,Eye Tracker,1463.0,581.0,Valid,Valid,Fixation
2022-11-16 15:56:15.728891,,Eye Tracker,1461.0,584.0,Valid,Valid,Fixation
2022-11-16 15:56:15.745546,,Eye Tracker,1458.0,583.0,Valid,Valid,Fixation
2022-11-16 15:56:15.762200,,Eye Tracker,1460.0,583.0,Valid,Valid,Fixation
2022-11-16 15:56:15.778855,,Eye Tracker,1460.0,583.0,Valid,Valid,Fixation
2022-11-16 15:56:15.795510,,Eye Tracker,1459.0,584.0,Valid,Valid,Fixation
2022-11-16 15:56:15.812164,,Eye Tracker,1460.0,582.0,Valid,Valid,Fixation
2022-11-16 15:56:15.828819,,Eye Tracker,1461.0,578.0,Valid,Valid,Fixation
2022-11-16 15:56:15.845474,,Eye Tracker,1463.0,577.0,Valid,Valid,Fixation
2022-11-16 15:56:15.862128,,Eye Tracker,1464.0,574.0,Valid,Valid,Fixation
2022-11-16 15:56:15.878784,,Eye Tracker,1463.0,579.0,Valid,Valid,Fixation
2022-11-16 15:56:15.895439,,Eye Tracker,1465.0,582.0,Valid,Valid,Fixation
2022-11-16 15:56:15.912094,,Eye Tracker,1465.0,579.0,Valid,Valid,Fixation
2022-11-16 15:56:15.928749,,Eye Tracker,1462.0,575.0,Valid,Valid,Fixation
2022-11-16 15:56:15.945404,,Eye Tracker,1465.0,575.0,Valid,Valid,Fixation
2022-11-16 15:56:15.962059,,Eye Tracker,1467.0,583.0,Valid,Valid,Fixation
2022-11-16 15:56:15.978713,,Eye Tracker,1468.0,583.0,Valid,Valid,Fixation
2022-11-16 15:56:15.995368,,Eye Tracker,1467.0,580.0,Valid,Valid,Fixation
2022-11-16 15:56:16.012023,,Eye Tracker,1467.0,577.0,Valid,Valid,Fixation
2022-11-16 15:56:16.028677,,Eye Tracker,1470.0,579.0,Valid,Valid,Fixation
2022-11-16 15:56:16.045333,,Eye Tracker,1468.0,584.0,Valid,Valid,Fixation
2022-11-16 15:56:16.061988,,Eye Tracker,1468.0,579.0,Valid,Valid,Fixation
2022-11-16 15:56:16.078642,,Eye Tracker,1474.0,580.0,Valid,Valid,Fixation
2022-11-16 15:56:16.095297,,Eye Tracker,1472.0,584.0,Valid,Valid,Fixation
2022-11-16 15:56:16.111952,,Eye Tracker,1470.0,584.0,Valid,Valid,Fixation
2022-11-16 15:56:16.128607,,Eye Tracker,1475.0,586.0,Valid,Valid,Fixation
2022-11-16 15:56:16.145261,,Eye Tracker,1476.0,586.0,Valid,Valid,Fixation
2022-11-16 15:56:16.161917,,Eye Tracker,1475.0,589.0,Valid,Valid,Fixation
2022-11-16 15:56:16.178572,,Eye Tracker,1478.0,590.0,Valid,Valid,Fixation
2022-11-16 15:56:16.195226,,Eye Tracker,1475.0,586.0,Valid,Valid,Fixation
2022-11-16 15:56:16.211882,,Eye Tracker,1472.0,586.0,Valid,Valid,Fixation
2022-11-16 15:56:16.228537,,Eye Tracker,1476.0,592.0,Valid,Valid,Fixation
2022-11-16 15:56:16.245191,,Eye Tracker,1480.0,593.0,Valid,Valid,Fixation
2022-11-16 15:56:16.261846,,Eye Tracker,1479.0,593.0,Valid,Valid,Fixation
2022-11-16 15:56:16.278501,,Eye Tracker,1478.0,594.0,Valid,Valid,Fixation
2022-11-16 15:56:16.295155,,Eye Tracker,1482.0,590.0,Valid,Valid,Fixation
2022-11-16 15:56:16.311810,,Eye Tracker,1482.0,589.0,Valid,Valid,Fixation
2022-11-16 15:56:16.328465,,Eye Tracker,1480.0,591.0,Valid,Valid,Fixation
2022-11-16 15:56:16.345119,,Eye Tracker,1480.0,591.0,Valid,Valid,Fixation
2022-11-16 15:56:16.361774,,Eye Tracker,1485.0,588.0,Valid,Valid,Fixation
2022-11-16 15:56:16.378431,,Eye Tracker,1489.0,585.0,Valid,Valid,Fixation
2022-11-16 15:56:16.395085,,Eye Tracker,1484.0,589.0,Valid,Valid,Fixation
2022-11-16 15:56:16.411740,,Eye Tracker,1484.0,591.0,Valid,Valid,Fixation
2022-11-16 15:56:16.428395,,Eye Tracker,1487.0,587.0,Valid,Valid,Fixation
2022-11-16 15:56:16.445050,,Eye Tracker,1487.0,583.0,Valid,Valid,Fixation
2022-11-16 15:56:16.461704,,Eye Tracker,1498.0,583.0,Valid,Valid,Fixation
2022-11-16 15:56:16.478359,,Eye Tracker,1535.0,586.0,Valid,Valid,Saccade
2022-11-16 15:56:16.495014,,Eye Tracker,1555.0,585.0,Valid,Valid,Fixation
2022-11-16 15:56:16.511668,,Eye Tracker,1552.0,584.0,Valid,Valid,Fixation
2022-11-16 15:56:16.528323,,Eye Tracker,1554.0,585.0,Valid,Valid,Fixation
2022-11-16 15:56:16.544979,,Eye Tracker,1556.0,587.0,Valid,Valid,Fixation
2022-11-16 15:56:16.561633,,Eye Tracker,1557.0,587.0,Valid,Valid,Fixation
2022-11-16 15:56:16.578288,,Eye Tracker,1559.0,588.0,Valid,Valid,Fixation
2022-11-16 15:56:16.594943,,Eye Tracker,1561.0,585.0,Valid,Valid,Fixation
2022-11-16 15:56:16.611598,,Eye Tracker,1561.0,585.0,Valid,Valid,Fixation
2022-11-16 15:56:16.628253,,Eye Tracker,1562.0,589.0,Valid,Valid,Fixation
2022-11-16 15:56:16.644908,,Eye Tracker,1565.0,587.0,Valid,Valid,Fixation
2022-11-16 15:56:16.661562,,Eye Tracker,1565.0,586.0,Valid,Valid,Fixation
2022-11-16 15:56:16.678217,,Eye Tracker,1566.0,584.0,Valid,Valid,Fixation
2022-11-16 15:56:16.694872,,Eye Tracker,1568.0,585.0,Valid,Valid,Fixation
2022-11-16 15:56:16.711528,,Eye Tracker,1568.0,584.0,Valid,Valid,Fixation
2022-11-16 15:56:16.728182,,Eye Tracker,1569.0,579.0,Valid,Valid,Fixation
2022-11-16 15:56:16.744837,,Eye Tracker,1569.0,581.0,Valid,Valid,Fixation
2022-11-16 15:56:16.761492,,Eye Tracker,1569.0,585.0,Valid,Valid,Fixation
2022-11-16 15:56:16.778146,,Eye Tracker,1570.0,587.0,Valid,Valid,Fixation
2022-11-16 15:56:16.794801,,Eye Tracker,1578.0,586.0,Valid,Valid,Fixation
2022-11-16 15:56:16.811456,,Eye Tracker,1579.0,590.0,Valid,Valid,Fixation
2022-11-16 15:56:16.828110,,Eye Tracker,1576.0,590.0,Valid,Valid,Fixation
2022-11-16 15:56:16.844766,,Eye Tracker,1578.0,589.0,Valid,Valid,Fixation
2022-11-16 15:56:16.861421,,Eye Tracker,1575.0,592.0,Valid,Valid,Fixation
2022-11-16 15:56:16.878076,,Eye Tracker,1577.0,592.0,Valid,Valid,Fixation
2022-11-16 15:56:16.894731,,Eye Tracker,1579.0,592.0,Valid,Valid,Fixation
2022-11-16 15:56:16.911386,,Eye Tracker,1580.0,592.0,Valid,Valid,Fixation
2022-11-16 15:56:16.928040,,Eye Tracker,1583.0,589.0,Valid,Valid,Fixation
2022-11-16 15:56:16.944695,,Eye Tracker,1579.0,593.0,Valid,Valid,Fixation
2022-11-16 15:56:16.961350,,Eye Tracker,1581.0,592.0,Valid,Valid,Fixation
2022-11-16 15:56:16.978005,,Eye Tracker,1585.0,585.0,Valid,Valid,Fixation
2022-11-16 15:56:16.994660,,Eye Tracker,1588.0,583.0,Valid,Valid,Fixation
2022-11-16 15:56:17.011315,,Eye Tracker,1590.0,581.0,Valid,Valid,Fixation
2022-11-16 15:56:17.027970,,Eye Tracker,1591.0,579.0,Valid,Valid,Fixation
2022-11-16 15:56:17.044624,,Eye Tracker,1592.0,582.0,Valid,Valid,Fixation
2022-11-16 15:56:17.061280,,Eye Tracker,1595.0,581.0,Valid,Valid,Fixation
2022-11-16 15:56:17.077935,,Eye Tracker,1597.0,581.0,Valid,Valid,Fixation
2022-11-16 15:56:17.094589,,Eye Tracker,1600.0,583.0,Valid,Valid,Fixation
2022-11-16 15:56:17.111244,,Eye Tracker,1600.0,599.0,Valid,Valid,Fixation
2022-11-16 15:56:17.127899,,Eye Tracker,1626.0,665.0,Valid,Valid,Saccade
2022-11-16 15:56:17.144553,,Eye Tracker,1697.0,761.0,Valid,Valid,Saccade
2022-11-16 15:56:17.161208,,Eye Tracker,,,Invalid,Invalid,EyesNotFound
2022-11-16 15:56:17.177863,,Eye Tracker,,,Invalid,Invalid,EyesNotFound
2022-11-16 15:56:17.194517,,Eye Tracker,1887.0,1203.0,Valid,Invalid,Unclassified
2022-11-16 15:56:17.211173,,Eye Tracker,1887.0,1203.0,Valid,Invalid,Unclassified
2022-11-16 15:56:17.227828,,Eye Tracker,1763.0,822.0,Valid,Valid,Saccade
2022-11-16 15:56:17.244483,,Eye Tracker,1779.0,844.0,Valid,Valid,Saccade
2022-11-16 15:56:17.261137,,Eye Tracker,1676.0,714.0,Valid,Valid,Saccade
2022-11-16 15:56:17.277792,,Eye Tracker,1636.0,665.0,Valid,Valid,Saccade
2022-11-16 15:56:17.294448,,Eye Tracker,1629.0,625.0,Valid,Valid,Saccade
2022-11-16 15:56:17.311102,,Eye Tracker,1631.0,605.0,Valid,Valid,Fixation
2022-11-16 15:56:17.327757,,Eye Tracker,1635.0,613.0,Valid,Valid,Fixation
2022-11-16 15:56:17.344412,,Eye Tracker,1634.0,610.0,Valid,Valid,Fixation
2022-11-16 15:56:17.361066,,Eye Tracker,1628.0,622.0,Valid,Valid,Fixation
2022-11-16 15:56:17.377721,,Eye Tracker,1631.0,618.0,Valid,Valid,Fixation
2022-11-16 15:56:17.394377,,Eye Tracker,1634.0,618.0,Valid,Valid,Fixation
2022-11-16 15:56:17.411031,,Eye Tracker,1627.0,618.0,Valid,Valid,Fixation
2022-11-16 15:56:17.427686,,Eye Tracker,1623.0,623.0,Valid,Valid,Fixation
2022-11-16 15:56:17.444342,,Eye Tracker,1630.0,621.0,Valid,Valid,Fixation
2022-11-16 15:56:17.460996,,Eye Tracker,1638.0,619.0,Valid,Valid,Fixation
2022-11-16 15:56:17.477651,,Eye Tracker,1637.0,621.0,Valid,Valid,Fixation
2022-11-16 15:56:17.494306,,Eye Tracker,1636.0,622.0,Valid,Valid,Fixation
2022-11-16 15:56:17.510961,,Eye Tracker,1648.0,623.0,Valid,Valid,Fixation
2022-11-16 15:56:17.527615,,Eye Tracker,1665.0,619.0,Valid,Valid,Fixation
2022-11-16 15:56:17.544270,,Eye Tracker,1681.0,615.0,Valid,Valid,Fixation
2022-11-16 15:56:17.560926,,Eye Tracker,1687.0,615.0,Valid,Valid,Fixation
2022-11-16 15:56:17.577580,,Eye Tracker,1686.0,616.0,Valid,Valid,Fixation
2022-11-16 15:56:17.594235,,Eye Tracker,1684.0,614.0,Valid,Valid,Fixation
2022-11-16 15:56:17.610890,,Eye Tracker,1686.0,611.0,Valid,Valid,Fixation
2022-11-16 15:56:17.627544,,Eye Tracker,1684.0,613.0,Valid,Valid,Fixation
2022-11-16 15:56:17.644200,,Eye Tracker,1686.0,612.0,Valid,Valid,Fixation
2022-11-16 15:56:17.660855,,Eye Tracker,1688.0,610.0,Valid,Valid,Fixation
2022-11-16 15:56:17.677509,,Eye Tracker,1689.0,607.0,Valid,Valid,Fixation
2022-11-16 15:56:17.694164,,Eye Tracker,1690.0,611.0,Valid,Valid,Fixation
2022-11-16 15:56:17.710819,,Eye Tracker,1692.0,614.0,Valid,Valid,Fixation
2022-11-16 15:56:17.727473,,Eye Tracker,1689.0,612.0,Valid,Valid,Fixation
2022-11-16 15:56:17.744129,,Eye Tracker,1686.0,609.0,Valid,Valid,Fixation
2022-11-16 15:56:17.760784,,Eye Tracker,1687.0,609.0,Valid,Valid,Fixation
2022-11-16 15:56:17.777439,,Eye Tracker,1689.0,610.0,Valid,Valid,Fixation
2022-11-16 15:56:17.794093,,Eye Tracker,1692.0,610.0,Valid,Valid,Fixation
2022-11-16 15:56:17.810748,,Eye Tracker,1693.0,607.0,Valid,Valid,Fixation
2022-11-16 15:56:17.827403,,Eye Tracker,1694.0,609.0,Valid,Valid,Fixation
2022-11-16 15:56:17.844057,,Eye Tracker,1694.0,609.0,Valid,Valid,Fixation
2022-11-16 15:56:17.860713,,Eye Tracker,1695.0,609.0,Valid,Valid,Fixation
2022-11-16 15:56:17.877368,,Eye Tracker,1695.0,609.0,Valid,Valid,Fixation
2022-11-16 15:56:17.894022,,Eye Tracker,1692.0,608.0,Valid,Valid,Fixation
2022-11-16 15:56:17.910678,,Eye Tracker,1694.0,608.0,Valid,Valid,Fixation
2022-11-16 15:56:17.927333,,Eye Tracker,1697.0,606.0,Valid,Valid,Fixation
2022-11-16 15:56:17.943987,,Eye Tracker,1713.0,602.0,Valid,Valid,Fixation
2022-11-16 15:56:17.960642,,Eye Tracker,1754.0,596.0,Valid,Valid,Saccade
2022-11-16 15:56:17.977297,,Eye Tracker,1773.0,595.0,Valid,Valid,Fixation
2022-11-16 15:56:17.993951,,Eye Tracker,1769.0,592.0,Valid,Valid,Fixation
2022-11-16 15:56:18.010606,,Eye Tracker,1772.0,591.0,Valid,Valid,Fixation
2022-11-16 15:56:18.027261,,Eye Tracker,1775.0,593.0,Valid,Valid,Fixation
2022-11-16 15:56:18.043916,,Eye Tracker,1774.0,590.0,Valid,Valid,Fixation
2022-11-16 15:56:18.060571,,Eye Tracker,1773.0,586.0,Valid,Valid,Fixation
2022-11-16 15:56:18.077227,,Eye Tracker,1772.0,587.0,Valid,Valid,Fixation
2022-11-16 15:56:18.093882,,Eye Tracker,1771.0,588.0,Valid,Valid,Fixation
2022-11-16 15:56:18.110536,,Eye Tracker,1773.0,587.0,Valid,Valid,Fixation
2022-11-16 15:56:18.127191,,Eye Tracker,1775.0,587.0,Valid,Valid,Fixation
2022-11-16 15:56:18.143846,,Eye Tracker,1774.0,590.0,Valid,Valid,Fixation
2022-11-16 15:56:18.160500,,Eye Tracker,1775.0,593.0,Valid,Valid,Fixation
2022-11-16 15:56:18.177155,,Eye Tracker,1775.0,593.0,Valid,Valid,Fixation
2022-11-16 15:56:18.193810,,Eye Tracker,1770.0,595.0,Valid,Valid,Fixation
2022-11-16 15:56:18.210465,,Eye Tracker,1768.0,592.0,Valid,Valid,Fixation
2022-11-16 15:56:18.227120,,Eye Tracker,1770.0,587.0,Valid,Valid,Fixation
2022-11-16 15:56:18.243775,,Eye Tracker,1770.0,588.0,Valid,Valid,Fixation
2022-11-16 15:56:18.260430,,Eye Tracker,1771.0,587.0,Valid,Valid,Fixation
2022-11-16 15:56:18.277084,,Eye Tracker,1771.0,588.0,Valid,Valid,Fixation
2022-11-16 15:56:18.293740,,Eye Tracker,1770.0,595.0,Valid,Valid,Fixation
2022-11-16 15:56:18.310395,,Eye Tracker,1770.0,594.0,Valid,Valid,Fixation
2022-11-16 15:56:18.327049,,Eye Tracker,1768.0,594.0,Valid,Valid,Fixation
2022-11-16 15:56:18.343704,,Eye Tracker,1768.0,595.0,Valid,Valid,Fixation
2022-11-16 15:56:18.360359,,Eye Tracker,1770.0,590.0,Valid,Valid,Fixation
2022-11-16 15:56:18.377014,,Eye Tracker,1770.0,589.0,Valid,Valid,Fixation
2022-11-16 15:56:18.393669,,Eye Tracker,1769.0,585.0,Valid,Valid,Fixation
2022-11-16 15:56:18.410324,,Eye Tracker,1768.0,586.0,Valid,Valid,Fixation
2022-11-16 15:56:18.426978,,Eye Tracker,1766.0,589.0,Valid,Valid,Fixation
2022-11-16 15:56:18.443633,,Eye Tracker,1766.0,587.0,Valid,Valid,Fixation
2022-11-16 15:56:18.460288,,Eye Tracker,1769.0,587.0,Valid,Valid,Fixation
2022-11-16 15:56:18.476942,,Eye Tracker,1767.0,585.0,Valid,Valid,Fixation
2022-11-16 15:56:18.493597,,Eye Tracker,1764.0,585.0,Valid,Valid,Fixation
2022-11-16 15:56:18.510253,,Eye Tracker,1765.0,586.0,Valid,Valid,Fixation
2022-11-16 15:56:18.526907,,Eye Tracker,1764.0,584.0,Valid,Valid,Fixation
2022-11-16 15:56:18.543562,,Eye Tracker,1766.0,584.0,Valid,Valid,Fixation
2022-11-16 15:56:18.560217,,Eye Tracker,1766.0,582.0,Valid,Valid,Fixation
2022-11-16 15:56:18.576873,,Eye Tracker,1764.0,582.0,Valid,Valid,Fixation
2022-11-16 15:56:18.593527,,Eye Tracker,1772.0,583.0,Valid,Valid,Fixation
2022-11-16 15:56:18.610182,,Eye Tracker,1773.0,582.0,Valid,Valid,Fixation
2022-11-16 15:56:18.626837,,Eye Tracker,1770.0,587.0,Valid,Valid,Fixation
2022-11-16 15:56:18.643491,,Eye Tracker,1772.0,588.0,Valid,Valid,Fixation
2022-11-16 15:56:18.660147,,Eye Tracker,1770.0,587.0,Valid,Valid,Fixation
2022-11-16 15:56:18.676802,,Eye Tracker,1770.0,586.0,Valid,Valid,Fixation
2022-11-16 15:56:18.693456,,Eye Tracker,1771.0,587.0,Valid,Valid,Fixation
2022-11-16 15:56:18.710111,,Eye Tracker,1771.0,589.0,Valid,Valid,Fixation
2022-11-16 15:56:18.726766,,Eye Tracker,1776.0,586.0,Valid,Valid,Fixation
2022-11-16 15:56:18.743421,,Eye Tracker,1771.0,587.0,Valid,Valid,Fixation
2022-11-16 15:56:18.760076,,Eye Tracker,1766.0,586.0,Valid,Valid,Fixation
2022-11-16 15:56:18.776731,,Eye Tracker,1789.0,588.0,Valid,Valid,Fixation
2022-11-16 15:56:18.793385,,Eye Tracker,1805.0,593.0,Valid,Valid,Fixation
2022-11-16 15:56:18.810041,,Eye Tracker,1799.0,594.0,Valid,Valid,Fixation
2022-11-16 15:56:18.826696,,Eye Tracker,1794.0,593.0,Valid,Valid,Fixation
2022-11-16 15:56:18.843351,,Eye Tracker,1797.0,594.0,Valid,Valid,Fixation
2022-11-16 15:56:18.860005,,Eye Tracker,1804.0,592.0,Valid,Valid,Fixation
2022-11-16 15:56:18.876660,,Eye Tracker,1803.0,593.0,Valid,Valid,Fixation
2022-11-16 15:56:18.893315,,Eye Tracker,1803.0,596.0,Valid,Valid,Fixation
2022-11-16 15:56:18.909969,,Eye Tracker,1802.0,597.0,Valid,Valid,Fixation
2022-11-16 15:56:18.926624,,Eye Tracker,1800.0,596.0,Valid,Valid,Fixation
2022-11-16 15:56:18.943280,,Eye Tracker,1802.0,611.0,Valid,Valid,Fixation
2022-11-16 15:56:18.959934,,Eye Tracker,1861.0,782.0,Valid,Valid,Saccade
2022-11-16 15:56:18.976589,,Eye Tracker,1939.0,1003.0,Valid,Valid,Saccade
2022-11-16 15:56:18.993245,,Eye Tracker,,,Invalid,Invalid,EyesNotFound
2022-11-16 15:56:19.009899,,Eye Tracker,,,Invalid,Invalid,EyesNotFound
2022-11-16 15:56:19.026554,,Eye Tracker,,,Invalid,Invalid,EyesNotFound
2022-11-16 15:56:19.043209,,Eye Tracker,,,Invalid,Invalid,EyesNotFound
2022-11-16 15:56:19.059863,,Eye Tracker,1996.0,856.0,Valid,Invalid,Unclassified
2022-11-16 15:56:19.076518,,Eye Tracker,1996.0,856.0,Valid,Invalid,Unclassified
2022-11-16 15:56:19.093173,,Eye Tracker,1840.0,654.0,Valid,Valid,Saccade
2022-11-16 15:56:19.109828,,Eye Tracker,1819.0,630.0,Valid,Valid,Saccade
2022-11-16 15:56:19.126483,,Eye Tracker,1798.0,602.0,Valid,Valid,Saccade
2022-11-16 15:56:19.143138,,Eye Tracker,1792.0,581.0,Valid,Valid,Fixation
2022-11-16 15:56:19.159793,,Eye Tracker,1799.0,584.0,Valid,Valid,Fixation
2022-11-16 15:56:19.176447,,Eye Tracker,1803.0,581.0,Valid,Valid,Fixation
2022-11-16 15:56:19.193102,,Eye Tracker,1808.0,574.0,Valid,Valid,Fixation
2022-11-16 15:56:19.209758,,Eye Tracker,1802.0,572.0,Valid,Valid,Fixation
2022-11-16 15:56:19.226412,,Eye Tracker,1800.0,573.0,Valid,Valid,Fixation
2022-11-16 15:56:19.243067,,Eye Tracker,1803.0,577.0,Valid,Valid,Fixation
2022-11-16 15:56:19.259722,,Eye Tracker,1797.0,579.0,Valid,Valid,Fixation
2022-11-16 15:56:19.276377,,Eye Tracker,1798.0,576.0,Valid,Valid,Fixation
2022-11-16 15:56:19.293032,,Eye Tracker,1799.0,574.0,Valid,Valid,Fixation
2022-11-16 15:56:19.309687,,Eye Tracker,1803.0,573.0,Valid,Valid,Fixation
2022-11-16 15:56:19.326341,,Eye Tracker,1802.0,573.0,Valid,Valid,Fixation
2022-11-16 15:56:19.342996,,Eye Tracker,1805.0,583.0,Valid,Valid,Fixation
2022-11-16 15:56:19.359651,,Eye Tracker,1808.0,597.0,Valid,Valid,Fixation
2022-11-16 15:56:19.376306,,Eye Tracker,1811.0,605.0,Valid,Valid,Fixation
2022-11-16 15:56:19.392960,,Eye Tracker,1816.0,610.0,Valid,Valid,Fixation
2022-11-16 15:56:19.409616,,Eye Tracker,1816.0,612.0,Valid,Valid,Fixation
2022-11-16 15:56:19.426272,,Eye Tracker,1815.0,608.0,Valid,Valid,Fixation
2022-11-16 15:56:19.442926,,Eye Tracker,1817.0,609.0,Valid,Valid,Fixation
2022-11-16 15:56:19.459581,,Eye Tracker,1814.0,607.0,Valid,Valid,Fixation
2022-11-16 15:56:19.476236,,Eye Tracker,1811.0,606.0,Valid,Valid,Fixation
2022-11-16 15:56:19.492890,,Eye Tracker,1814.0,603.0,Valid,Valid,Fixation
2022-11-16 15:56:19.509545,,Eye Tracker,1817.0,602.0,Valid,Valid,Fixation
2022-11-16 15:56:19.526200,,Eye Tracker,1816.0,602.0,Valid,Valid,Fixation
2022-11-16 15:56:19.542854,,Eye Tracker,1816.0,602.0,Valid,Valid,Fixation
2022-11-16 15:56:19.559509,,Eye Tracker,1818.0,606.0,Valid,Valid,Fixation
2022-11-16 15:56:19.576165,,Eye Tracker,1816.0,609.0,Valid,Valid,Fixation
2022-11-16 15:56:19.592819,,Eye Tracker,1817.0,601.0,Valid,Valid,Fixation
2022-11-16 15:56:19.609474,,Eye Tracker,1817.0,596.0,Valid,Valid,Fixation
2022-11-16 15:56:19.626130,,Eye Tracker,1818.0,600.0,Valid,Valid,Fixation
2022-11-16 15:56:19.642785,,Eye Tracker,1821.0,598.0,Valid,Valid,Fixation
2022-11-16 15:56:19.659439,,Eye Tracker,1817.0,596.0,Valid,Valid,Fixation
2022-11-16 15:56:19.676094,,Eye Tracker,1818.0,594.0,Valid,Valid,Fixation
2022-11-16 15:56:19.692749,,Eye Tracker,1814.0,596.0,Valid,Valid,Fixation
2022-11-16 15:56:19.709403,,Eye Tracker,1811.0,597.0,Valid,Valid,Fixation
2022-11-16 15:56:19.726059,,Eye Tracker,1819.0,596.0,Valid,Valid,Fixation
2022-11-16 15:56:19.742714,,Eye Tracker,1790.0,585.0,Valid,Valid,Saccade
2022-11-16 15:56:19.759368,,Eye Tracker,1767.0,583.0,Valid,Valid,Fixation
2022-11-16 15:56:19.776023,,Eye Tracker,1772.0,586.0,Valid,Valid,Fixation
2022-11-16 15:56:19.792678,,Eye Tracker,1773.0,577.0,Valid,Valid,Fixation
2022-11-16 15:56:19.809332,,Eye Tracker,1774.0,576.0,Valid,Valid,Fixation
2022-11-16 15:56:19.825988,,Eye Tracker,1775.0,575.0,Valid,Valid,Fixation
2022-11-16 15:56:19.842643,,Eye Tracker,1774.0,572.0,Valid,Valid,Fixation
2022-11-16 15:56:19.859297,,Eye Tracker,1773.0,575.0,Valid,Valid,Fixation
2022-11-16 15:56:19.875953,,Eye Tracker,1773.0,577.0,Valid,Valid,Fixation
2022-11-16 15:56:19.892608,,Eye Tracker,1770.0,575.0,Valid,Valid,Fixation
2022-11-16 15:56:19.909263,,Eye Tracker,1773.0,573.0,Valid,Valid,Fixation
2022-11-16 15:56:19.925917,,Eye Tracker,1778.0,577.0,Valid,Valid,Fixation
2022-11-16 15:56:19.942572,,Eye Tracker,1774.0,575.0,Valid,Valid,Fixation
2022-11-16 15:56:19.959227,,Eye Tracker,1774.0,571.0,Valid,Valid,Fixation
2022-11-16 15:56:19.975881,,Eye Tracker,1776.0,572.0,Valid,Valid,Fixation
2022-11-16 15:56:19.992536,,Eye Tracker,1798.0,567.0,Valid,Valid,Fixation
2022-11-16 15:56:20.009191,,Eye Tracker,1813.0,562.0,Valid,Valid,Fixation
2022-11-16 15:56:20.025846,,Eye Tracker,1805.0,563.0,Valid,Valid,Fixation
2022-11-16 15:56:20.042502,,Eye Tracker,1806.0,565.0,Valid,Valid,Fixation
2022-11-16 15:56:20.059157,,Eye Tracker,1807.0,560.0,Valid,Valid,Fixation
2022-11-16 15:56:20.075811,,Eye Tracker,1808.0,556.0,Valid,Valid,Fixation
2022-11-16 15:56:20.092466,,Eye Tracker,1808.0,557.0,Valid,Valid,Fixation
2022-11-16 15:56:20.109121,,Eye Tracker,1806.0,558.0,Valid,Valid,Fixation
2022-11-16 15:56:20.125775,,Eye Tracker,1810.0,560.0,Valid,Valid,Fixation
2022-11-16 15:56:20.142430,,Eye Tracker,1813.0,558.0,Valid,Valid,Fixation
2022-11-16 15:56:20.159085,,Eye Tracker,1809.0,555.0,Valid,Valid,Fixation
2022-11-16 15:56:20.175740,,Eye Tracker,1810.0,556.0,Valid,Valid,Fixation
2022-11-16 15:56:20.192395,,Eye Tracker,1814.0,556.0,Valid,Valid,Fixation
2022-11-16 15:56:20.209050,,Eye Tracker,1814.0,554.0,Valid,Valid,Fixation
2022-11-16 15:56:20.225705,,Eye Tracker,1805.0,553.0,Valid,Valid,Fixation
2022-11-16 15:56:20.242360,,Eye Tracker,1805.0,552.0,Valid,Valid,Fixation
2022-11-16 15:56:20.259015,,Eye Tracker,1808.0,551.0,Valid,Valid,Fixation
2022-11-16 15:56:20.275670,,Eye Tracker,1807.0,550.0,Valid,Valid,Fixation
2022-11-16 15:56:20.292324,,Eye Tracker,1805.0,550.0,Valid,Valid,Fixation
2022-11-16 15:56:20.308979,,Eye Tracker,1808.0,548.0,Valid,Valid,Fixation
2022-11-16 15:56:20.325634,,Eye Tracker,1807.0,549.0,Valid,Valid,Fixation
2022-11-16 15:56:20.342289,,Eye Tracker,1804.0,549.0,Valid,Valid,Fixation
2022-11-16 15:56:20.358944,,Eye Tracker,1807.0,545.0,Valid,Valid,Fixation
2022-11-16 15:56:20.375599,,Eye Tracker,1804.0,545.0,Valid,Valid,Fixation
2022-11-16 15:56:20.392253,,Eye Tracker,1807.0,541.0,Valid,Valid,Fixation
2022-11-16 15:56:20.408908,,Eye Tracker,1828.0,530.0,Valid,Valid,Fixation
2022-11-16 15:56:20.425563,,Eye Tracker,1844.0,517.0,Valid,Valid,Fixation
2022-11-16 15:56:20.442218,,Eye Tracker,1840.0,511.0,Valid,Valid,Fixation
2022-11-16 15:56:20.458872,,Eye Tracker,1840.0,510.0,Valid,Valid,Fixation
2022-11-16 15:56:20.475527,,Eye Tracker,1843.0,507.0,Valid,Valid,Fixation
2022-11-16 15:56:20.492183,,Eye Tracker,1841.0,504.0,Valid,Valid,Fixation
2022-11-16 15:56:20.508837,,Eye Tracker,1839.0,508.0,Valid,Valid,Fixation
2022-11-16 15:56:20.525492,,Eye Tracker,1838.0,508.0,Valid,Valid,Fixation
2022-11-16 15:56:20.542147,,Eye Tracker,1838.0,504.0,Valid,Valid,Fixation
2022-11-16 15:56:20.558801,,Eye Tracker,1842.0,508.0,Valid,Valid,Fixation
2022-11-16 15:56:20.575456,,Eye Tracker,1844.0,508.0,Valid,Valid,Fixation
2022-11-16 15:56:20.592111,,Eye Tracker,1816.0,499.0,Valid,Valid,Saccade
2022-11-16 15:56:20.608765,,Eye Tracker,1792.0,500.0,Valid,Valid,Saccade
2022-11-16 15:56:20.625420,,Eye Tracker,1792.0,502.0,Valid,Valid,Fixation
2022-11-16 15:56:20.642076,,Eye Tracker,1794.0,498.0,Valid,Valid,Fixation
2022-11-16 15:56:20.658731,,Eye Tracker,1794.0,495.0,Valid,Valid,Fixation
2022-11-16 15:56:20.675385,,Eye Tracker,1795.0,496.0,Valid,Valid,Fixation
2022-11-16 15:56:20.692040,,Eye Tracker,1796.0,498.0,Valid,Valid,Fixation
2022-11-16 15:56:20.708695,,Eye Tracker,1795.0,495.0,Valid,Valid,Fixation
2022-11-16 15:56:20.725349,,Eye Tracker,1796.0,496.0,Valid,Valid,Fixation
2022-11-16 15:56:20.742004,,Eye Tracker,1793.0,496.0,Valid,Valid,Fixation
2022-11-16 15:56:20.758659,,Eye Tracker,1794.0,495.0,Valid,Valid,Fixation
2022-11-16 15:56:20.775313,,Eye Tracker,1794.0,495.0,Valid,Valid,Fixation
2022-11-16 15:56:20.791969,,Eye Tracker,1789.0,493.0,Valid,Valid,Fixation
2022-11-16 15:56:20.808624,,Eye Tracker,1794.0,494.0,Valid,Valid,Fixation
2022-11-16 15:56:20.825278,,Eye Tracker,1798.0,492.0,Valid,Valid,Fixation
2022-11-16 15:56:20.841933,,Eye Tracker,1796.0,487.0,Valid,Valid,Fixation
2022-11-16 15:56:20.858588,,Eye Tracker,1794.0,486.0,Valid,Valid,Fixation
2022-11-16 15:56:20.875242,,Eye Tracker,1792.0,488.0,Valid,Valid,Fixation
2022-11-16 15:56:20.891897,,Eye Tracker,1793.0,483.0,Valid,Valid,Fixation
2022-11-16 15:56:20.908552,,Eye Tracker,1790.0,482.0,Valid,Valid,Fixation
2022-11-16 15:56:20.925206,,Eye Tracker,1809.0,485.0,Valid,Valid,Fixation
2022-11-16 15:56:20.941862,,Eye Tracker,1825.0,476.0,Valid,Valid,Fixation
2022-11-16 15:56:20.958517,,Eye Tracker,1826.0,475.0,Valid,Valid,Fixation
2022-11-16 15:56:20.975172,,Eye Tracker,1829.0,476.0,Valid,Valid,Fixation
2022-11-16 15:56:20.991826,,Eye Tracker,1829.0,469.0,Valid,Valid,Fixation
2022-11-16 15:56:21.008481,,Eye Tracker,1832.0,471.0,Valid,Valid,Fixation
2022-11-16 15:56:21.025136,,Eye Tracker,1832.0,472.0,Valid,Valid,Fixation
2022-11-16 15:56:21.041790,,Eye Tracker,1828.0,472.0,Valid,Valid,Fixation
2022-11-16 15:56:21.058445,,Eye Tracker,1823.0,466.0,Valid,Valid,Fixation
2022-11-16 15:56:21.075100,,Eye Tracker,1822.0,464.0,Valid,Valid,Fixation
2022-11-16 15:56:21.091755,,Eye Tracker,1828.0,467.0,Valid,Valid,Fixation
2022-11-16 15:56:21.108410,,Eye Tracker,1829.0,465.0,Valid,Valid,Fixation
2022-11-16 15:56:21.125065,,Eye Tracker,1828.0,466.0,Valid,Valid,Fixation
2022-11-16 15:56:21.141719,,Eye Tracker,1829.0,468.0,Valid,Valid,Fixation
2022-11-16 15:56:21.158374,,Eye Tracker,1832.0,469.0,Valid,Valid,Fixation
2022-11-16 15:56:21.175029,,Eye Tracker,1832.0,464.0,Valid,Valid,Fixation
2022-11-16 15:56:21.191683,,Eye Tracker,1826.0,466.0,Valid,Valid,Fixation
2022-11-16 15:56:21.208338,,Eye Tracker,1825.0,467.0,Valid,Valid,Fixation
2022-11-16 15:56:21.224993,,Eye Tracker,1825.0,466.0,Valid,Valid,Fixation
2022-11-16 15:56:21.241648,,Eye Tracker,1818.0,468.0,Valid,Valid,Fixation
2022-11-16 15:56:21.258303,,Eye Tracker,1808.0,470.0,Valid,Valid,Fixation
2022-11-16 15:56:21.274958,,Eye Tracker,1802.0,472.0,Valid,Valid,Fixation
2022-11-16 15:56:21.291613,,Eye Tracker,1803.0,470.0,Valid,Valid,Fixation
2022-11-16 15:56:21.308267,,Eye Tracker,1802.0,467.0,Valid,Valid,Fixation
2022-11-16 15:56:21.324922,,Eye Tracker,1801.0,463.0,Valid,Valid,Fixation
2022-11-16 15:56:21.341577,,Eye Tracker,1801.0,465.0,Valid,Valid,Fixation
2022-11-16 15:56:21.358231,,Eye Tracker,1801.0,467.0,Valid,Valid,Fixation
2022-11-16 15:56:21.374886,,Eye Tracker,1799.0,468.0,Valid,Valid,Fixation
2022-11-16 15:56:21.391541,,Eye Tracker,1801.0,472.0,Valid,Valid,Fixation
2022-11-16 15:56:21.408196,,Eye Tracker,1805.0,471.0,Valid,Valid,Fixation
2022-11-16 15:56:21.424851,,Eye Tracker,1802.0,469.0,Valid,Valid,Fixation
2022-11-16 15:56:21.441506,,Eye Tracker,1803.0,470.0,Valid,Valid,Fixation
2022-11-16 15:56:21.458160,,Eye Tracker,1806.0,467.0,Valid,Valid,Fixation
2022-11-16 15:56:21.474815,,Eye Tracker,1806.0,465.0,Valid,Valid,Fixation
2022-11-16 15:56:21.491470,,Eye Tracker,1808.0,469.0,Valid,Valid,Fixation
2022-11-16 15:56:21.508125,,Eye Tracker,1808.0,471.0,Valid,Valid,Fixation
2022-11-16 15:56:21.524779,,Eye Tracker,1802.0,472.0,Valid,Valid,Fixation
2022-11-16 15:56:21.541434,,Eye Tracker,1801.0,474.0,Valid,Valid,Fixation
2022-11-16 15:56:21.558090,,Eye Tracker,1808.0,469.0,Valid,Valid,Fixation
2022-11-16 15:56:21.574744,,Eye Tracker,1809.0,465.0,Valid,Valid,Fixation
2022-11-16 15:56:21.591399,,Eye Tracker,1805.0,465.0,Valid,Valid,Fixation
2022-11-16 15:56:21.608054,,Eye Tracker,1803.0,466.0,Valid,Valid,Fixation
2022-11-16 15:56:21.624708,,Eye Tracker,1799.0,469.0,Valid,Valid,Fixation
2022-11-16 15:56:21.641363,,Eye Tracker,1797.0,467.0,Valid,Valid,Fixation
2022-11-16 15:56:21.658018,,Eye Tracker,1798.0,467.0,Valid,Valid,Fixation
2022-11-16 15:56:21.674672,,Eye Tracker,1798.0,467.0,Valid,Valid,Fixation
2022-11-16 15:56:21.691327,,Eye Tracker,1802.0,463.0,Valid,Valid,Fixation
2022-11-16 15:56:21.707983,,Eye Tracker,1806.0,460.0,Valid,Valid,Fixation
2022-11-16 15:56:21.724637,,Eye Tracker,1822.0,453.0,Valid,Valid,Fixation
2022-11-16 15:56:21.741292,,Eye Tracker,1837.0,442.0,Valid,Valid,Fixation
2022-11-16 15:56:21.757947,,Eye Tracker,1833.0,438.0,Valid,Valid,Fixation
2022-11-16 15:56:21.774602,,Eye Tracker,1831.0,437.0,Valid,Valid,Fixation
2022-11-16 15:56:21.791256,,Eye Tracker,1829.0,444.0,Valid,Valid,Fixation
2022-11-16 15:56:21.807911,,Eye Tracker,1832.0,445.0,Valid,Valid,Fixation
2022-11-16 15:56:21.824566,,Eye Tracker,1837.0,438.0,Valid,Valid,Fixation
2022-11-16 15:56:21.841220,,Eye Tracker,1835.0,441.0,Valid,Valid,Fixation
2022-11-16 15:56:21.857876,,Eye Tracker,1833.0,450.0,Valid,Valid,Fixation
2022-11-16 15:56:21.874531,,Eye Tracker,1832.0,452.0,Valid,Valid,Fixation
2022-11-16 15:56:21.891185,,Eye Tracker,1827.0,448.0,Valid,Valid,Fixation
2022-11-16 15:56:21.907840,,Eye Tracker,1826.0,449.0,Valid,Valid,Fixation
2022-11-16 15:56:21.924495,,Eye Tracker,1831.0,448.0,Valid,Valid,Fixation
2022-11-16 15:56:21.941149,,Eye Tracker,1827.0,444.0,Valid,Valid,Fixation
2022-11-16 15:56:21.957804,,Eye Tracker,1811.0,445.0,Valid,Valid,Fixation
2022-11-16 15:56:21.974459,,Eye Tracker,1801.0,444.0,Valid,Valid,Fixation
2022-11-16 15:56:21.991113,,Eye Tracker,1796.0,443.0,Valid,Valid,Fixation
2022-11-16 15:56:22.007769,,Eye Tracker,1798.0,439.0,Valid,Valid,Fixation
2022-11-16 15:56:22.024424,,Eye Tracker,1800.0,435.0,Valid,Valid,Fixation
2022-11-16 15:56:22.041079,,Eye Tracker,1796.0,437.0,Valid,Valid,Fixation
2022-11-16 15:56:22.057733,,Eye Tracker,1796.0,439.0,Valid,Valid,Fixation
2022-11-16 15:56:22.074388,,Eye Tracker,1797.0,438.0,Valid,Valid,Fixation
2022-11-16 15:56:22.091043,,Eye Tracker,1795.0,438.0,Valid,Valid,Fixation
2022-11-16 15:56:22.107697,,Eye Tracker,1798.0,435.0,Valid,Valid,Fixation
2022-11-16 15:56:22.124352,,Eye Tracker,1805.0,430.0,Valid,Valid,Fixation
2022-11-16 15:56:22.141007,,Eye Tracker,1803.0,430.0,Valid,Valid,Fixation
2022-11-16 15:56:22.157662,,Eye Tracker,1797.0,434.0,Valid,Valid,Fixation
2022-11-16 15:56:22.174317,,Eye Tracker,1799.0,435.0,Valid,Valid,Fixation
2022-11-16 15:56:22.190972,,Eye Tracker,1804.0,434.0,Valid,Valid,Fixation
2022-11-16 15:56:22.207626,,Eye Tracker,1805.0,433.0,Valid,Valid,Fixation
2022-11-16 15:56:22.224281,,Eye Tracker,1805.0,432.0,Valid,Valid,Fixation
2022-11-16 15:56:22.240936,,Eye Tracker,1805.0,433.0,Valid,Valid,Fixation
2022-11-16 15:56:22.257590,,Eye Tracker,1803.0,433.0,Valid,Valid,Fixation
2022-11-16 15:56:22.274245,,Eye Tracker,1805.0,434.0,Valid,Valid,Fixation
2022-11-16 15:56:22.290900,,Eye Tracker,1802.0,434.0,Valid,Valid,Fixation
2022-11-16 15:56:22.307555,,Eye Tracker,1800.0,434.0,Valid,Valid,Fixation
2022-11-16 15:56:22.324210,,Eye Tracker,1800.0,438.0,Valid,Valid,Fixation
2022-11-16 15:56:22.340865,,Eye Tracker,1802.0,438.0,Valid,Valid,Fixation
2022-11-16 15:56:22.357520,,Eye Tracker,1803.0,437.0,Valid,Valid,Fixation
2022-11-16 15:56:22.374174,,Eye Tracker,1803.0,435.0,Valid,Valid,Fixation
2022-11-16 15:56:22.390829,,Eye Tracker,1807.0,432.0,Valid,Valid,Fixation
2022-11-16 15:56:22.407484,,Eye Tracker,1807.0,435.0,Valid,Valid,Fixation
2022-11-16 15:56:22.424138,,Eye Tracker,1804.0,435.0,Valid,Valid,Fixation
2022-11-16 15:56:22.440793,,Eye Tracker,1806.0,429.0,Valid,Valid,Fixation
2022-11-16 15:56:22.457448,,Eye Tracker,1806.0,430.0,Valid,Valid,Fixation
2022-11-16 15:56:22.474103,,Eye Tracker,1795.0,460.0,Valid,Valid,Saccade
2022-11-16 15:56:22.490758,,Eye Tracker,1838.0,580.0,Valid,Valid,Saccade
2022-11-16 15:56:22.507413,,Eye Tracker,1923.0,740.0,Valid,Valid,Saccade
2022-11-16 15:56:22.524067,,Eye Tracker,,,Invalid,Invalid,EyesNotFound
2022-11-16 15:56:22.540722,,Eye Tracker,,,Invalid,Invalid,EyesNotFound
2022-11-16 15:56:22.557377,,Eye Tracker,1960.0,721.0,Valid,Valid,Unclassified
2022-11-16 15:56:22.574032,,Eye Tracker,1960.0,721.0,Valid,Valid,Unclassified
2022-11-16 15:56:22.590686,,Eye Tracker,1867.0,447.0,Valid,Valid,Saccade
2022-11-16 15:56:22.607341,,Eye Tracker,1837.0,426.0,Valid,Valid,Saccade
2022-11-16 15:56:22.623997,,Eye Tracker,1827.0,405.0,Valid,Valid,Saccade
2022-11-16 15:56:22.640651,,Eye Tracker,1829.0,391.0,Valid,Valid,Fixation
2022-11-16 15:56:22.657306,,Eye Tracker,1825.0,392.0,Valid,Valid,Fixation
2022-11-16 15:56:22.673961,,Eye Tracker,1827.0,388.0,Valid,Valid,Fixation
2022-11-16 15:56:22.690615,,Eye Tracker,1831.0,385.0,Valid,Valid,Fixation
2022-11-16 15:56:22.707270,,Eye Tracker,1835.0,381.0,Valid,Valid,Fixation
2022-11-16 15:56:22.723925,,Eye Tracker,1835.0,379.0,Valid,Valid,Fixation
2022-11-16 15:56:22.740579,,Eye Tracker,1837.0,379.0,Valid,Valid,Fixation
2022-11-16 15:56:22.757234,,Eye Tracker,1834.0,380.0,Valid,Valid,Fixation
2022-11-16 15:56:22.773890,,Eye Tracker,1836.0,378.0,Valid,Valid,Fixation
2022-11-16 15:56:22.790544,,Eye Tracker,1834.0,376.0,Valid,Valid,Fixation
2022-11-16 15:56:22.807199,,Eye Tracker,1834.0,377.0,Valid,Valid,Fixation
2022-11-16 15:56:22.823854,,Eye Tracker,1811.0,378.0,Valid,Valid,Fixation
2022-11-16 15:56:22.840509,,Eye Tracker,1790.0,376.0,Valid,Valid,Fixation
2022-11-16 15:56:22.857163,,Eye Tracker,1796.0,374.0,Valid,Valid,Fixation
2022-11-16 15:56:22.873818,,Eye Tracker,1795.0,373.0,Valid,Valid,Fixation
2022-11-16 15:56:22.890473,,Eye Tracker,1796.0,374.0,Valid,Valid,Fixation
2022-11-16 15:56:22.907127,,Eye Tracker,1796.0,376.0,Valid,Valid,Fixation
2022-11-16 15:56:22.923783,,Eye Tracker,1795.0,376.0,Valid,Valid,Fixation
2022-11-16 15:56:22.940438,,Eye Tracker,1794.0,376.0,Valid,Valid,Fixation
2022-11-16 15:56:22.957092,,Eye Tracker,1795.0,376.0,Valid,Valid,Fixation
2022-11-16 15:56:22.973747,,Eye Tracker,1795.0,376.0,Valid,Valid,Fixation
2022-11-16 15:56:22.990402,,Eye Tracker,1796.0,375.0,Valid,Valid,Fixation
2022-11-16 15:56:23.007056,,Eye Tracker,1795.0,377.0,Valid,Valid,Fixation
2022-11-16 15:56:23.023711,,Eye Tracker,1797.0,377.0,Valid,Valid,Fixation
2022-11-16 15:56:23.040366,,Eye Tracker,1799.0,376.0,Valid,Valid,Fixation
2022-11-16 15:56:23.057021,,Eye Tracker,1799.0,378.0,Valid,Valid,Fixation
2022-11-16 15:56:23.073676,,Eye Tracker,1798.0,376.0,Valid,Valid,Fixation
2022-11-16 15:56:23.090331,,Eye Tracker,1799.0,374.0,Valid,Valid,Fixation
2022-11-16 15:56:23.106986,,Eye Tracker,1800.0,375.0,Valid,Valid,Fixation
2022-11-16 15:56:23.123640,,Eye Tracker,1800.0,373.0,Valid,Valid,Fixation
2022-11-16 15:56:23.140295,,Eye Tracker,1803.0,372.0,Valid,Valid,Fixation
2022-11-16 15:56:23.156950,,Eye Tracker,1808.0,369.0,Valid,Valid,Fixation
2022-11-16 15:56:23.173604,,Eye Tracker,1805.0,370.0,Valid,Valid,Fixation
2022-11-16 15:56:23.190259,,Eye Tracker,1803.0,368.0,Valid,Valid,Fixation
2022-11-16 15:56:23.206914,,Eye Tracker,1802.0,363.0,Valid,Valid,Fixation
2022-11-16 15:56:23.223569,,Eye Tracker,1800.0,363.0,Valid,Valid,Fixation
2022-11-16 15:56:23.240224,,Eye Tracker,1799.0,362.0,Valid,Valid,Fixation
2022-11-16 15:56:23.256879,,Eye Tracker,1821.0,351.0,Valid,Valid,Fixation
2022-11-16 15:56:23.273533,,Eye Tracker,1833.0,343.0,Valid,Valid,Fixation
2022-11-16 15:56:23.290188,,Eye Tracker,1831.0,342.0,Valid,Valid,Fixation
2022-11-16 15:56:23.306843,,Eye Tracker,1835.0,340.0,Valid,Valid,Fixation
2022-11-16 15:56:23.323497,,Eye Tracker,1833.0,339.0,Valid,Valid,Fixation
2022-11-16 15:56:23.340152,,Eye Tracker,1827.0,341.0,Valid,Valid,Fixation
2022-11-16 15:56:23.356807,,Eye Tracker,1828.0,336.0,Valid,Valid,Fixation
2022-11-16 15:56:23.373462,,Eye Tracker,1833.0,339.0,Valid,Valid,Fixation
2022-11-16 15:56:23.390117,,Eye Tracker,1830.0,343.0,Valid,Valid,Fixation
2022-11-16 15:56:23.406772,,Eye Tracker,1829.0,345.0,Valid,Valid,Fixation
2022-11-16 15:56:23.423427,,Eye Tracker,1831.0,342.0,Valid,Valid,Fixation
2022-11-16 15:56:23.440081,,Eye Tracker,1834.0,338.0,Valid,Valid,Fixation
2022-11-16 15:56:23.456736,,Eye Tracker,1836.0,336.0,Valid,Valid,Fixation
2022-11-16 15:56:23.473391,,Eye Tracker,1834.0,333.0,Valid,Valid,Fixation
2022-11-16 15:56:23.490045,,Eye Tracker,1832.0,337.0,Valid,Valid,Fixation
2022-11-16 15:56:23.506700,,Eye Tracker,1832.0,337.0,Valid,Valid,Fixation
2022-11-16 15:56:23.523355,,Eye Tracker,1833.0,338.0,Valid,Valid,Fixation
2022-11-16 15:56:23.540010,,Eye Tracker,1832.0,339.0,Valid,Valid,Fixation
2022-11-16 15:56:23.556665,,Eye Tracker,1833.0,340.0,Valid,Valid,Fixation
2022-11-16 15:56:23.573320,,Eye Tracker,1831.0,341.0,Valid,Valid,Fixation
2022-11-16 15:56:23.589975,,Eye Tracker,1832.0,335.0,Valid,Valid,Fixation
2022-11-16 15:56:23.606629,,Eye Tracker,1836.0,332.0,Valid,Valid,Fixation
2022-11-16 15:56:23.623284,,Eye Tracker,1836.0,330.0,Valid,Valid,Fixation
2022-11-16 15:56:23.639939,,Eye Tracker,1840.0,325.0,Valid,Valid,Fixation
2022-11-16 15:56:23.656593,,Eye Tracker,1838.0,326.0,Valid,Valid,Fixation
2022-11-16 15:56:23.673248,,Eye Tracker,1837.0,324.0,Valid,Valid,Fixation
2022-11-16 15:56:23.689904,,Eye Tracker,1830.0,328.0,Valid,Valid,Fixation
2022-11-16 15:56:23.706558,,Eye Tracker,1820.0,339.0,Valid,Valid,Fixation
2022-11-16 15:56:23.723213,,Eye Tracker,1874.0,508.0,Valid,Valid,Saccade
2022-11-16 15:56:23.739868,,Eye Tracker,1888.0,552.0,Valid,Valid,Saccade
2022-11-16 15:56:23.756522,,Eye Tracker,,,Invalid,Invalid,EyesNotFound
2022-11-16 15:56:23.773177,,Eye Tracker,,,Invalid,Invalid,EyesNotFound
2022-11-16 15:56:23.789832,,Eye Tracker,1988.0,614.0,Valid,Invalid,Unclassified
2022-11-16 15:56:23.806486,,Eye Tracker,1988.0,614.0,Valid,Invalid,Unclassified
2022-11-16 15:56:23.823141,,Eye Tracker,1847.0,399.0,Valid,Valid,Saccade
2022-11-16 15:56:23.839797,,Eye Tracker,1832.0,358.0,Valid,Valid,Saccade
2022-11-16 15:56:23.856452,,Eye Tracker,1828.0,286.0,Valid,Valid,Saccade
2022-11-16 15:56:23.873106,,Eye Tracker,1831.0,264.0,Valid,Valid,Fixation
2022-11-16 15:56:23.889761,,Eye Tracker,1827.0,280.0,Valid,Valid,Fixation
2022-11-16 15:56:23.906416,,Eye Tracker,1827.0,278.0,Valid,Valid,Fixation
2022-11-16 15:56:23.923070,,Eye Tracker,1823.0,276.0,Valid,Valid,Fixation
2022-11-16 15:56:23.939725,,Eye Tracker,1821.0,278.0,Valid,Valid,Fixation
2022-11-16 15:56:23.956380,,Eye Tracker,1820.0,279.0,Valid,Valid,Fixation
2022-11-16 15:56:23.973034,,Eye Tracker,1817.0,281.0,Valid,Valid,Fixation
2022-11-16 15:56:23.989690,,Eye Tracker,1823.0,274.0,Valid,Valid,Fixation
2022-11-16 15:56:24.006345,,Eye Tracker,1821.0,275.0,Valid,Valid,Fixation
2022-11-16 15:56:24.022999,,Eye Tracker,1818.0,278.0,Valid,Valid,Fixation
2022-11-16 15:56:24.039654,,Eye Tracker,1818.0,276.0,Valid,Valid,Fixation
2022-11-16 15:56:24.056309,,Eye Tracker,1819.0,271.0,Valid,Valid,Fixation
2022-11-16 15:56:24.072963,,Eye Tracker,1818.0,272.0,Valid,Valid,Fixation
2022-11-16 15:56:24.089618,,Eye Tracker,1818.0,274.0,Valid,Valid,Fixation
2022-11-16 15:56:24.106273,,Eye Tracker,1818.0,277.0,Valid,Valid,Fixation
2022-11-16 15:56:24.122927,,Eye Tracker,1820.0,279.0,Valid,Valid,Fixation
2022-11-16 15:56:24.139583,,Eye Tracker,1825.0,274.0,Valid,Valid,Fixation
2022-11-16 15:56:24.156238,,Eye Tracker,1826.0,276.0,Valid,Valid,Fixation
2022-11-16 15:56:24.172893,,Eye Tracker,1826.0,274.0,Valid,Valid,Fixation
2022-11-16 15:56:24.189547,,Eye Tracker,1827.0,272.0,Valid,Valid,Fixation
2022-11-16 15:56:24.206202,,Eye Tracker,1828.0,273.0,Valid,Valid,Fixation
2022-11-16 15:56:24.222857,,Eye Tracker,1823.0,273.0,Valid,Valid,Fixation
2022-11-16 15:56:24.239511,,Eye Tracker,1824.0,272.0,Valid,Valid,Fixation
2022-11-16 15:56:24.256166,,Eye Tracker,1827.0,269.0,Valid,Valid,Fixation
2022-11-16 15:56:24.272821,,Eye Tracker,1826.0,272.0,Valid,Valid,Fixation
2022-11-16 15:56:24.289476,,Eye Tracker,1825.0,274.0,Valid,Valid,Fixation
2022-11-16 15:56:24.306131,,Eye Tracker,1826.0,272.0,Valid,Valid,Fixation
2022-11-16 15:56:24.322786,,Eye Tracker,1826.0,271.0,Valid,Valid,Fixation
2022-11-16 15:56:24.339440,,Eye Tracker,1826.0,269.0,Valid,Valid,Fixation
2022-11-16 15:56:24.356095,,Eye Tracker,1824.0,266.0,Valid,Valid,Fixation
2022-11-16 15:56:24.372750,,Eye Tracker,1824.0,261.0,Valid,Valid,Fixation
2022-11-16 15:56:24.389404,,Eye Tracker,1830.0,260.0,Valid,Valid,Fixation
2022-11-16 15:56:24.406059,,Eye Tracker,1833.0,260.0,Valid,Valid,Fixation
2022-11-16 15:56:24.422714,,Eye Tracker,1826.0,262.0,Valid,Valid,Fixation
2022-11-16 15:56:24.439370,,Eye Tracker,1824.0,261.0,Valid,Valid,Fixation
2022-11-16 15:56:24.456024,,Eye Tracker,1829.0,260.0,Valid,Valid,Fixation
2022-11-16 15:56:24.472679,,Eye Tracker,1831.0,257.0,Valid,Valid,Fixation
2022-11-16 15:56:24.489334,,Eye Tracker,1829.0,255.0,Valid,Valid,Fixation
2022-11-16 15:56:24.505988,,Eye Tracker,1825.0,260.0,Valid,Valid,Fixation
2022-11-16 15:56:24.522643,,Eye Tracker,1823.0,259.0,Valid,Valid,Fixation
2022-11-16 15:56:24.539298,,Eye Tracker,1824.0,258.0,Valid,Valid,Fixation
2022-11-16 15:56:24.555952,,Eye Tracker,1827.0,260.0,Valid,Valid,Fixation
2022-11-16 15:56:24.572607,,Eye Tracker,1830.0,259.0,Valid,Valid,Fixation
2022-11-16 15:56:24.589262,,Eye Tracker,1829.0,259.0,Valid,Valid,Fixation
2022-11-16 15:56:24.605917,,Eye Tracker,1824.0,260.0,Valid,Valid,Fixation
2022-11-16 15:56:24.622572,,Eye Tracker,1820.0,260.0,Valid,Valid,Fixation
2022-11-16 15:56:24.639227,,Eye Tracker,1822.0,259.0,Valid,Valid,Fixation
2022-11-16 15:56:24.655881,,Eye Tracker,1824.0,259.0,Valid,Valid,Fixation
2022-11-16 15:56:24.672536,,Eye Tracker,1825.0,257.0,Valid,Valid,Fixation
2022-11-16 15:56:24.689191,,Eye Tracker,1825.0,259.0,Valid,Valid,Fixation
2022-11-16 15:56:24.705846,,Eye Tracker,1823.0,261.0,Valid,Valid,Fixation
2022-11-16 15:56:24.722500,,Eye Tracker,1820.0,262.0,Valid,Valid,Fixation
2022-11-16 15:56:24.739155,,Eye Tracker,1819.0,262.0,Valid,Valid,Fixation
2022-11-16 15:56:24.755811,,Eye Tracker,1822.0,261.0,Valid,Valid,Fixation
2022-11-16 15:56:24.772465,,Eye Tracker,1821.0,262.0,Valid,Valid,Fixation
2022-11-16 15:56:24.789120,,Eye Tracker,1820.0,257.0,Valid,Valid,Fixation
2022-11-16 15:56:24.805775,,Eye Tracker,1820.0,256.0,Valid,Valid,Fixation
2022-11-16 15:56:24.822429,,Eye Tracker,1818.0,257.0,Valid,Valid,Fixation
2022-11-16 15:56:24.839084,,Eye Tracker,1816.0,250.0,Valid,Valid,Fixation
2022-11-16 15:56:24.855739,,Eye Tracker,1805.0,238.0,Valid,Valid,Fixation
2022-11-16 15:56:24.872393,,Eye Tracker,1796.0,234.0,Valid,Valid,Fixation
2022-11-16 15:56:24.889048,,Eye Tracker,1796.0,235.0,Valid,Valid,Fixation
2022-11-16 15:56:24.905704,,Eye Tracker,1797.0,232.0,Valid,Valid,Fixation
2022-11-16 15:56:24.922358,,Eye Tracker,1795.0,232.0,Valid,Valid,Fixation
2022-11-16 15:56:24.939013,,Eye Tracker,1793.0,233.0,Valid,Valid,Fixation
2022-11-16 15:56:24.955668,,Eye Tracker,1795.0,232.0,Valid,Valid,Fixation
2022-11-16 15:56:24.972323,,Eye Tracker,1797.0,232.0,Valid,Valid,Fixation
2022-11-16 15:56:24.988977,,Eye Tracker,1792.0,228.0,Valid,Valid,Fixation
2022-11-16 15:56:25.005632,,Eye Tracker,1788.0,226.0,Valid,Valid,Fixation
2022-11-16 15:56:25.022287,,Eye Tracker,1794.0,228.0,Valid,Valid,Fixation
2022-11-16 15:56:25.038941,,Eye Tracker,1798.0,227.0,Valid,Valid,Fixation
2022-11-16 15:56:25.055597,,Eye Tracker,1794.0,223.0,Valid,Valid,Fixation
2022-11-16 15:56:25.072252,,Eye Tracker,1788.0,226.0,Valid,Valid,Fixation
2022-11-16 15:56:25.088906,,Eye Tracker,1788.0,231.0,Valid,Valid,Fixation
2022-11-16 15:56:25.105561,,Eye Tracker,1789.0,230.0,Valid,Valid,Fixation
2022-11-16 15:56:25.122216,,Eye Tracker,1796.0,230.0,Valid,Valid,Fixation
2022-11-16 15:56:25.138870,,Eye Tracker,1798.0,230.0,Valid,Valid,Fixation
2022-11-16 15:56:25.155525,,Eye Tracker,1792.0,228.0,Valid,Valid,Fixation
2022-11-16 15:56:25.172180,,Eye Tracker,1798.0,219.0,Valid,Valid,Fixation
2022-11-16 15:56:25.188834,,Eye Tracker,1800.0,207.0,Valid,Valid,Fixation
2022-11-16 15:56:25.205490,,Eye Tracker,1803.0,205.0,Valid,Valid,Fixation
2022-11-16 15:56:25.222145,,Eye Tracker,1807.0,205.0,Valid,Valid,Fixation
2022-11-16 15:56:25.238800,,Eye Tracker,1804.0,202.0,Valid,Valid,Fixation
2022-11-16 15:56:25.255454,,Eye Tracker,1803.0,200.0,Valid,Valid,Fixation
2022-11-16 15:56:25.272109,,Eye Tracker,1803.0,199.0,Valid,Valid,Fixation
2022-11-16 15:56:25.288764,,Eye Tracker,1803.0,200.0,Valid,Valid,Fixation
2022-11-16 15:56:25.305418,,Eye Tracker,1801.0,197.0,Valid,Valid,Fixation
2022-11-16 15:56:25.322073,,Eye Tracker,1799.0,194.0,Valid,Valid,Fixation
2022-11-16 15:56:25.338728,,Eye Tracker,1802.0,193.0,Valid,Valid,Fixation
2022-11-16 15:56:25.355383,,Eye Tracker,1801.0,196.0,Valid,Valid,Fixation
2022-11-16 15:56:25.372038,,Eye Tracker,1801.0,197.0,Valid,Valid,Fixation
2022-11-16 15:56:25.388693,,Eye Tracker,1805.0,181.0,Valid,Valid,Fixation
2022-11-16 15:56:25.405347,,Eye Tracker,1806.0,162.0,Valid,Valid,Fixation
2022-11-16 15:56:25.422002,,Eye Tracker,1803.0,162.0,Valid,Valid,Fixation
2022-11-16 15:56:25.438657,,Eye Tracker,1803.0,159.0,Valid,Valid,Fixation
2022-11-16 15:56:25.455311,,Eye Tracker,1807.0,160.0,Valid,Valid,Fixation
2022-11-16 15:56:25.471966,,Eye Tracker,1807.0,159.0,Valid,Valid,Fixation
2022-11-16 15:56:25.488621,,Eye Tracker,1811.0,159.0,Valid,Valid,Fixation
2022-11-16 15:56:25.505277,,Eye Tracker,1808.0,162.0,Valid,Valid,Fixation
2022-11-16 15:56:25.521931,,Eye Tracker,1806.0,163.0,Valid,Valid,Fixation
2022-11-16 15:56:25.538586,,Eye Tracker,1806.0,161.0,Valid,Valid,Fixation
2022-11-16 15:56:25.555241,,Eye Tracker,1802.0,162.0,Valid,Valid,Fixation
2022-11-16 15:56:25.571895,,Eye Tracker,1803.0,163.0,Valid,Valid,Fixation
2022-11-16 15:56:25.588550,,Eye Tracker,1802.0,163.0,Valid,Valid,Fixation
2022-11-16 15:56:25.605205,,Eye Tracker,1802.0,160.0,Valid,Valid,Fixation
2022-11-16 15:56:25.621859,,Eye Tracker,1801.0,160.0,Valid,Valid,Fixation
2022-11-16 15:56:25.638514,,Eye Tracker,1801.0,159.0,Valid,Valid,Fixation
2022-11-16 15:56:25.655169,,Eye Tracker,1801.0,159.0,Valid,Valid,Fixation
2022-11-16 15:56:25.671824,,Eye Tracker,1801.0,161.0,Valid,Valid,Fixation
2022-11-16 15:56:25.688479,,Eye Tracker,1800.0,161.0,Valid,Valid,Fixation
2022-11-16 15:56:25.705134,,Eye Tracker,1795.0,163.0,Valid,Valid,Fixation
2022-11-16 15:56:25.721788,,Eye Tracker,1794.0,164.0,Valid,Valid,Fixation
2022-11-16 15:56:25.738443,,Eye Tracker,1795.0,161.0,Valid,Valid,Fixation
2022-11-16 15:56:25.755098,,Eye Tracker,1796.0,161.0,Valid,Valid,Fixation
2022-11-16 15:56:25.771753,,Eye Tracker,1796.0,165.0,Valid,Valid,Fixation
2022-11-16 15:56:25.788407,,Eye Tracker,1811.0,158.0,Valid,Valid,Fixation
2022-11-16 15:56:25.805062,,Eye Tracker,1824.0,148.0,Valid,Valid,Fixation
2022-11-16 15:56:25.821718,,Eye Tracker,1821.0,150.0,Valid,Valid,Fixation
2022-11-16 15:56:25.838372,,Eye Tracker,1825.0,153.0,Valid,Valid,Fixation
2022-11-16 15:56:25.855027,,Eye Tracker,1820.0,153.0,Valid,Valid,Fixation
2022-11-16 15:56:25.871682,,Eye Tracker,1812.0,151.0,Valid,Valid,Fixation
2022-11-16 15:56:25.888336,,Eye Tracker,1815.0,155.0,Valid,Valid,Fixation
2022-11-16 15:56:25.904991,,Eye Tracker,1819.0,154.0,Valid,Valid,Fixation
2022-11-16 15:56:25.921646,,Eye Tracker,1812.0,152.0,Valid,Valid,Fixation
2022-11-16 15:56:25.938300,,Eye Tracker,1807.0,152.0,Valid,Valid,Fixation
2022-11-16 15:56:25.954955,,Eye Tracker,1807.0,151.0,Valid,Valid,Fixation
2022-11-16 15:56:25.971611,,Eye Tracker,1805.0,154.0,Valid,Valid,Fixation
2022-11-16 15:56:25.988265,,Eye Tracker,1800.0,156.0,Valid,Valid,Fixation
2022-11-16 15:56:26.004920,,Eye Tracker,1799.0,156.0,Valid,Valid,Fixation
2022-11-16 15:56:26.021575,,Eye Tracker,1800.0,157.0,Valid,Valid,Fixation
2022-11-16 15:56:26.038230,,Eye Tracker,1799.0,156.0,Valid,Valid,Fixation
2022-11-16 15:56:26.054884,,Eye Tracker,1802.0,161.0,Valid,Valid,Fixation
2022-11-16 15:56:26.071539,,Eye Tracker,1799.0,162.0,Valid,Valid,Fixation
2022-11-16 15:56:26.088194,,Eye Tracker,1799.0,160.0,Valid,Valid,Fixation
2022-11-16 15:56:26.104848,,Eye Tracker,1795.0,162.0,Valid,Valid,Fixation
2022-11-16 15:56:26.121504,,Eye Tracker,1794.0,161.0,Valid,Valid,Fixation
2022-11-16 15:56:26.138159,,Eye Tracker,1795.0,161.0,Valid,Valid,Fixation
2022-11-16 15:56:26.154813,,Eye Tracker,1798.0,160.0,Valid,Valid,Fixation
2022-11-16 15:56:26.171468,,Eye Tracker,1801.0,152.0,Valid,Valid,Fixation
2022-11-16 15:56:26.188123,,Eye Tracker,1800.0,148.0,Valid,Valid,Fixation
2022-11-16 15:56:26.204777,,Eye Tracker,1798.0,149.0,Valid,Valid,Fixation
2022-11-16 15:56:26.221432,,Eye Tracker,1799.0,152.0,Valid,Valid,Fixation
2022-11-16 15:56:26.238087,,Eye Tracker,1798.0,153.0,Valid,Valid,Fixation
2022-11-16 15:56:26.254741,,Eye Tracker,1797.0,155.0,Valid,Valid,Fixation
2022-11-16 15:56:26.271397,,Eye Tracker,1797.0,154.0,Valid,Valid,Fixation
2022-11-16 15:56:26.288052,,Eye Tracker,1798.0,153.0,Valid,Valid,Fixation
2022-11-16 15:56:26.304707,,Eye Tracker,1798.0,157.0,Valid,Valid,Fixation
2022-11-16 15:56:26.321361,,Eye Tracker,1795.0,153.0,Valid,Valid,Fixation
2022-11-16 15:56:26.338016,,Eye Tracker,1794.0,154.0,Valid,Valid,Fixation
2022-11-16 15:56:26.354671,,Eye Tracker,1794.0,158.0,Valid,Valid,Fixation
2022-11-16 15:56:26.371325,,Eye Tracker,1795.0,158.0,Valid,Valid,Fixation
2022-11-16 15:56:26.387980,,Eye Tracker,1792.0,156.0,Valid,Valid,Fixation
2022-11-16 15:56:26.404635,,Eye Tracker,1790.0,154.0,Valid,Valid,Fixation
2022-11-16 15:56:26.421290,,Eye Tracker,1792.0,153.0,Valid,Valid,Fixation
2022-11-16 15:56:26.437945,,Eye Tracker,1792.0,150.0,Valid,Valid,Fixation
2022-11-16 15:56:26.454600,,Eye Tracker,1788.0,154.0,Valid,Valid,Fixation
2022-11-16 15:56:26.471254,,Eye Tracker,1785.0,155.0,Valid,Valid,Fixation
2022-11-16 15:56:26.487909,,Eye Tracker,1787.0,155.0,Valid,Valid,Fixation
2022-11-16 15:56:26.504564,,Eye Tracker,1788.0,155.0,Valid,Valid,Fixation
2022-11-16 15:56:26.521218,,Eye Tracker,1787.0,151.0,Valid,Valid,Fixation
2022-11-16 15:56:26.537873,,Eye Tracker,1786.0,151.0,Valid,Valid,Fixation
2022-11-16 15:56:26.554528,,Eye Tracker,1782.0,152.0,Valid,Valid,Fixation
2022-11-16 15:56:26.571184,,Eye Tracker,1777.0,150.0,Valid,Valid,Fixation
2022-11-16 15:56:26.587838,,Eye Tracker,1775.0,148.0,Valid,Valid,Fixation
2022-11-16 15:56:26.604493,,Eye Tracker,1744.0,144.0,Valid,Valid,Saccade
2022-11-16 15:56:26.621148,,Eye Tracker,1733.0,144.0,Valid,Valid,Fixation
2022-11-16 15:56:26.637802,,Eye Tracker,1738.0,146.0,Valid,Valid,Fixation
2022-11-16 15:56:26.654457,,Eye Tracker,1735.0,144.0,Valid,Valid,Fixation
2022-11-16 15:56:26.671112,,Eye Tracker,1736.0,142.0,Valid,Valid,Fixation
2022-11-16 15:56:26.687766,,Eye Tracker,1740.0,142.0,Valid,Valid,Fixation
2022-11-16 15:56:26.704421,,Eye Tracker,1742.0,139.0,Valid,Valid,Fixation
2022-11-16 15:56:26.721076,,Eye Tracker,1744.0,138.0,Valid,Valid,Fixation
2022-11-16 15:56:26.737731,,Eye Tracker,1748.0,136.0,Valid,Valid,Fixation
2022-11-16 15:56:26.754386,,Eye Tracker,1748.0,133.0,Valid,Valid,Fixation
2022-11-16 15:56:26.771041,,Eye Tracker,1746.0,132.0,Valid,Valid,Fixation
2022-11-16 15:56:26.787696,,Eye Tracker,1747.0,127.0,Valid,Valid,Fixation
2022-11-16 15:56:26.804350,,Eye Tracker,1751.0,124.0,Valid,Valid,Fixation
2022-11-16 15:56:26.821005,,Eye Tracker,1752.0,123.0,Valid,Valid,Fixation
2022-11-16 15:56:26.837660,,Eye Tracker,1754.0,121.0,Valid,Valid,Fixation
2022-11-16 15:56:26.854314,,Eye Tracker,1758.0,119.0,Valid,Valid,Fixation
2022-11-16 15:56:26.870969,,Eye Tracker,1760.0,116.0,Valid,Valid,Fixation
2022-11-16 15:56:26.887625,,Eye Tracker,1760.0,113.0,Valid,Valid,Fixation
2022-11-16 15:56:26.904279,,Eye Tracker,1762.0,112.0,Valid,Valid,Fixation
2022-11-16 15:56:26.920934,,Eye Tracker,1762.0,111.0,Valid,Valid,Fixation
2022-11-16 15:56:26.937589,,Eye Tracker,1762.0,109.0,Valid,Valid,Fixation
2022-11-16 15:56:26.954243,,Eye Tracker,1758.0,107.0,Valid,Valid,Fixation
2022-11-16 15:56:26.970898,,Eye Tracker,1762.0,107.0,Valid,Valid,Fixation
2022-11-16 15:56:26.987553,,Eye Tracker,1769.0,111.0,Valid,Valid,Fixation
2022-11-16 15:56:27.004207,,Eye Tracker,1770.0,106.0,Valid,Valid,Fixation
2022-11-16 15:56:27.020862,,Eye Tracker,1765.0,100.0,Valid,Valid,Fixation
2022-11-16 15:56:27.037518,,Eye Tracker,1765.0,99.0,Valid,Valid,Fixation
2022-11-16 15:56:27.054172,,Eye Tracker,1774.0,107.0,Valid,Valid,Fixation
2022-11-16 15:56:27.070827,,Eye Tracker,1780.0,135.0,Valid,Valid,Saccade
2022-11-16 15:56:27.087482,,Eye Tracker,1786.0,143.0,Valid,Valid,Fixation
2022-11-16 15:56:27.104137,,Eye Tracker,1783.0,137.0,Valid,Valid,Fixation
2022-11-16 15:56:27.120791,,Eye Tracker,1781.0,138.0,Valid,Valid,Fixation
2022-11-16 15:56:27.137446,,Eye Tracker,1784.0,139.0,Valid,Valid,Fixation
2022-11-16 15:56:27.154101,,Eye Tracker,1785.0,137.0,Valid,Valid,Fixation
2022-11-16 15:56:27.170755,,Eye Tracker,1787.0,138.0,Valid,Valid,Fixation
2022-11-16 15:56:27.187411,,Eye Tracker,1789.0,134.0,Valid,Valid,Fixation
2022-11-16 15:56:27.204066,,Eye Tracker,1790.0,127.0,Valid,Valid,Fixation
2022-11-16 15:56:27.220720,,Eye Tracker,1791.0,128.0,Valid,Valid,Fixation
2022-11-16 15:56:27.237375,,Eye Tracker,1792.0,124.0,Valid,Valid,Fixation
2022-11-16 15:56:27.254030,,Eye Tracker,1790.0,125.0,Valid,Valid,Fixation
2022-11-16 15:56:27.270684,,Eye Tracker,1794.0,128.0,Valid,Valid,Fixation
2022-11-16 15:56:27.287339,,Eye Tracker,1791.0,131.0,Valid,Valid,Fixation
2022-11-16 15:56:27.303994,,Eye Tracker,1789.0,138.0,Valid,Valid,Fixation
2022-11-16 15:56:27.320649,,Eye Tracker,1792.0,136.0,Valid,Valid,Fixation
2022-11-16 15:56:27.337304,,Eye Tracker,1783.0,139.0,Valid,Valid,Fixation
2022-11-16 15:56:27.353959,,Eye Tracker,1779.0,144.0,Valid,Valid,Fixation
2022-11-16 15:56:27.370614,,Eye Tracker,1792.0,159.0,Valid,Valid,Fixation
2022-11-16 15:56:27.387268,,Eye Tracker,1822.0,184.0,Valid,Valid,Saccade
2022-11-16 15:56:27.403923,,Eye Tracker,1818.0,184.0,Valid,Valid,Unclassified
2022-11-16 15:56:27.420578,,Eye Tracker,1784.0,171.0,Valid,Valid,Saccade
2022-11-16 15:56:27.437232,,Eye Tracker,1754.0,123.0,Valid,Valid,Saccade
2022-11-16 15:56:27.453887,,Eye Tracker,1751.0,119.0,Valid,Valid,Fixation
2022-11-16 15:56:27.470542,,Eye Tracker,1752.0,115.0,Valid,Valid,Fixation
2022-11-16 15:56:27.487197,,Eye Tracker,1750.0,116.0,Valid,Valid,Fixation
2022-11-16 15:56:27.503852,,Eye Tracker,1750.0,116.0,Valid,Valid,Fixation
2022-11-16 15:56:27.520507,,Eye Tracker,1748.0,110.0,Valid,Valid,Fixation
2022-11-16 15:56:27.537161,,Eye Tracker,1740.0,143.0,Valid,Valid,Saccade
2022-11-16 15:56:27.553816,,Eye Tracker,1782.0,258.0,Valid,Valid,Saccade
2022-11-16 15:56:27.570471,,Eye Tracker,2010.0,656.0,Valid,Invalid,Saccade
2022-11-16 15:56:27.587126,,Eye Tracker,,,Invalid,Invalid,EyesNotFound
2022-11-16 15:56:27.603780,,Eye Tracker,,,Invalid,Invalid,EyesNotFound
2022-11-16 15:56:27.620435,,Eye Tracker,1751.0,166.0,Valid,Invalid,Saccade
2022-11-16 15:56:27.637091,,Eye Tracker,1720.0,217.0,Valid,Valid,Saccade
2022-11-16 15:56:27.653745,,Eye Tracker,1719.0,164.0,Valid,Valid,Unclassified
2022-11-16 15:56:27.670400,,Eye Tracker,1724.0,97.0,Valid,Valid,Saccade
2022-11-16 15:56:27.687055,,Eye Tracker,1716.0,116.0,Valid,Valid,Fixation
2022-11-16 15:56:27.703709,,Eye Tracker,1717.0,117.0,Valid,Valid,Fixation
2022-11-16 15:56:27.720364,,Eye Tracker,1715.0,115.0,Valid,Valid,Fixation
2022-11-16 15:56:27.737019,,Eye Tracker,1711.0,116.0,Valid,Valid,Fixation
2022-11-16 15:56:27.753673,,Eye Tracker,1713.0,116.0,Valid,Valid,Fixation
2022-11-16 15:56:27.770328,,Eye Tracker,1713.0,116.0,Valid,Valid,Fixation
2022-11-16 15:56:27.786984,,Eye Tracker,1708.0,116.0,Valid,Valid,Fixation
2022-11-16 15:56:27.803638,,Eye Tracker,1708.0,119.0,Valid,Valid,Fixation
2022-11-16 15:56:27.820294,,Eye Tracker,1711.0,121.0,Valid,Valid,Fixation
2022-11-16 15:56:27.836949,,Eye Tracker,1709.0,121.0,Valid,Valid,Fixation
2022-11-16 15:56:27.853603,,Eye Tracker,1702.0,125.0,Valid,Valid,Fixation
2022-11-16 15:56:27.870258,,Eye Tracker,1702.0,122.0,Valid,Valid,Fixation
2022-11-16 15:56:27.886913,,Eye Tracker,1700.0,123.0,Valid,Valid,Fixation
2022-11-16 15:56:27.903568,,Eye Tracker,1698.0,123.0,Valid,Valid,Fixation
2022-11-16 15:56:27.920222,,Eye Tracker,1698.0,121.0,Valid,Valid,Fixation
2022-11-16 15:56:27.936877,,Eye Tracker,1696.0,127.0,Valid,Valid,Fixation
2022-11-16 15:56:27.953533,,Eye Tracker,1696.0,130.0,Valid,Valid,Fixation
2022-11-16 15:56:27.970187,,Eye Tracker,1691.0,125.0,Valid,Valid,Fixation
2022-11-16 15:56:27.986842,,Eye Tracker,1692.0,125.0,Valid,Valid,Fixation
2022-11-16 15:56:28.003497,,Eye Tracker,1690.0,125.0,Valid,Valid,Fixation
2022-11-16 15:56:28.020151,,Eye Tracker,1688.0,124.0,Valid,Valid,Fixation
2022-11-16 15:56:28.036806,,Eye Tracker,1685.0,125.0,Valid,Valid,Fixation
2022-11-16 15:56:28.053461,,Eye Tracker,1683.0,124.0,Valid,Valid,Fixation
2022-11-16 15:56:28.070115,,Eye Tracker,1686.0,123.0,Valid,Valid,Fixation
2022-11-16 15:56:28.086770,,Eye Tracker,1680.0,123.0,Valid,Valid,Fixation
2022-11-16 15:56:28.103426,,Eye Tracker,1642.0,134.0,Valid,Valid,Saccade
2022-11-16 15:56:28.120080,,Eye Tracker,1624.0,139.0,Valid,Valid,Fixation
2022-11-16 15:56:28.136735,,Eye Tracker,1627.0,141.0,Valid,Valid,Fixation
2022-11-16 15:56:28.153390,,Eye Tracker,1625.0,142.0,Valid,Valid,Fixation
2022-11-16 15:56:28.170045,,Eye Tracker,1623.0,139.0,Valid,Valid,Fixation
2022-11-16 15:56:28.186699,,Eye Tracker,1624.0,133.0,Valid,Valid,Fixation
2022-11-16 15:56:28.203354,,Eye Tracker,1628.0,135.0,Valid,Valid,Fixation
2022-11-16 15:56:28.220009,,Eye Tracker,1628.0,135.0,Valid,Valid,Fixation
2022-11-16 15:56:28.236663,,Eye Tracker,1625.0,131.0,Valid,Valid,Fixation
2022-11-16 15:56:28.253319,,Eye Tracker,1625.0,130.0,Valid,Valid,Fixation
2022-11-16 15:56:28.269974,,Eye Tracker,1630.0,125.0,Valid,Valid,Fixation
2022-11-16 15:56:28.286628,,Eye Tracker,1630.0,124.0,Valid,Valid,Fixation
2022-11-16 15:56:28.303283,,Eye Tracker,1628.0,124.0,Valid,Valid,Fixation
2022-11-16 15:56:28.319938,,Eye Tracker,1632.0,122.0,Valid,Valid,Fixation
2022-11-16 15:56:28.336592,,Eye Tracker,1632.0,121.0,Valid,Valid,Fixation
2022-11-16 15:56:28.353247,,Eye Tracker,1626.0,120.0,Valid,Valid,Fixation
2022-11-16 15:56:28.369902,,Eye Tracker,1628.0,114.0,Valid,Valid,Fixation
2022-11-16 15:56:28.386556,,Eye Tracker,1627.0,111.0,Valid,Valid,Fixation
2022-11-16 15:56:28.403212,,Eye Tracker,1629.0,113.0,Valid,Valid,Fixation
2022-11-16 15:56:28.419867,,Eye Tracker,1631.0,115.0,Valid,Valid,Fixation
2022-11-16 15:56:28.436522,,Eye Tracker,1629.0,117.0,Valid,Valid,Fixation
2022-11-16 15:56:28.453176,,Eye Tracker,1630.0,116.0,Valid,Valid,Fixation
2022-11-16 15:56:28.469831,,Eye Tracker,1630.0,117.0,Valid,Valid,Fixation
2022-11-16 15:56:28.486486,,Eye Tracker,1630.0,114.0,Valid,Valid,Fixation
2022-11-16 15:56:28.503140,,Eye Tracker,1630.0,111.0,Valid,Valid,Fixation
2022-11-16 15:56:28.519795,,Eye Tracker,1626.0,110.0,Valid,Valid,Fixation
2022-11-16 15:56:28.536450,,Eye Tracker,1630.0,109.0,Valid,Valid,Fixation
2022-11-16 15:56:28.553105,,Eye Tracker,1631.0,105.0,Valid,Valid,Fixation
2022-11-16 15:56:28.569760,,Eye Tracker,1633.0,101.0,Valid,Valid,Fixation
2022-11-16 15:56:28.586415,,Eye Tracker,1633.0,107.0,Valid,Valid,Fixation
2022-11-16 15:56:28.603069,,Eye Tracker,1614.0,104.0,Valid,Valid,Fixation
2022-11-16 15:56:28.619724,,Eye Tracker,1593.0,95.0,Valid,Valid,Fixation
2022-11-16 15:56:28.636379,,Eye Tracker,1584.0,100.0,Valid,Valid,Fixation
2022-11-16 15:56:28.653034,,Eye Tracker,1586.0,95.0,Valid,Valid,Fixation
2022-11-16 15:56:28.669688,,Eye Tracker,1587.0,95.0,Valid,Valid,Fixation
2022-11-16 15:56:28.686343,,Eye Tracker,1577.0,138.0,Valid,Valid,Saccade
2022-11-16 15:56:28.702998,,Eye Tracker,1576.0,184.0,Valid,Valid,Saccade
2022-11-16 15:56:28.719653,,Eye Tracker,,,Invalid,Invalid,EyesNotFound
2022-11-16 15:56:28.736308,,Eye Tracker,,,Invalid,Invalid,EyesNotFound
2022-11-16 15:56:28.752963,,Eye Tracker,,,Invalid,Invalid,EyesNotFound
2022-11-16 15:56:28.769617,,Eye Tracker,1282.0,627.0,Valid,Valid,Saccade
2022-11-16 15:56:28.786272,,Eye Tracker,1537.0,216.0,Valid,Valid,Saccade
2022-11-16 15:56:28.802927,,Eye Tracker,1601.0,85.0,Valid,Valid,Saccade
2022-11-16 15:56:28.819581,,Eye Tracker,1593.0,86.0,Valid,Valid,Fixation
2022-11-16 15:56:28.836236,,Eye Tracker,1597.0,82.0,Valid,Valid,Fixation
2022-11-16 15:56:28.852891,,Eye Tracker,1602.0,74.0,Valid,Valid,Fixation
2022-11-16 15:56:28.869546,,Eye Tracker,1601.0,68.0,Valid,Valid,Fixation
2022-11-16 15:56:28.886201,,Eye Tracker,1600.0,73.0,Valid,Valid,Fixation
2022-11-16 15:56:28.902856,,Eye Tracker,1601.0,73.0,Valid,Valid,Fixation
2022-11-16 15:56:28.919510,,Eye Tracker,1603.0,74.0,Valid,Valid,Fixation
2022-11-16 15:56:28.936165,,Eye Tracker,1603.0,71.0,Valid,Valid,Fixation
2022-11-16 15:56:28.952820,,Eye Tracker,1602.0,66.0,Valid,Valid,Fixation
2022-11-16 15:56:28.969475,,Eye Tracker,1608.0,62.0,Valid,Valid,Fixation
2022-11-16 15:56:28.986129,,Eye Tracker,1606.0,58.0,Valid,Valid,Fixation
2022-11-16 15:56:29.002784,,Eye Tracker,1603.0,59.0,Valid,Valid,Fixation
2022-11-16 15:56:29.019440,,Eye Tracker,1610.0,50.0,Valid,Valid,Fixation
2022-11-16 15:56:29.036094,,Eye Tracker,1611.0,47.0,Valid,Valid,Fixation
2022-11-16 15:56:29.052749,,Eye Tracker,1610.0,52.0,Valid,Valid,Fixation
2022-11-16 15:56:29.069404,,Eye Tracker,1609.0,56.0,Valid,Valid,Fixation
2022-11-16 15:56:29.086058,,Eye Tracker,1607.0,52.0,Valid,Valid,Fixation
2022-11-16 15:56:29.102713,,Eye Tracker,1609.0,50.0,Valid,Valid,Fixation
2022-11-16 15:56:29.119368,,Eye Tracker,1576.0,51.0,Valid,Valid,Saccade
2022-11-16 15:56:29.136022,,Eye Tracker,1550.0,56.0,Valid,Valid,Saccade
2022-11-16 15:56:29.152677,,Eye Tracker,1550.0,55.0,Valid,Valid,Fixation
2022-11-16 15:56:29.169333,,Eye Tracker,1550.0,53.0,Valid,Valid,Fixation
2022-11-16 15:56:29.185987,,Eye Tracker,1552.0,54.0,Valid,Valid,Fixation
2022-11-16 15:56:29.202642,,Eye Tracker,1551.0,52.0,Valid,Valid,Fixation
2022-11-16 15:56:29.219297,,Eye Tracker,1551.0,51.0,Valid,Valid,Fixation
2022-11-16 15:56:29.235952,,Eye Tracker,1553.0,49.0,Valid,Valid,Fixation
2022-11-16 15:56:29.252606,,Eye Tracker,1550.0,53.0,Valid,Valid,Fixation
2022-11-16 15:56:29.269261,,Eye Tracker,1548.0,53.0,Valid,Valid,Fixation
2022-11-16 15:56:29.285916,,Eye Tracker,1547.0,53.0,Valid,Valid,Fixation
2022-11-16 15:56:29.302570,,Eye Tracker,1546.0,53.0,Valid,Valid,Fixation
2022-11-16 15:56:29.319226,,Eye Tracker,1560.0,59.0,Valid,Valid,Fixation
2022-11-16 15:56:29.335881,,Eye Tracker,1576.0,59.0,Valid,Valid,Fixation
2022-11-16 15:56:29.352535,,Eye Tracker,1589.0,57.0,Valid,Valid,Fixation
2022-11-16 15:56:29.369190,,Eye Tracker,1588.0,57.0,Valid,Valid,Fixation
2022-11-16 15:56:29.385845,,Eye Tracker,1592.0,54.0,Valid,Valid,Fixation
2022-11-16 15:56:29.402499,,Eye Tracker,1593.0,54.0,Valid,Valid,Fixation
2022-11-16 15:56:29.419154,,Eye Tracker,1590.0,50.0,Valid,Valid,Fixation
2022-11-16 15:56:29.435809,,Eye Tracker,1593.0,45.0,Valid,Valid,Fixation
2022-11-16 15:56:29.452463,,Eye Tracker,1592.0,48.0,Valid,Valid,Fixation
2022-11-16 15:56:29.469119,,Eye Tracker,1592.0,46.0,Valid,Valid,Fixation
2022-11-16 15:56:29.485774,,Eye Tracker,1593.0,43.0,Valid,Valid,Fixation
2022-11-16 15:56:29.502429,,Eye Tracker,1593.0,44.0,Valid,Valid,Fixation
2022-11-16 15:56:29.519083,,Eye Tracker,1593.0,45.0,Valid,Valid,Fixation
2022-11-16 15:56:29.535738,,Eye Tracker,1592.0,43.0,Valid,Valid,Fixation
2022-11-16 15:56:29.552393,,Eye Tracker,1593.0,40.0,Valid,Valid,Fixation
2022-11-16 15:56:29.569047,,Eye Tracker,1595.0,41.0,Valid,Valid,Fixation
2022-11-16 15:56:29.585702,,Eye Tracker,1590.0,45.0,Valid,Valid,Fixation
2022-11-16 15:56:29.602357,,Eye Tracker,1589.0,44.0,Valid,Valid,Fixation
2022-11-16 15:56:29.619012,,Eye Tracker,1591.0,42.0,Valid,Valid,Fixation
2022-11-16 15:56:29.635667,,Eye Tracker,1590.0,42.0,Valid,Valid,Fixation
2022-11-16 15:56:29.652322,,Eye Tracker,1588.0,43.0,Valid,Valid,Fixation
2022-11-16 15:56:29.668976,,Eye Tracker,1588.0,45.0,Valid,Valid,Fixation
2022-11-16 15:56:29.685631,,Eye Tracker,1564.0,47.0,Valid,Valid,Saccade
2022-11-16 15:56:29.702286,,Eye Tracker,1551.0,52.0,Valid,Valid,Fixation
2022-11-16 15:56:29.718940,,Eye Tracker,1550.0,47.0,Valid,Valid,Fixation
2022-11-16 15:56:29.735595,,Eye Tracker,1548.0,46.0,Valid,Valid,Fixation
2022-11-16 15:56:29.752250,,Eye Tracker,1554.0,54.0,Valid,Valid,Fixation
2022-11-16 15:56:29.768906,,Eye Tracker,1552.0,58.0,Valid,Valid,Fixation
2022-11-16 15:56:29.785560,,Eye Tracker,1550.0,61.0,Valid,Valid,Fixation
2022-11-16 15:56:29.802215,,Eye Tracker,1550.0,62.0,Valid,Valid,Fixation
2022-11-16 15:56:29.818870,,Eye Tracker,1540.0,61.0,Valid,Valid,Fixation
2022-11-16 15:56:29.835524,,Eye Tracker,1536.0,61.0,Valid,Valid,Fixation
2022-11-16 15:56:29.852179,,Eye Tracker,1544.0,67.0,Valid,Valid,Fixation
2022-11-16 15:56:29.868834,,Eye Tracker,1543.0,66.0,Valid,Valid,Fixation
2022-11-16 15:56:29.885488,,Eye Tracker,1538.0,67.0,Valid,Valid,Fixation
2022-11-16 15:56:29.902143,,Eye Tracker,1537.0,72.0,Valid,Valid,Fixation
2022-11-16 15:56:29.918799,,Eye Tracker,1536.0,70.0,Valid,Valid,Fixation
2022-11-16 15:56:29.935453,,Eye Tracker,1533.0,71.0,Valid,Valid,Fixation
2022-11-16 15:56:29.952108,,Eye Tracker,1537.0,67.0,Valid,Valid,Fixation
2022-11-16 15:56:29.968763,,Eye Tracker,1539.0,70.0,Valid,Valid,Fixation
2022-11-16 15:56:29.985417,,Eye Tracker,1534.0,75.0,Valid,Valid,Fixation
2022-11-16 15:56:30.002072,,Eye Tracker,1532.0,78.0,Valid,Valid,Fixation
2022-11-16 15:56:30.018727,,Eye Tracker,1534.0,82.0,Valid,Valid,Fixation
2022-11-16 15:56:30.035382,,Eye Tracker,1533.0,81.0,Valid,Valid,Fixation
2022-11-16 15:56:30.052036,,Eye Tracker,1532.0,80.0,Valid,Valid,Fixation
2022-11-16 15:56:30.068692,,Eye Tracker,1530.0,82.0,Valid,Valid,Fixation
2022-11-16 15:56:30.085347,,Eye Tracker,1525.0,83.0,Valid,Valid,Fixation
2022-11-16 15:56:30.102001,,Eye Tracker,1520.0,86.0,Valid,Valid,Fixation
2022-11-16 15:56:30.118656,,Eye Tracker,1505.0,86.0,Valid,Valid,Fixation
2022-11-16 15:56:30.135311,,Eye Tracker,1484.0,83.0,Valid,Valid,Fixation
2022-11-16 15:56:30.151965,,Eye Tracker,1475.0,89.0,Valid,Valid,Fixation
2022-11-16 15:56:30.168620,,Eye Tracker,1472.0,91.0,Valid,Valid,Fixation
2022-11-16 15:56:30.185275,,Eye Tracker,1471.0,92.0,Valid,Valid,Fixation
2022-11-16 15:56:30.201929,,Eye Tracker,1471.0,97.0,Valid,Valid,Fixation
2022-11-16 15:56:30.218584,,Eye Tracker,1470.0,92.0,Valid,Valid,Fixation
2022-11-16 15:56:30.235240,,Eye Tracker,1467.0,86.0,Valid,Valid,Fixation
2022-11-16 15:56:30.251894,,Eye Tracker,1469.0,91.0,Valid,Valid,Fixation
2022-11-16 15:56:30.268549,,Eye Tracker,1468.0,99.0,Valid,Valid,Fixation
2022-11-16 15:56:30.285204,,Eye Tracker,1469.0,99.0,Valid,Valid,Fixation
2022-11-16 15:56:30.301859,,Eye Tracker,1468.0,97.0,Valid,Valid,Fixation
2022-11-16 15:56:30.318514,,Eye Tracker,1467.0,100.0,Valid,Valid,Fixation
2022-11-16 15:56:30.335169,,Eye Tracker,1466.0,103.0,Valid,Valid,Fixation
2022-11-16 15:56:30.351824,,Eye Tracker,1466.0,102.0,Valid,Valid,Fixation
2022-11-16 15:56:30.368478,,Eye Tracker,1464.0,96.0,Valid,Valid,Fixation
2022-11-16 15:56:30.385134,,Eye Tracker,1458.0,96.0,Valid,Valid,Fixation
2022-11-16 15:56:30.401789,,Eye Tracker,1455.0,100.0,Valid,Valid,Fixation
2022-11-16 15:56:30.418443,,Eye Tracker,1456.0,101.0,Valid,Valid,Fixation
2022-11-16 15:56:30.435098,,Eye Tracker,1453.0,106.0,Valid,Valid,Fixation
2022-11-16 15:56:30.451753,,Eye Tracker,1450.0,102.0,Valid,Valid,Fixation
2022-11-16 15:56:30.468407,,Eye Tracker,1446.0,96.0,Valid,Valid,Fixation
2022-11-16 15:56:30.485062,,Eye Tracker,1448.0,104.0,Valid,Valid,Fixation
2022-11-16 15:56:30.501717,,Eye Tracker,1446.0,106.0,Valid,Valid,Fixation
2022-11-16 15:56:30.518372,,Eye Tracker,1409.0,101.0,Valid,Valid,Saccade
2022-11-16 15:56:30.535027,,Eye Tracker,1387.0,100.0,Valid,Valid,Fixation
2022-11-16 15:56:30.551682,,Eye Tracker,1390.0,101.0,Valid,Valid,Fixation
2022-11-16 15:56:30.568337,,Eye Tracker,1383.0,101.0,Valid,Valid,Fixation
2022-11-16 15:56:30.584991,,Eye Tracker,1382.0,102.0,Valid,Valid,Fixation
2022-11-16 15:56:30.601646,,Eye Tracker,1385.0,100.0,Valid,Valid,Fixation
2022-11-16 15:56:30.618301,,Eye Tracker,1387.0,107.0,Valid,Valid,Fixation
2022-11-16 15:56:30.634955,,Eye Tracker,1386.0,109.0,Valid,Valid,Fixation
2022-11-16 15:56:30.651610,,Eye Tracker,1387.0,98.0,Valid,Valid,Fixation
2022-11-16 15:56:30.668265,,Eye Tracker,1383.0,100.0,Valid,Valid,Fixation
2022-11-16 15:56:30.684920,,Eye Tracker,1381.0,99.0,Valid,Valid,Fixation
2022-11-16 15:56:30.701575,,Eye Tracker,1381.0,98.0,Valid,Valid,Fixation
2022-11-16 15:56:30.718230,,Eye Tracker,1380.0,100.0,Valid,Valid,Fixation
2022-11-16 15:56:30.734884,,Eye Tracker,1379.0,100.0,Valid,Valid,Fixation
2022-11-16 15:56:30.751539,,Eye Tracker,1375.0,106.0,Valid,Valid,Fixation
2022-11-16 15:56:30.768194,,Eye Tracker,1374.0,107.0,Valid,Valid,Fixation
2022-11-16 15:56:30.784848,,Eye Tracker,1372.0,107.0,Valid,Valid,Fixation
2022-11-16 15:56:30.801503,,Eye Tracker,1369.0,108.0,Valid,Valid,Fixation
2022-11-16 15:56:30.818158,,Eye Tracker,1366.0,105.0,Valid,Valid,Fixation
2022-11-16 15:56:30.834814,,Eye Tracker,1363.0,103.0,Valid,Valid,Fixation
2022-11-16 15:56:30.851468,,Eye Tracker,1368.0,99.0,Valid,Valid,Fixation
2022-11-16 15:56:30.868123,,Eye Tracker,1366.0,100.0,Valid,Valid,Fixation
2022-11-16 15:56:30.884778,,Eye Tracker,1360.0,108.0,Valid,Valid,Fixation
2022-11-16 15:56:30.901432,,Eye Tracker,1360.0,106.0,Valid,Valid,Fixation
2022-11-16 15:56:30.918087,,Eye Tracker,1360.0,104.0,Valid,Valid,Fixation
2022-11-16 15:56:30.934742,,Eye Tracker,1358.0,102.0,Valid,Valid,Fixation
2022-11-16 15:56:30.951396,,Eye Tracker,1359.0,106.0,Valid,Valid,Fixation
2022-11-16 15:56:30.968051,,Eye Tracker,1359.0,108.0,Valid,Valid,Fixation
2022-11-16 15:56:30.984707,,Eye Tracker,1359.0,105.0,Valid,Valid,Fixation
2022-11-16 15:56:31.001361,,Eye Tracker,1359.0,102.0,Valid,Valid,Fixation
2022-11-16 15:56:31.018016,,Eye Tracker,1361.0,98.0,Valid,Valid,Fixation
2022-11-16 15:56:31.034671,,Eye Tracker,1360.0,99.0,Valid,Valid,Fixation
2022-11-16 15:56:31.051326,,Eye Tracker,1331.0,106.0,Valid,Valid,Saccade
2022-11-16 15:56:31.067980,,Eye Tracker,1307.0,116.0,Valid,Valid,Saccade
2022-11-16 15:56:31.084635,,Eye Tracker,1310.0,123.0,Valid,Valid,Fixation
2022-11-16 15:56:31.101290,,Eye Tracker,1310.0,118.0,Valid,Valid,Fixation
2022-11-16 15:56:31.117944,,Eye Tracker,1312.0,112.0,Valid,Valid,Fixation
2022-11-16 15:56:31.134600,,Eye Tracker,1309.0,111.0,Valid,Valid,Fixation
2022-11-16 15:56:31.151255,,Eye Tracker,1306.0,107.0,Valid,Valid,Fixation
2022-11-16 15:56:31.167909,,Eye Tracker,1307.0,105.0,Valid,Valid,Fixation
2022-11-16 15:56:31.184564,,Eye Tracker,1305.0,107.0,Valid,Valid,Fixation
2022-11-16 15:56:31.201219,,Eye Tracker,1304.0,106.0,Valid,Valid,Fixation
2022-11-16 15:56:31.217873,,Eye Tracker,1305.0,111.0,Valid,Valid,Fixation
2022-11-16 15:56:31.234528,,Eye Tracker,1306.0,111.0,Valid,Valid,Fixation
2022-11-16 15:56:31.251183,,Eye Tracker,1304.0,108.0,Valid,Valid,Fixation
2022-11-16 15:56:31.267837,,Eye Tracker,1301.0,108.0,Valid,Valid,Fixation
2022-11-16 15:56:31.284493,,Eye Tracker,1302.0,106.0,Valid,Valid,Fixation
2022-11-16 15:56:31.301148,,Eye Tracker,1303.0,107.0,Valid,Valid,Fixation
2022-11-16 15:56:31.317803,,Eye Tracker,1302.0,107.0,Valid,Valid,Fixation
2022-11-16 15:56:31.334457,,Eye Tracker,1298.0,105.0,Valid,Valid,Fixation
2022-11-16 15:56:31.351112,,Eye Tracker,1281.0,90.0,Valid,Valid,Fixation
2022-11-16 15:56:31.367767,,Eye Tracker,1267.0,68.0,Valid,Valid,Saccade
2022-11-16 15:56:31.384421,,Eye Tracker,1264.0,60.0,Valid,Valid,Fixation
2022-11-16 15:56:31.401076,,Eye Tracker,1259.0,61.0,Valid,Valid,Fixation
2022-11-16 15:56:31.417731,,Eye Tracker,1261.0,61.0,Valid,Valid,Fixation
2022-11-16 15:56:31.434386,,Eye Tracker,1260.0,61.0,Valid,Valid,Fixation
2022-11-16 15:56:31.451041,,Eye Tracker,1263.0,58.0,Valid,Valid,Fixation
2022-11-16 15:56:31.467696,,Eye Tracker,1265.0,56.0,Valid,Valid,Fixation
2022-11-16 15:56:31.484350,,Eye Tracker,1259.0,58.0,Valid,Valid,Fixation
2022-11-16 15:56:31.501005,,Eye Tracker,1259.0,56.0,Valid,Valid,Fixation
2022-11-16 15:56:31.517660,,Eye Tracker,1257.0,59.0,Valid,Valid,Fixation
2022-11-16 15:56:31.534314,,Eye Tracker,1259.0,57.0,Valid,Valid,Fixation
2022-11-16 15:56:31.550969,,Eye Tracker,1260.0,50.0,Valid,Valid,Fixation
2022-11-16 15:56:31.567624,,Eye Tracker,1258.0,53.0,Valid,Valid,Fixation
2022-11-16 15:56:31.584280,,Eye Tracker,1256.0,60.0,Valid,Valid,Fixation
2022-11-16 15:56:31.600934,,Eye Tracker,1257.0,59.0,Valid,Valid,Fixation
2022-11-16 15:56:31.617589,,Eye Tracker,1260.0,59.0,Valid,Valid,Fixation
2022-11-16 15:56:31.634244,,Eye Tracker,1260.0,61.0,Valid,Valid,Fixation
2022-11-16 15:56:31.650898,,Eye Tracker,1259.0,57.0,Valid,Valid,Fixation
2022-11-16 15:56:31.667553,,Eye Tracker,1257.0,59.0,Valid,Valid,Fixation
2022-11-16 15:56:31.684208,,Eye Tracker,1253.0,60.0,Valid,Valid,Fixation
2022-11-16 15:56:31.700862,,Eye Tracker,1250.0,59.0,Valid,Valid,Fixation
2022-11-16 15:56:31.717517,,Eye Tracker,1253.0,66.0,Valid,Valid,Fixation
2022-11-16 15:56:31.734173,,Eye Tracker,1255.0,66.0,Valid,Valid,Fixation
2022-11-16 15:56:31.750827,,Eye Tracker,1241.0,72.0,Valid,Valid,Fixation
2022-11-16 15:56:31.767482,,Eye Tracker,1214.0,96.0,Valid,Valid,Saccade
2022-11-16 15:56:31.784137,,Eye Tracker,1202.0,105.0,Valid,Valid,Fixation
2022-11-16 15:56:31.800791,,Eye Tracker,1200.0,101.0,Valid,Valid,Fixation
2022-11-16 15:56:31.817446,,Eye Tracker,1200.0,102.0,Valid,Valid,Fixation
2022-11-16 15:56:31.834101,,Eye Tracker,1199.0,107.0,Valid,Valid,Fixation
2022-11-16 15:56:31.850755,,Eye Tracker,1200.0,110.0,Valid,Valid,Fixation
2022-11-16 15:56:31.867410,,Eye Tracker,1200.0,110.0,Valid,Valid,Fixation
2022-11-16 15:56:31.884065,,Eye Tracker,1199.0,111.0,Valid,Valid,Fixation
2022-11-16 15:56:31.900721,,Eye Tracker,1201.0,112.0,Valid,Valid,Fixation
2022-11-16 15:56:31.917375,,Eye Tracker,1198.0,111.0,Valid,Valid,Fixation
2022-11-16 15:56:31.934030,,Eye Tracker,1197.0,111.0,Valid,Valid,Fixation
2022-11-16 15:56:31.950685,,Eye Tracker,1196.0,109.0,Valid,Valid,Fixation
2022-11-16 15:56:31.967339,,Eye Tracker,1194.0,108.0,Valid,Valid,Fixation
2022-11-16 15:56:31.983994,,Eye Tracker,1194.0,111.0,Valid,Valid,Fixation
2022-11-16 15:56:32.000649,,Eye Tracker,1194.0,113.0,Valid,Valid,Fixation
2022-11-16 15:56:32.017303,,Eye Tracker,1195.0,121.0,Valid,Valid,Fixation
2022-11-16 15:56:32.033958,,Eye Tracker,1195.0,123.0,Valid,Valid,Fixation
2022-11-16 15:56:32.050614,,Eye Tracker,1199.0,122.0,Valid,Valid,Fixation
2022-11-16 15:56:32.067268,,Eye Tracker,1200.0,118.0,Valid,Valid,Fixation
2022-11-16 15:56:32.083923,,Eye Tracker,1205.0,124.0,Valid,Valid,Fixation
2022-11-16 15:56:32.100578,,Eye Tracker,1213.0,138.0,Valid,Valid,Fixation
2022-11-16 15:56:32.117232,,Eye Tracker,1215.0,140.0,Valid,Valid,Fixation
2022-11-16 15:56:32.133887,,Eye Tracker,1218.0,139.0,Valid,Valid,Fixation
2022-11-16 15:56:32.150542,,Eye Tracker,1219.0,139.0,Valid,Valid,Fixation
2022-11-16 15:56:32.167197,,Eye Tracker,1217.0,139.0,Valid,Valid,Fixation
2022-11-16 15:56:32.183851,,Eye Tracker,1214.0,141.0,Valid,Valid,Fixation
2022-11-16 15:56:32.200507,,Eye Tracker,1214.0,141.0,Valid,Valid,Fixation
2022-11-16 15:56:32.217162,,Eye Tracker,1218.0,140.0,Valid,Valid,Fixation
2022-11-16 15:56:32.233816,,Eye Tracker,1220.0,137.0,Valid,Valid,Fixation
2022-11-16 15:56:32.250471,,Eye Tracker,1215.0,144.0,Valid,Valid,Fixation
2022-11-16 15:56:32.267126,,Eye Tracker,1216.0,146.0,Valid,Valid,Fixation
2022-11-16 15:56:32.283780,,Eye Tracker,1218.0,144.0,Valid,Valid,Fixation
2022-11-16 15:56:32.300435,,Eye Tracker,1216.0,145.0,Valid,Valid,Fixation
2022-11-16 15:56:32.317090,,Eye Tracker,1220.0,145.0,Valid,Valid,Fixation
2022-11-16 15:56:32.333744,,Eye Tracker,1218.0,145.0,Valid,Valid,Fixation
2022-11-16 15:56:32.350400,,Eye Tracker,1217.0,138.0,Valid,Valid,Fixation
2022-11-16 15:56:32.367055,,Eye Tracker,1221.0,133.0,Valid,Valid,Fixation
2022-11-16 15:56:32.383709,,Eye Tracker,1219.0,133.0,Valid,Valid,Fixation
2022-11-16 15:56:32.400364,,Eye Tracker,1220.0,136.0,Valid,Valid,Fixation
2022-11-16 15:56:32.417019,,Eye Tracker,1218.0,141.0,Valid,Valid,Fixation
2022-11-16 15:56:32.433674,,Eye Tracker,1220.0,141.0,Valid,Valid,Fixation
2022-11-16 15:56:32.450328,,Eye Tracker,1222.0,136.0,Valid,Valid,Fixation
2022-11-16 15:56:32.466983,,Eye Tracker,1223.0,134.0,Valid,Valid,Fixation
2022-11-16 15:56:32.483638,,Eye Tracker,1222.0,132.0,Valid,Valid,Fixation
2022-11-16 15:56:32.500293,,Eye Tracker,1222.0,133.0,Valid,Valid,Fixation
2022-11-16 15:56:32.516948,,Eye Tracker,1224.0,134.0,Valid,Valid,Fixation
2022-11-16 15:56:32.533603,,Eye Tracker,1226.0,135.0,Valid,Valid,Fixation
2022-11-16 15:56:32.550257,,Eye Tracker,1227.0,129.0,Valid,Valid,Fixation
2022-11-16 15:56:32.566912,,Eye Tracker,1227.0,124.0,Valid,Valid,Fixation
2022-11-16 15:56:32.583567,,Eye Tracker,1226.0,136.0,Valid,Valid,Fixation
2022-11-16 15:56:32.600221,,Eye Tracker,1225.0,202.0,Valid,Valid,Saccade
2022-11-16 15:56:32.616876,,Eye Tracker,1213.0,387.0,Valid,Invalid,Saccade
2022-11-16 15:56:32.633531,,Eye Tracker,,,Invalid,Invalid,EyesNotFound
2022-11-16 15:56:32.650186,,Eye Tracker,,,Invalid,Invalid,EyesNotFound
2022-11-16 15:56:32.666841,,Eye Tracker,,,Invalid,Invalid,EyesNotFound
2022-11-16 15:56:32.683496,,Eye Tracker,,,Invalid,Invalid,EyesNotFound
2022-11-16 15:56:32.700151,,Eye Tracker,1121.0,377.0,Valid,Valid,Saccade
2022-11-16 15:56:32.716805,,Eye Tracker,1050.0,288.0,Valid,Valid,Saccade
2022-11-16 15:56:32.733460,,Eye Tracker,1050.0,168.0,Valid,Valid,Saccade
2022-11-16 15:56:32.750115,,Eye Tracker,1219.0,111.0,Valid,Valid,Saccade
2022-11-16 15:56:32.766769,,Eye Tracker,1217.0,111.0,Valid,Valid,Fixation
2022-11-16 15:56:32.783424,,Eye Tracker,1214.0,120.0,Valid,Valid,Fixation
2022-11-16 15:56:32.800080,,Eye Tracker,1213.0,132.0,Invalid,Valid,Fixation
2022-11-16 15:56:32.816734,,Eye Tracker,1219.0,113.0,Valid,Valid,Fixation
2022-11-16 15:56:32.833389,,Eye Tracker,1219.0,116.0,Valid,Valid,Fixation
2022-11-16 15:56:32.850044,,Eye Tracker,1218.0,125.0,Valid,Valid,Fixation
2022-11-16 15:56:32.866698,,Eye Tracker,1218.0,122.0,Valid,Valid,Fixation
2022-11-16 15:56:32.883353,,Eye Tracker,1221.0,110.0,Valid,Valid,Fixation
2022-11-16 15:56:32.900008,,Eye Tracker,1221.0,109.0,Valid,Valid,Fixation
2022-11-16 15:56:32.916662,,Eye Tracker,1217.0,116.0,Valid,Valid,Fixation
2022-11-16 15:56:32.933317,,Eye Tracker,1215.0,117.0,Valid,Valid,Fixation
2022-11-16 15:56:32.949973,,Eye Tracker,1213.0,112.0,Valid,Valid,Fixation
2022-11-16 15:56:32.966628,,Eye Tracker,1214.0,111.0,Valid,Valid,Fixation
2022-11-16 15:56:32.983282,,Eye Tracker,1222.0,116.0,Valid,Valid,Fixation
2022-11-16 15:56:32.999937,,Eye Tracker,1222.0,116.0,Valid,Valid,Fixation
2022-11-16 15:56:33.016592,,Eye Tracker,1219.0,113.0,Valid,Valid,Fixation
2022-11-16 15:56:33.033246,,Eye Tracker,1219.0,113.0,Valid,Valid,Fixation
2022-11-16 15:56:33.049901,,Eye Tracker,1220.0,114.0,Valid,Valid,Fixation
2022-11-16 15:56:33.066556,,Eye Tracker,1230.0,124.0,Valid,Valid,Fixation
2022-11-16 15:56:33.083210,,Eye Tracker,1244.0,135.0,Valid,Valid,Fixation
2022-11-16 15:56:33.099866,,Eye Tracker,1246.0,133.0,Valid,Valid,Fixation
2022-11-16 15:56:33.116521,,Eye Tracker,1236.0,131.0,Valid,Valid,Fixation
2022-11-16 15:56:33.133175,,Eye Tracker,1234.0,133.0,Valid,Valid,Fixation
2022-11-16 15:56:33.149830,,Eye Tracker,1235.0,139.0,Valid,Valid,Fixation
2022-11-16 15:56:33.166485,,Eye Tracker,1235.0,137.0,Valid,Valid,Fixation
2022-11-16 15:56:33.183139,,Eye Tracker,1236.0,133.0,Valid,Valid,Fixation
2022-11-16 15:56:33.199794,,Eye Tracker,1233.0,136.0,Valid,Valid,Fixation
2022-11-16 15:56:33.216449,,Eye Tracker,1236.0,133.0,Valid,Valid,Fixation
2022-11-16 15:56:33.233104,,Eye Tracker,1236.0,137.0,Valid,Valid,Fixation
2022-11-16 15:56:33.249759,,Eye Tracker,1234.0,140.0,Valid,Valid,Fixation
2022-11-16 15:56:33.266414,,Eye Tracker,1234.0,137.0,Valid,Valid,Fixation
2022-11-16 15:56:33.283069,,Eye Tracker,1239.0,143.0,Valid,Valid,Fixation
2022-11-16 15:56:33.299723,,Eye Tracker,1240.0,142.0,Valid,Valid,Fixation
2022-11-16 15:56:33.316378,,Eye Tracker,1241.0,133.0,Valid,Valid,Fixation
2022-11-16 15:56:33.333033,,Eye Tracker,1242.0,135.0,Valid,Valid,Fixation
2022-11-16 15:56:33.349687,,Eye Tracker,1237.0,138.0,Valid,Valid,Fixation
2022-11-16 15:56:33.366342,,Eye Tracker,1229.0,138.0,Valid,Valid,Fixation
2022-11-16 15:56:33.382997,,Eye Tracker,1218.0,144.0,Valid,Valid,Fixation
2022-11-16 15:56:33.399651,,Eye Tracker,1218.0,146.0,Valid,Valid,Fixation
2022-11-16 15:56:33.416307,,Eye Tracker,1220.0,150.0,Valid,Valid,Fixation
2022-11-16 15:56:33.432962,,Eye Tracker,1219.0,154.0,Valid,Valid,Fixation
2022-11-16 15:56:33.449616,,Eye Tracker,1228.0,156.0,Valid,Valid,Fixation
2022-11-16 15:56:33.466271,,Eye Tracker,1225.0,155.0,Valid,Valid,Fixation
2022-11-16 15:56:33.482926,,Eye Tracker,1217.0,150.0,Valid,Valid,Fixation
2022-11-16 15:56:33.499581,,Eye Tracker,1223.0,148.0,Valid,Valid,Fixation
2022-11-16 15:56:33.516235,,Eye Tracker,1226.0,146.0,Valid,Valid,Fixation
2022-11-16 15:56:33.532890,,Eye Tracker,1224.0,146.0,Valid,Valid,Fixation
2022-11-16 15:56:33.549545,,Eye Tracker,1224.0,151.0,Valid,Valid,Fixation
2022-11-16 15:56:33.566200,,Eye Tracker,1225.0,149.0,Valid,Valid,Fixation
2022-11-16 15:56:33.582855,,Eye Tracker,1228.0,148.0,Valid,Valid,Fixation
2022-11-16 15:56:33.599510,,Eye Tracker,1228.0,151.0,Valid,Valid,Fixation
2022-11-16 15:56:33.616164,,Eye Tracker,1225.0,149.0,Valid,Valid,Fixation
2022-11-16 15:56:33.632819,,Eye Tracker,1225.0,147.0,Valid,Valid,Fixation
2022-11-16 15:56:33.649474,,Eye Tracker,1224.0,148.0,Valid,Valid,Fixation
2022-11-16 15:56:33.666128,,Eye Tracker,1221.0,147.0,Valid,Valid,Fixation
2022-11-16 15:56:33.682783,,Eye Tracker,1232.0,145.0,Valid,Valid,Fixation
2022-11-16 15:56:33.699438,,Eye Tracker,1234.0,147.0,Valid,Valid,Fixation
2022-11-16 15:56:33.716093,,Eye Tracker,1228.0,147.0,Valid,Valid,Fixation
2022-11-16 15:56:33.732748,,Eye Tracker,1230.0,148.0,Valid,Valid,Fixation
2022-11-16 15:56:33.749403,,Eye Tracker,1228.0,151.0,Valid,Valid,Fixation
2022-11-16 15:56:33.766058,,Eye Tracker,1225.0,153.0,Valid,Valid,Fixation
2022-11-16 15:56:33.782712,,Eye Tracker,1226.0,154.0,Valid,Valid,Fixation
2022-11-16 15:56:33.799367,,Eye Tracker,1229.0,151.0,Valid,Valid,Fixation
2022-11-16 15:56:33.816022,,Eye Tracker,1231.0,149.0,Valid,Valid,Fixation
2022-11-16 15:56:33.832676,,Eye Tracker,1230.0,149.0,Valid,Valid,Fixation
2022-11-16 15:56:33.849331,,Eye Tracker,1227.0,144.0,Valid,Valid,Fixation
2022-11-16 15:56:33.865987,,Eye Tracker,1227.0,146.0,Valid,Valid,Fixation
2022-11-16 15:56:33.882641,,Eye Tracker,1227.0,147.0,Valid,Valid,Fixation
2022-11-16 15:56:33.899296,,Eye Tracker,1225.0,146.0,Valid,Valid,Fixation
2022-11-16 15:56:33.915951,,Eye Tracker,1228.0,147.0,Valid,Valid,Fixation
2022-11-16 15:56:33.932605,,Eye Tracker,1228.0,144.0,Valid,Valid,Fixation
2022-11-16 15:56:33.949260,,Eye Tracker,1225.0,141.0,Valid,Valid,Fixation
2022-11-16 15:56:33.965915,,Eye Tracker,1225.0,142.0,Valid,Valid,Fixation
2022-11-16 15:56:33.982569,,Eye Tracker,1229.0,147.0,Valid,Valid,Fixation
2022-11-16 15:56:33.999224,,Eye Tracker,1230.0,145.0,Valid,Valid,Fixation
2022-11-16 15:56:34.015880,,Eye Tracker,1229.0,148.0,Valid,Valid,Fixation
2022-11-16 15:56:34.032535,,Eye Tracker,1228.0,148.0,Valid,Valid,Fixation
2022-11-16 15:56:34.049189,,Eye Tracker,1228.0,141.0,Valid,Valid,Fixation
2022-11-16 15:56:34.065844,,Eye Tracker,1228.0,142.0,Valid,Valid,Fixation
2022-11-16 15:56:34.082499,,Eye Tracker,1232.0,146.0,Valid,Valid,Fixation
2022-11-16 15:56:34.099153,,Eye Tracker,1232.0,147.0,Valid,Valid,Fixation
2022-11-16 15:56:34.115808,,Eye Tracker,1228.0,142.0,Valid,Valid,Fixation
2022-11-16 15:56:34.132463,,Eye Tracker,1226.0,139.0,Valid,Valid,Fixation
2022-11-16 15:56:34.149117,,Eye Tracker,1229.0,140.0,Valid,Valid,Fixation
2022-11-16 15:56:34.165773,,Eye Tracker,1232.0,138.0,Valid,Valid,Fixation
2022-11-16 15:56:34.182428,,Eye Tracker,1237.0,138.0,Valid,Valid,Fixation
2022-11-16 15:56:34.199082,,Eye Tracker,1238.0,136.0,Valid,Valid,Fixation
2022-11-16 15:56:34.215737,,Eye Tracker,1236.0,137.0,Valid,Valid,Fixation
2022-11-16 15:56:34.232392,,Eye Tracker,1234.0,136.0,Valid,Valid,Fixation
2022-11-16 15:56:34.249046,,Eye Tracker,1228.0,132.0,Valid,Valid,Fixation
2022-11-16 15:56:34.265701,,Eye Tracker,1227.0,130.0,Valid,Valid,Fixation
2022-11-16 15:56:34.282356,,Eye Tracker,1234.0,128.0,Valid,Valid,Fixation
2022-11-16 15:56:34.299011,,Eye Tracker,1237.0,126.0,Valid,Valid,Fixation
2022-11-16 15:56:34.315666,,Eye Tracker,1231.0,124.0,Valid,Valid,Fixation
2022-11-16 15:56:34.332321,,Eye Tracker,1231.0,126.0,Valid,Valid,Fixation
2022-11-16 15:56:34.348976,,Eye Tracker,1231.0,127.0,Valid,Valid,Fixation
2022-11-16 15:56:34.365630,,Eye Tracker,1229.0,127.0,Valid,Valid,Fixation
2022-11-16 15:56:34.382285,,Eye Tracker,1225.0,130.0,Valid,Valid,Fixation
2022-11-16 15:56:34.398940,,Eye Tracker,1226.0,130.0,Valid,Valid,Fixation
2022-11-16 15:56:34.415594,,Eye Tracker,1235.0,134.0,Valid,Valid,Fixation
2022-11-16 15:56:34.432249,,Eye Tracker,1236.0,135.0,Valid,Valid,Fixation
2022-11-16 15:56:34.448904,,Eye Tracker,1233.0,135.0,Valid,Valid,Fixation
2022-11-16 15:56:34.465559,,Eye Tracker,1232.0,134.0,Valid,Valid,Fixation
2022-11-16 15:56:34.482214,,Eye Tracker,1232.0,132.0,Valid,Valid,Fixation
2022-11-16 15:56:34.498869,,Eye Tracker,1232.0,135.0,Valid,Valid,Fixation
2022-11-16 15:56:34.515523,,Eye Tracker,1235.0,133.0,Valid,Valid,Fixation
2022-11-16 15:56:34.532178,,Eye Tracker,1233.0,130.0,Valid,Valid,Fixation
2022-11-16 15:56:34.548833,,Eye Tracker,1230.0,133.0,Valid,Valid,Fixation
2022-11-16 15:56:34.565488,,Eye Tracker,1230.0,135.0,Valid,Valid,Fixation
2022-11-16 15:56:34.582142,,Eye Tracker,1233.0,130.0,Valid,Valid,Fixation
2022-11-16 15:56:34.598797,,Eye Tracker,1232.0,132.0,Valid,Valid,Fixation
2022-11-16 15:56:34.615453,,Eye Tracker,1229.0,132.0,Valid,Valid,Fixation
2022-11-16 15:56:34.632107,,Eye Tracker,1228.0,131.0,Valid,Valid,Fixation
2022-11-16 15:56:34.648762,,Eye Tracker,1221.0,131.0,Valid,Valid,Fixation
2022-11-16 15:56:34.665417,,Eye Tracker,1219.0,128.0,Valid,Valid,Fixation
2022-11-16 15:56:34.682071,,Eye Tracker,1220.0,128.0,Valid,Valid,Fixation
2022-11-16 15:56:34.698726,,Eye Tracker,1221.0,129.0,Valid,Valid,Fixation
2022-11-16 15:56:34.715381,,Eye Tracker,1222.0,132.0,Valid,Valid,Fixation
2022-11-16 15:56:34.732035,,Eye Tracker,1223.0,133.0,Valid,Valid,Fixation
2022-11-16 15:56:34.748690,,Eye Tracker,1228.0,133.0,Valid,Valid,Fixation
2022-11-16 15:56:34.765346,,Eye Tracker,1229.0,131.0,Valid,Valid,Fixation
2022-11-16 15:56:34.782000,,Eye Tracker,1224.0,129.0,Valid,Valid,Fixation
2022-11-16 15:56:34.798655,,Eye Tracker,1223.0,131.0,Valid,Valid,Fixation
2022-11-16 15:56:34.815310,,Eye Tracker,1227.0,135.0,Valid,Valid,Fixation
2022-11-16 15:56:34.831965,,Eye Tracker,1228.0,139.0,Valid,Valid,Fixation
2022-11-16 15:56:34.848619,,Eye Tracker,1228.0,139.0,Valid,Valid,Fixation
2022-11-16 15:56:34.865274,,Eye Tracker,1227.0,137.0,Valid,Valid,Fixation
2022-11-16 15:56:34.881929,,Eye Tracker,1229.0,133.0,Valid,Valid,Fixation
2022-11-16 15:56:34.898583,,Eye Tracker,1227.0,133.0,Valid,Valid,Fixation
2022-11-16 15:56:34.915238,,Eye Tracker,1222.0,133.0,Valid,Valid,Fixation
2022-11-16 15:56:34.931894,,Eye Tracker,1225.0,135.0,Valid,Valid,Fixation
2022-11-16 15:56:34.948548,,Eye Tracker,1228.0,141.0,Valid,Valid,Fixation
2022-11-16 15:56:34.965203,,Eye Tracker,1229.0,140.0,Valid,Valid,Fixation
2022-11-16 15:56:34.981858,,Eye Tracker,1230.0,136.0,Valid,Valid,Fixation
2022-11-16 15:56:34.998512,,Eye Tracker,1229.0,134.0,Valid,Valid,Fixation
2022-11-16 15:56:35.015167,,Eye Tracker,1223.0,136.0,Valid,Valid,Fixation
2022-11-16 15:56:35.031822,,Eye Tracker,1224.0,136.0,Valid,Valid,Fixation
2022-11-16 15:56:35.048476,,Eye Tracker,1229.0,135.0,Valid,Valid,Fixation
2022-11-16 15:56:35.065131,,Eye Tracker,1230.0,135.0,Valid,Valid,Fixation
2022-11-16 15:56:35.081787,,Eye Tracker,1228.0,135.0,Valid,Valid,Fixation
2022-11-16 15:56:35.098442,,Eye Tracker,1224.0,138.0,Valid,Valid,Fixation
2022-11-16 15:56:35.115096,,Eye Tracker,1225.0,139.0,Valid,Valid,Fixation
2022-11-16 15:56:35.131751,,Eye Tracker,1228.0,137.0,Valid,Valid,Fixation
2022-11-16 15:56:35.148406,,Eye Tracker,1230.0,132.0,Valid,Valid,Fixation
2022-11-16 15:56:35.165060,,Eye Tracker,1229.0,135.0,Valid,Valid,Fixation
2022-11-16 15:56:35.181715,,Eye Tracker,1221.0,136.0,Valid,Valid,Fixation
2022-11-16 15:56:35.198370,,Eye Tracker,1220.0,136.0,Valid,Valid,Fixation
2022-11-16 15:56:35.215024,,Eye Tracker,1229.0,144.0,Valid,Valid,Fixation
2022-11-16 15:56:35.231680,,Eye Tracker,1231.0,146.0,Valid,Valid,Fixation
2022-11-16 15:56:35.248335,,Eye Tracker,1232.0,141.0,Valid,Valid,Fixation
2022-11-16 15:56:35.264989,,Eye Tracker,1232.0,141.0,Valid,Valid,Fixation
2022-11-16 15:56:35.281644,,Eye Tracker,1224.0,141.0,Valid,Valid,Fixation
2022-11-16 15:56:35.298299,,Eye Tracker,1223.0,140.0,Valid,Valid,Fixation
2022-11-16 15:56:35.314953,,Eye Tracker,1228.0,137.0,Valid,Valid,Fixation
2022-11-16 15:56:35.331608,,Eye Tracker,1231.0,133.0,Valid,Valid,Fixation
2022-11-16 15:56:35.348262,,Eye Tracker,1232.0,136.0,Valid,Valid,Fixation
2022-11-16 15:56:35.364917,,Eye Tracker,1228.0,141.0,Valid,Valid,Fixation
2022-11-16 15:56:35.381572,,Eye Tracker,1221.0,143.0,Valid,Valid,Fixation
2022-11-16 15:56:35.398227,,Eye Tracker,1224.0,140.0,Valid,Valid,Fixation
2022-11-16 15:56:35.414882,,Eye Tracker,1229.0,135.0,Valid,Valid,Fixation
2022-11-16 15:56:35.431536,,Eye Tracker,1225.0,136.0,Valid,Valid,Fixation
2022-11-16 15:56:35.448191,,Eye Tracker,1223.0,143.0,Valid,Valid,Fixation
2022-11-16 15:56:35.464846,,Eye Tracker,1227.0,142.0,Valid,Valid,Fixation
2022-11-16 15:56:35.481500,,Eye Tracker,1224.0,137.0,Valid,Valid,Fixation
2022-11-16 15:56:35.498155,,Eye Tracker,1223.0,134.0,Valid,Valid,Fixation
2022-11-16 15:56:35.514810,,Eye Tracker,1231.0,135.0,Valid,Valid,Fixation
2022-11-16 15:56:35.531465,,Eye Tracker,1230.0,134.0,Valid,Valid,Fixation
2022-11-16 15:56:35.548120,,Eye Tracker,1227.0,137.0,Valid,Valid,Fixation
2022-11-16 15:56:35.564775,,Eye Tracker,1227.0,140.0,Valid,Valid,Fixation
2022-11-16 15:56:35.581429,,Eye Tracker,1223.0,137.0,Valid,Valid,Fixation
2022-11-16 15:56:35.598084,,Eye Tracker,1224.0,137.0,Valid,Valid,Fixation
2022-11-16 15:56:35.614739,,Eye Tracker,1232.0,140.0,Valid,Valid,Fixation
2022-11-16 15:56:35.631394,,Eye Tracker,1233.0,140.0,Valid,Valid,Fixation
2022-11-16 15:56:35.648048,,Eye Tracker,1229.0,141.0,Valid,Valid,Fixation
2022-11-16 15:56:35.664703,,Eye Tracker,1232.0,142.0,Valid,Valid,Fixation
2022-11-16 15:56:35.681359,,Eye Tracker,1230.0,141.0,Valid,Valid,Fixation
2022-11-16 15:56:35.698013,,Eye Tracker,1229.0,137.0,Valid,Valid,Fixation
2022-11-16 15:56:35.714668,,Eye Tracker,1235.0,137.0,Valid,Valid,Fixation
2022-11-16 15:56:35.731323,,Eye Tracker,1232.0,138.0,Valid,Valid,Fixation
2022-11-16 15:56:35.747977,,Eye Tracker,1226.0,136.0,Valid,Valid,Fixation
2022-11-16 15:56:35.764632,,Eye Tracker,1226.0,134.0,Valid,Valid,Fixation
2022-11-16 15:56:35.781287,,Eye Tracker,1225.0,132.0,Valid,Valid,Fixation
2022-11-16 15:56:35.797941,,Eye Tracker,1227.0,132.0,Valid,Valid,Fixation
2022-11-16 15:56:35.814596,,Eye Tracker,1233.0,133.0,Valid,Valid,Fixation
2022-11-16 15:56:35.831252,,Eye Tracker,1233.0,132.0,Valid,Valid,Fixation
2022-11-16 15:56:35.847906,,Eye Tracker,1232.0,132.0,Valid,Valid,Fixation
2022-11-16 15:56:35.864561,,Eye Tracker,1232.0,132.0,Valid,Valid,Fixation
2022-11-16 15:56:35.881216,,Eye Tracker,1229.0,130.0,Valid,Valid,Fixation
2022-11-16 15:56:35.897871,,Eye Tracker,1230.0,131.0,Valid,Valid,Fixation
2022-11-16 15:56:35.914525,,Eye Tracker,1230.0,135.0,Valid,Valid,Fixation
2022-11-16 15:56:35.931180,,Eye Tracker,1229.0,134.0,Valid,Valid,Fixation
2022-11-16 15:56:35.947835,,Eye Tracker,1233.0,135.0,Valid,Valid,Fixation
2022-11-16 15:56:35.964489,,Eye Tracker,1232.0,134.0,Valid,Valid,Fixation
2022-11-16 15:56:35.981145,,Eye Tracker,1231.0,135.0,Valid,Valid,Fixation
2022-11-16 15:56:35.997800,,Eye Tracker,1230.0,136.0,Valid,Valid,Fixation
2022-11-16 15:56:36.014454,,Eye Tracker,1230.0,130.0,Valid,Valid,Fixation
2022-11-16 15:56:36.031109,,Eye Tracker,1229.0,133.0,Valid,Valid,Fixation
2022-11-16 15:56:36.047764,,Eye Tracker,1182.0,171.0,Valid,Valid,Saccade
2022-11-16 15:56:36.064418,,Eye Tracker,1025.0,281.0,Valid,Invalid,Saccade
2022-11-16 15:56:36.081073,,Eye Tracker,,,Invalid,Invalid,EyesNotFound
2022-11-16 15:56:36.097728,,Eye Tracker,855.0,990.0,Invalid,Valid,Saccade
2022-11-16 15:56:36.114382,,Eye Tracker,1250.0,746.0,Valid,Valid,Saccade
2022-11-16 15:56:36.131038,,Eye Tracker,1285.0,392.0,Valid,Valid,Saccade
2022-11-16 15:56:36.147693,,Eye Tracker,1210.0,245.0,Valid,Valid,Saccade
2022-11-16 15:56:36.164348,,Eye Tracker,1216.0,139.0,Valid,Valid,Saccade
2022-11-16 15:56:36.181002,,Eye Tracker,1215.0,131.0,Valid,Valid,Fixation
2022-11-16 15:56:36.197657,,Eye Tracker,1220.0,121.0,Valid,Valid,Fixation
2022-11-16 15:56:36.214312,,Eye Tracker,1222.0,116.0,Valid,Valid,Fixation
2022-11-16 15:56:36.230966,,Eye Tracker,1222.0,117.0,Valid,Valid,Fixation
2022-11-16 15:56:36.247621,,Eye Tracker,1221.0,113.0,Valid,Valid,Fixation
2022-11-16 15:56:36.264276,,Eye Tracker,1219.0,113.0,Valid,Valid,Fixation
2022-11-16 15:56:36.280931,,Eye Tracker,1222.0,118.0,Valid,Valid,Fixation
2022-11-16 15:56:36.297586,,Eye Tracker,1223.0,121.0,Valid,Valid,Fixation
2022-11-16 15:56:36.314241,,Eye Tracker,1221.0,122.0,Valid,Valid,Fixation
2022-11-16 15:56:36.330895,,Eye Tracker,1220.0,124.0,Valid,Valid,Fixation
2022-11-16 15:56:36.347550,,Eye Tracker,1219.0,121.0,Valid,Valid,Fixation
2022-11-16 15:56:36.364205,,Eye Tracker,1222.0,119.0,Valid,Valid,Fixation
2022-11-16 15:56:36.380859,,Eye Tracker,1220.0,123.0,Valid,Valid,Fixation
2022-11-16 15:56:36.397514,,Eye Tracker,1218.0,119.0,Valid,Valid,Fixation
2022-11-16 15:56:36.414169,,Eye Tracker,1222.0,115.0,Valid,Valid,Fixation
2022-11-16 15:56:36.430824,,Eye Tracker,1224.0,114.0,Valid,Valid,Fixation
2022-11-16 15:56:36.447478,,Eye Tracker,1223.0,115.0,Valid,Valid,Fixation
2022-11-16 15:56:36.464134,,Eye Tracker,1221.0,114.0,Valid,Valid,Fixation
2022-11-16 15:56:36.480789,,Eye Tracker,1223.0,116.0,Valid,Valid,Fixation
2022-11-16 15:56:36.497443,,Eye Tracker,1220.0,116.0,Valid,Valid,Fixation
2022-11-16 15:56:36.514098,,Eye Tracker,1218.0,115.0,Valid,Valid,Fixation
2022-11-16 15:56:36.530753,,Eye Tracker,1221.0,114.0,Valid,Valid,Fixation
2022-11-16 15:56:36.547407,,Eye Tracker,1220.0,115.0,Valid,Valid,Fixation
2022-11-16 15:56:36.564062,,Eye Tracker,1217.0,117.0,Valid,Valid,Fixation
2022-11-16 15:56:36.580717,,Eye Tracker,1218.0,115.0,Valid,Valid,Fixation
2022-11-16 15:56:36.597371,,Eye Tracker,1221.0,118.0,Valid,Valid,Fixation
2022-11-16 15:56:36.614026,,Eye Tracker,1221.0,119.0,Valid,Valid,Fixation
2022-11-16 15:56:36.630681,,Eye Tracker,1223.0,114.0,Valid,Valid,Fixation
2022-11-16 15:56:36.647335,,Eye Tracker,1222.0,114.0,Valid,Valid,Fixation
2022-11-16 15:56:36.663990,,Eye Tracker,1217.0,117.0,Valid,Valid,Fixation
2022-11-16 15:56:36.680645,,Eye Tracker,1216.0,120.0,Valid,Valid,Fixation
2022-11-16 15:56:36.697300,,Eye Tracker,1218.0,116.0,Valid,Valid,Fixation
2022-11-16 15:56:36.713954,,Eye Tracker,1219.0,115.0,Valid,Valid,Fixation
2022-11-16 15:56:36.730609,,Eye Tracker,1217.0,127.0,Valid,Valid,Fixation
2022-11-16 15:56:36.747265,,Eye Tracker,1218.0,129.0,Valid,Valid,Fixation
2022-11-16 15:56:36.763919,,Eye Tracker,1217.0,126.0,Valid,Valid,Fixation
2022-11-16 15:56:36.780574,,Eye Tracker,1216.0,127.0,Valid,Valid,Fixation
2022-11-16 15:56:36.797229,,Eye Tracker,1215.0,125.0,Valid,Valid,Fixation
2022-11-16 15:56:36.813883,,Eye Tracker,1215.0,128.0,Valid,Valid,Fixation
2022-11-16 15:56:36.830538,,Eye Tracker,1214.0,130.0,Valid,Valid,Fixation
2022-11-16 15:56:36.847193,,Eye Tracker,1217.0,127.0,Valid,Valid,Fixation
2022-11-16 15:56:36.863847,,Eye Tracker,1218.0,125.0,Valid,Valid,Fixation
2022-11-16 15:56:36.880502,,Eye Tracker,1212.0,126.0,Valid,Valid,Fixation
2022-11-16 15:56:36.897158,,Eye Tracker,1215.0,127.0,Valid,Valid,Fixation
2022-11-16 15:56:36.913812,,Eye Tracker,1213.0,138.0,Valid,Valid,Fixation
2022-11-16 15:56:36.930467,,Eye Tracker,1211.0,141.0,Valid,Valid,Fixation
2022-11-16 15:56:36.947122,,Eye Tracker,,,Invalid,Invalid,EyesNotFound
2022-11-16 15:56:36.963777,,Eye Tracker,,,Invalid,Invalid,EyesNotFound
2022-11-16 15:56:36.980431,,Eye Tracker,,,Invalid,Invalid,EyesNotFound
2022-11-16 15:56:36.997086,,Eye Tracker,,,Invalid,Invalid,EyesNotFound
2022-11-16 15:56:37.013741,,Eye Tracker,,,Invalid,Invalid,EyesNotFound
2022-11-16 15:56:37.030395,,Eye Tracker,1069.0,736.0,Valid,Valid,Unclassified
2022-11-16 15:56:37.047051,,Eye Tracker,1069.0,736.0,Valid,Valid,Unclassified
2022-11-16 15:56:37.063706,,Eye Tracker,1208.0,170.0,Valid,Valid,Saccade
2022-11-16 15:56:37.080360,,Eye Tracker,1211.0,149.0,Valid,Valid,Fixation
2022-11-16 15:56:37.097015,,Eye Tracker,1215.0,129.0,Valid,Valid,Fixation
2022-11-16 15:56:37.113670,,Eye Tracker,1211.0,130.0,Valid,Valid,Fixation
2022-11-16 15:56:37.130324,,Eye Tracker,1211.0,131.0,Valid,Valid,Fixation
2022-11-16 15:56:37.146979,,Eye Tracker,1215.0,129.0,Valid,Valid,Fixation
2022-11-16 15:56:37.163634,,Eye Tracker,1213.0,135.0,Valid,Valid,Fixation
2022-11-16 15:56:37.180288,,Eye Tracker,1214.0,141.0,Valid,Valid,Fixation
2022-11-16 15:56:37.196944,,Eye Tracker,1216.0,139.0,Valid,Valid,Fixation
2022-11-16 15:56:37.213599,,Eye Tracker,1217.0,143.0,Valid,Valid,Fixation
2022-11-16 15:56:37.230254,,Eye Tracker,1217.0,140.0,Valid,Valid,Fixation
2022-11-16 15:56:37.246908,,Eye Tracker,1218.0,138.0,Valid,Valid,Fixation
2022-11-16 15:56:37.263563,,Eye Tracker,1218.0,138.0,Valid,Valid,Fixation
2022-11-16 15:56:37.280218,,Eye Tracker,1219.0,132.0,Valid,Valid,Fixation
2022-11-16 15:56:37.296872,,Eye Tracker,1220.0,131.0,Valid,Valid,Fixation
2022-11-16 15:56:37.313527,,Eye Tracker,1220.0,128.0,Valid,Valid,Fixation
2022-11-16 15:56:37.330182,,Eye Tracker,1222.0,129.0,Valid,Valid,Fixation
2022-11-16 15:56:37.346837,,Eye Tracker,1219.0,129.0,Valid,Valid,Fixation
2022-11-16 15:56:37.363491,,Eye Tracker,1220.0,127.0,Valid,Valid,Fixation
2022-11-16 15:56:37.380146,,Eye Tracker,1221.0,128.0,Valid,Valid,Fixation
2022-11-16 15:56:37.396801,,Eye Tracker,1219.0,129.0,Valid,Valid,Fixation
2022-11-16 15:56:37.413456,,Eye Tracker,1213.0,127.0,Valid,Valid,Fixation
2022-11-16 15:56:37.430111,,Eye Tracker,1215.0,127.0,Valid,Valid,Fixation
2022-11-16 15:56:37.446765,,Eye Tracker,1220.0,135.0,Valid,Valid,Fixation
2022-11-16 15:56:37.463420,,Eye Tracker,1219.0,133.0,Valid,Valid,Fixation
2022-11-16 15:56:37.480075,,Eye Tracker,1218.0,130.0,Valid,Valid,Fixation
2022-11-16 15:56:37.496730,,Eye Tracker,1218.0,130.0,Valid,Valid,Fixation
2022-11-16 15:56:37.513384,,Eye Tracker,1215.0,132.0,Valid,Valid,Fixation
2022-11-16 15:56:37.530039,,Eye Tracker,1212.0,131.0,Valid,Valid,Fixation
2022-11-16 15:56:37.546695,,Eye Tracker,1212.0,125.0,Valid,Valid,Fixation
2022-11-16 15:56:37.563349,,Eye Tracker,1215.0,127.0,Valid,Valid,Fixation
2022-11-16 15:56:37.580004,,Eye Tracker,1222.0,131.0,Valid,Valid,Fixation
2022-11-16 15:56:37.596659,,Eye Tracker,1220.0,133.0,Valid,Valid,Fixation
2022-11-16 15:56:37.613313,,Eye Tracker,1211.0,132.0,Valid,Valid,Fixation
2022-11-16 15:56:37.629968,,Eye Tracker,1212.0,132.0,Valid,Valid,Fixation
2022-11-16 15:56:37.646623,,Eye Tracker,1215.0,132.0,Valid,Valid,Fixation
2022-11-16 15:56:37.663277,,Eye Tracker,1215.0,130.0,Valid,Valid,Fixation
2022-11-16 15:56:37.679932,,Eye Tracker,1212.0,130.0,Valid,Valid,Fixation
2022-11-16 15:56:37.696588,,Eye Tracker,1210.0,129.0,Valid,Valid,Fixation
2022-11-16 15:56:37.713242,,Eye Tracker,1218.0,130.0,Valid,Valid,Fixation
2022-11-16 15:56:37.729897,,Eye Tracker,1216.0,130.0,Valid,Valid,Fixation
2022-11-16 15:56:37.746552,,Eye Tracker,1211.0,134.0,Valid,Valid,Fixation
2022-11-16 15:56:37.763207,,Eye Tracker,1211.0,137.0,Valid,Valid,Fixation
2022-11-16 15:56:37.779861,,Eye Tracker,1213.0,134.0,Valid,Valid,Fixation
2022-11-16 15:56:37.796516,,Eye Tracker,1216.0,133.0,Valid,Valid,Fixation
2022-11-16 15:56:37.813171,,Eye Tracker,1216.0,127.0,Valid,Valid,Fixation
2022-11-16 15:56:37.829825,,Eye Tracker,1215.0,127.0,Valid,Valid,Fixation
2022-11-16 15:56:37.846480,,Eye Tracker,1215.0,128.0,Valid,Valid,Fixation
2022-11-16 15:56:37.863135,,Eye Tracker,1185.0,127.0,Valid,Valid,Saccade
2022-11-16 15:56:37.879789,,Eye Tracker,1164.0,127.0,Valid,Valid,Fixation
2022-11-16 15:56:37.896444,,Eye Tracker,1165.0,127.0,Valid,Valid,Fixation
2022-11-16 15:56:37.913099,,Eye Tracker,1166.0,134.0,Valid,Valid,Fixation
2022-11-16 15:56:37.929753,,Eye Tracker,1169.0,130.0,Valid,Valid,Fixation
2022-11-16 15:56:37.946409,,Eye Tracker,1165.0,122.0,Valid,Valid,Fixation
2022-11-16 15:56:37.963064,,Eye Tracker,1161.0,125.0,Valid,Valid,Fixation
2022-11-16 15:56:37.979718,,Eye Tracker,1158.0,131.0,Valid,Valid,Fixation
2022-11-16 15:56:37.996373,,Eye Tracker,1159.0,127.0,Valid,Valid,Fixation
2022-11-16 15:56:38.013028,,Eye Tracker,1164.0,119.0,Valid,Valid,Fixation
2022-11-16 15:56:38.029683,,Eye Tracker,1163.0,118.0,Valid,Valid,Fixation
2022-11-16 15:56:38.046337,,Eye Tracker,1161.0,117.0,Valid,Valid,Fixation
2022-11-16 15:56:38.062992,,Eye Tracker,1160.0,116.0,Valid,Valid,Fixation
2022-11-16 15:56:38.079647,,Eye Tracker,1159.0,119.0,Valid,Valid,Fixation
2022-11-16 15:56:38.096301,,Eye Tracker,1157.0,117.0,Valid,Valid,Fixation
2022-11-16 15:56:38.112957,,Eye Tracker,1154.0,116.0,Valid,Valid,Fixation
2022-11-16 15:56:38.129612,,Eye Tracker,1157.0,113.0,Valid,Valid,Fixation
2022-11-16 15:56:38.146266,,Eye Tracker,1154.0,104.0,Valid,Valid,Fixation
2022-11-16 15:56:38.162921,,Eye Tracker,1154.0,99.0,Valid,Valid,Fixation
2022-11-16 15:56:38.179576,,Eye Tracker,1152.0,93.0,Valid,Valid,Fixation
2022-11-16 15:56:38.196230,,Eye Tracker,1150.0,95.0,Valid,Valid,Fixation
2022-11-16 15:56:38.212885,,Eye Tracker,1153.0,99.0,Valid,Valid,Fixation
2022-11-16 15:56:38.229540,,Eye Tracker,1153.0,98.0,Valid,Valid,Fixation
2022-11-16 15:56:38.246195,,Eye Tracker,1156.0,99.0,Valid,Valid,Fixation
2022-11-16 15:56:38.262850,,Eye Tracker,1156.0,100.0,Valid,Valid,Fixation
2022-11-16 15:56:38.279505,,Eye Tracker,1157.0,101.0,Valid,Valid,Fixation
2022-11-16 15:56:38.296160,,Eye Tracker,1157.0,98.0,Valid,Valid,Fixation
2022-11-16 15:56:38.312814,,Eye Tracker,1154.0,87.0,Valid,Valid,Fixation
2022-11-16 15:56:38.329469,,Eye Tracker,1153.0,87.0,Valid,Valid,Fixation
2022-11-16 15:56:38.346124,,Eye Tracker,1156.0,91.0,Valid,Valid,Fixation
2022-11-16 15:56:38.362778,,Eye Tracker,1155.0,88.0,Valid,Valid,Fixation
2022-11-16 15:56:38.379433,,Eye Tracker,1151.0,88.0,Valid,Valid,Fixation
2022-11-16 15:56:38.396088,,Eye Tracker,1149.0,83.0,Valid,Valid,Fixation
2022-11-16 15:56:38.412742,,Eye Tracker,1145.0,81.0,Valid,Valid,Fixation
2022-11-16 15:56:38.429397,,Eye Tracker,1145.0,83.0,Valid,Valid,Fixation
2022-11-16 15:56:38.446052,,Eye Tracker,1147.0,85.0,Valid,Valid,Fixation
2022-11-16 15:56:38.462706,,Eye Tracker,1146.0,86.0,Valid,Valid,Fixation
2022-11-16 15:56:38.479362,,Eye Tracker,1145.0,83.0,Valid,Valid,Fixation
2022-11-16 15:56:38.496017,,Eye Tracker,1146.0,85.0,Valid,Valid,Fixation
2022-11-16 15:56:38.512671,,Eye Tracker,1148.0,88.0,Valid,Valid,Fixation
2022-11-16 15:56:38.529326,,Eye Tracker,1148.0,86.0,Valid,Valid,Fixation
2022-11-16 15:56:38.545981,,Eye Tracker,1151.0,80.0,Valid,Valid,Fixation
2022-11-16 15:56:38.562636,,Eye Tracker,1150.0,79.0,Valid,Valid,Fixation
2022-11-16 15:56:38.579290,,Eye Tracker,1146.0,84.0,Valid,Valid,Fixation
2022-11-16 15:56:38.595945,,Eye Tracker,1147.0,88.0,Valid,Valid,Fixation
2022-11-16 15:56:38.612600,,Eye Tracker,1153.0,87.0,Valid,Valid,Fixation
2022-11-16 15:56:38.629255,,Eye Tracker,1150.0,86.0,Valid,Valid,Fixation
2022-11-16 15:56:38.645910,,Eye Tracker,1142.0,84.0,Valid,Valid,Fixation
2022-11-16 15:56:38.662565,,Eye Tracker,1144.0,81.0,Valid,Valid,Fixation
2022-11-16 15:56:38.679219,,Eye Tracker,1146.0,80.0,Valid,Valid,Fixation
2022-11-16 15:56:38.695874,,Eye Tracker,1147.0,76.0,Valid,Valid,Fixation
2022-11-16 15:56:38.712529,,Eye Tracker,1151.0,78.0,Valid,Valid,Fixation
2022-11-16 15:56:38.729183,,Eye Tracker,1149.0,82.0,Valid,Valid,Fixation
2022-11-16 15:56:38.745838,,Eye Tracker,1139.0,86.0,Valid,Valid,Fixation
2022-11-16 15:56:38.762493,,Eye Tracker,1138.0,85.0,Valid,Valid,Fixation
2022-11-16 15:56:38.779148,,Eye Tracker,1144.0,85.0,Valid,Valid,Fixation
2022-11-16 15:56:38.795803,,Eye Tracker,1143.0,86.0,Valid,Valid,Fixation
2022-11-16 15:56:38.812458,,Eye Tracker,1144.0,81.0,Valid,Valid,Fixation
2022-11-16 15:56:38.829113,,Eye Tracker,1145.0,79.0,Valid,Valid,Fixation
2022-11-16 15:56:38.845767,,Eye Tracker,1141.0,84.0,Valid,Valid,Fixation
2022-11-16 15:56:38.862422,,Eye Tracker,1141.0,83.0,Valid,Valid,Fixation
2022-11-16 15:56:38.879077,,Eye Tracker,1131.0,86.0,Valid,Valid,Fixation
2022-11-16 15:56:38.895731,,Eye Tracker,1113.0,97.0,Valid,Valid,Fixation
2022-11-16 15:56:38.912386,,Eye Tracker,1109.0,97.0,Valid,Valid,Fixation
2022-11-16 15:56:38.929041,,Eye Tracker,1109.0,96.0,Valid,Valid,Fixation
2022-11-16 15:56:38.945696,,Eye Tracker,1108.0,92.0,Valid,Valid,Fixation
2022-11-16 15:56:38.962351,,Eye Tracker,1109.0,90.0,Valid,Valid,Fixation
2022-11-16 15:56:38.979006,,Eye Tracker,1101.0,89.0,Valid,Valid,Fixation
2022-11-16 15:56:38.995660,,Eye Tracker,1099.0,88.0,Valid,Valid,Fixation
2022-11-16 15:56:39.012315,,Eye Tracker,1098.0,88.0,Valid,Valid,Fixation
2022-11-16 15:56:39.028970,,Eye Tracker,1098.0,90.0,Valid,Valid,Fixation
2022-11-16 15:56:39.045624,,Eye Tracker,1100.0,93.0,Valid,Valid,Fixation
2022-11-16 15:56:39.062279,,Eye Tracker,1098.0,93.0,Valid,Valid,Fixation
2022-11-16 15:56:39.078934,,Eye Tracker,1104.0,96.0,Valid,Valid,Fixation
2022-11-16 15:56:39.095590,,Eye Tracker,1102.0,99.0,Valid,Valid,Fixation
2022-11-16 15:56:39.112243,,Eye Tracker,1095.0,101.0,Valid,Valid,Fixation
2022-11-16 15:56:39.128898,,Eye Tracker,1094.0,98.0,Valid,Valid,Fixation
2022-11-16 15:56:39.145553,,Eye Tracker,1094.0,95.0,Valid,Valid,Fixation
2022-11-16 15:56:39.162208,,Eye Tracker,1093.0,98.0,Valid,Valid,Fixation
2022-11-16 15:56:39.178863,,Eye Tracker,1095.0,94.0,Valid,Valid,Fixation
2022-11-16 15:56:39.195518,,Eye Tracker,1095.0,95.0,Valid,Valid,Fixation
2022-11-16 15:56:39.212172,,Eye Tracker,1096.0,97.0,Valid,Valid,Fixation
2022-11-16 15:56:39.228827,,Eye Tracker,1092.0,99.0,Valid,Valid,Fixation
2022-11-16 15:56:39.245482,,Eye Tracker,1089.0,100.0,Valid,Valid,Fixation
2022-11-16 15:56:39.262136,,Eye Tracker,1090.0,96.0,Valid,Valid,Fixation
2022-11-16 15:56:39.278791,,Eye Tracker,1088.0,99.0,Valid,Valid,Fixation
2022-11-16 15:56:39.295446,,Eye Tracker,1088.0,99.0,Valid,Valid,Fixation
2022-11-16 15:56:39.312101,,Eye Tracker,1086.0,95.0,Valid,Valid,Fixation
2022-11-16 15:56:39.328756,,Eye Tracker,1088.0,98.0,Valid,Valid,Fixation
2022-11-16 15:56:39.345411,,Eye Tracker,1086.0,98.0,Valid,Valid,Fixation
2022-11-16 15:56:39.362065,,Eye Tracker,1084.0,98.0,Valid,Valid,Fixation
2022-11-16 15:56:39.378719,,Eye Tracker,1085.0,101.0,Valid,Valid,Fixation
2022-11-16 15:56:39.395374,,Eye Tracker,1041.0,96.0,Valid,Valid,Saccade
2022-11-16 15:56:39.412030,,Eye Tracker,1011.0,92.0,Valid,Valid,Saccade
2022-11-16 15:56:39.428684,,Eye Tracker,1015.0,92.0,Valid,Valid,Fixation
2022-11-16 15:56:39.445339,,Eye Tracker,1017.0,96.0,Valid,Valid,Fixation
2022-11-16 15:56:39.461994,,Eye Tracker,1017.0,95.0,Valid,Valid,Fixation
2022-11-16 15:56:39.478648,,Eye Tracker,1010.0,93.0,Valid,Valid,Fixation
2022-11-16 15:56:39.495303,,Eye Tracker,1011.0,92.0,Valid,Valid,Fixation
2022-11-16 15:56:39.511958,,Eye Tracker,1013.0,87.0,Valid,Valid,Fixation
2022-11-16 15:56:39.528612,,Eye Tracker,1010.0,86.0,Valid,Valid,Fixation
2022-11-16 15:56:39.545267,,Eye Tracker,1015.0,84.0,Valid,Valid,Fixation
2022-11-16 15:56:39.561923,,Eye Tracker,1015.0,83.0,Valid,Valid,Fixation
2022-11-16 15:56:39.578577,,Eye Tracker,1010.0,83.0,Valid,Valid,Fixation
2022-11-16 15:56:39.595232,,Eye Tracker,1012.0,78.0,Valid,Valid,Fixation
2022-11-16 15:56:39.611887,,Eye Tracker,1013.0,78.0,Valid,Valid,Fixation
2022-11-16 15:56:39.628542,,Eye Tracker,1011.0,79.0,Valid,Valid,Fixation
2022-11-16 15:56:39.645196,,Eye Tracker,1008.0,79.0,Valid,Valid,Fixation
2022-11-16 15:56:39.661851,,Eye Tracker,1012.0,79.0,Valid,Valid,Fixation
2022-11-16 15:56:39.678506,,Eye Tracker,1011.0,77.0,Valid,Valid,Fixation
2022-11-16 15:56:39.695160,,Eye Tracker,1006.0,74.0,Valid,Valid,Fixation
2022-11-16 15:56:39.711816,,Eye Tracker,1007.0,72.0,Valid,Valid,Fixation
2022-11-16 15:56:39.728471,,Eye Tracker,1006.0,75.0,Valid,Valid,Fixation
2022-11-16 15:56:39.745125,,Eye Tracker,1005.0,72.0,Valid,Valid,Fixation
2022-11-16 15:56:39.761780,,Eye Tracker,1007.0,68.0,Valid,Valid,Fixation
2022-11-16 15:56:39.778435,,Eye Tracker,1005.0,69.0,Valid,Valid,Fixation
2022-11-16 15:56:39.795089,,Eye Tracker,976.0,60.0,Valid,Valid,Saccade
2022-11-16 15:56:39.811744,,Eye Tracker,957.0,66.0,Valid,Valid,Fixation
2022-11-16 15:56:39.828399,,Eye Tracker,961.0,72.0,Valid,Valid,Fixation
2022-11-16 15:56:39.845053,,Eye Tracker,963.0,73.0,Valid,Valid,Fixation
2022-11-16 15:56:39.861708,,Eye Tracker,962.0,70.0,Valid,Valid,Fixation
2022-11-16 15:56:39.878364,,Eye Tracker,962.0,73.0,Valid,Valid,Fixation
2022-11-16 15:56:39.895019,,Eye Tracker,962.0,74.0,Valid,Valid,Fixation
2022-11-16 15:56:39.911673,,Eye Tracker,961.0,64.0,Valid,Valid,Fixation
2022-11-16 15:56:39.928328,,Eye Tracker,959.0,62.0,Valid,Valid,Fixation
2022-11-16 15:56:39.944983,,Eye Tracker,956.0,60.0,Valid,Valid,Fixation
2022-11-16 15:56:39.961637,,Eye Tracker,957.0,59.0,Valid,Valid,Fixation
2022-11-16 15:56:39.978292,,Eye Tracker,957.0,56.0,Valid,Valid,Fixation
2022-11-16 15:56:39.994947,,Eye Tracker,957.0,55.0,Valid,Valid,Fixation
2022-11-16 15:56:40.011601,,Eye Tracker,957.0,63.0,Valid,Valid,Fixation
2022-11-16 15:56:40.028257,,Eye Tracker,957.0,60.0,Valid,Valid,Fixation
2022-11-16 15:56:40.044912,,Eye Tracker,959.0,59.0,Valid,Valid,Fixation
2022-11-16 15:56:40.061566,,Eye Tracker,961.0,57.0,Valid,Valid,Fixation
2022-11-16 15:56:40.078221,,Eye Tracker,960.0,52.0,Valid,Valid,Fixation
2022-11-16 15:56:40.094876,,Eye Tracker,959.0,51.0,Valid,Valid,Fixation
2022-11-16 15:56:40.111530,,Eye Tracker,959.0,55.0,Valid,Valid,Fixation
2022-11-16 15:56:40.128185,,Eye Tracker,956.0,53.0,Valid,Valid,Fixation
2022-11-16 15:56:40.144840,,Eye Tracker,955.0,54.0,Valid,Valid,Fixation
2022-11-16 15:56:40.161495,,Eye Tracker,961.0,56.0,Valid,Valid,Fixation
2022-11-16 15:56:40.178150,,Eye Tracker,962.0,50.0,Valid,Valid,Fixation
2022-11-16 15:56:40.194805,,Eye Tracker,961.0,52.0,Valid,Valid,Fixation
2022-11-16 15:56:40.211460,,Eye Tracker,959.0,53.0,Valid,Valid,Fixation
2022-11-16 15:56:40.228114,,Eye Tracker,956.0,54.0,Valid,Valid,Fixation
2022-11-16 15:56:40.244769,,Eye Tracker,971.0,60.0,Valid,Valid,Fixation
2022-11-16 15:56:40.261424,,Eye Tracker,984.0,61.0,Valid,Valid,Fixation
2022-11-16 15:56:40.278078,,Eye Tracker,983.0,63.0,Valid,Valid,Fixation
2022-11-16 15:56:40.294733,,Eye Tracker,985.0,64.0,Valid,Valid,Fixation
2022-11-16 15:56:40.311388,,Eye Tracker,982.0,63.0,Valid,Valid,Fixation
2022-11-16 15:56:40.328043,,Eye Tracker,981.0,64.0,Valid,Valid,Fixation
2022-11-16 15:56:40.344698,,Eye Tracker,982.0,62.0,Valid,Valid,Fixation
2022-11-16 15:56:40.361353,,Eye Tracker,983.0,61.0,Valid,Valid,Fixation
2022-11-16 15:56:40.378007,,Eye Tracker,986.0,63.0,Valid,Valid,Fixation
2022-11-16 15:56:40.394662,,Eye Tracker,980.0,66.0,Valid,Valid,Fixation
2022-11-16 15:56:40.411317,,Eye Tracker,978.0,67.0,Valid,Valid,Fixation
2022-11-16 15:56:40.427972,,Eye Tracker,983.0,66.0,Valid,Valid,Fixation
2022-11-16 15:56:40.444626,,Eye Tracker,984.0,63.0,Valid,Valid,Fixation
2022-11-16 15:56:40.461281,,Eye Tracker,981.0,60.0,Valid,Valid,Fixation
2022-11-16 15:56:40.477936,,Eye Tracker,975.0,58.0,Valid,Valid,Fixation
2022-11-16 15:56:40.494591,,Eye Tracker,969.0,60.0,Valid,Valid,Fixation
2022-11-16 15:56:40.511246,,Eye Tracker,972.0,60.0,Valid,Valid,Fixation
2022-11-16 15:56:40.527901,,Eye Tracker,970.0,58.0,Valid,Valid,Fixation
2022-11-16 15:56:40.544555,,Eye Tracker,971.0,60.0,Valid,Valid,Fixation
2022-11-16 15:56:40.561210,,Eye Tracker,974.0,62.0,Valid,Valid,Fixation
2022-11-16 15:56:40.577865,,Eye Tracker,973.0,61.0,Valid,Valid,Fixation
2022-11-16 15:56:40.594519,,Eye Tracker,974.0,60.0,Valid,Valid,Fixation
2022-11-16 15:56:40.611174,,Eye Tracker,972.0,57.0,Valid,Valid,Fixation
2022-11-16 15:56:40.627829,,Eye Tracker,974.0,55.0,Valid,Valid,Fixation
2022-11-16 15:56:40.644484,,Eye Tracker,972.0,56.0,Valid,Valid,Fixation
2022-11-16 15:56:40.661139,,Eye Tracker,974.0,54.0,Valid,Valid,Fixation
2022-11-16 15:56:40.677794,,Eye Tracker,979.0,54.0,Valid,Valid,Fixation
2022-11-16 15:56:40.694449,,Eye Tracker,974.0,56.0,Valid,Valid,Fixation
2022-11-16 15:56:40.711103,,Eye Tracker,969.0,56.0,Valid,Valid,Fixation
2022-11-16 15:56:40.727758,,Eye Tracker,974.0,53.0,Valid,Valid,Fixation
2022-11-16 15:56:40.744413,,Eye Tracker,978.0,50.0,Valid,Valid,Fixation
2022-11-16 15:56:40.761067,,Eye Tracker,977.0,54.0,Valid,Valid,Fixation
2022-11-16 15:56:40.777722,,Eye Tracker,976.0,57.0,Valid,Valid,Fixation
2022-11-16 15:56:40.794378,,Eye Tracker,978.0,61.0,Valid,Valid,Fixation
2022-11-16 15:56:40.811032,,Eye Tracker,960.0,82.0,Valid,Valid,Saccade
2022-11-16 15:56:40.827687,,Eye Tracker,856.0,119.0,Invalid,Valid,Saccade
2022-11-16 15:56:40.844342,,Eye Tracker,,,Invalid,Invalid,EyesNotFound
2022-11-16 15:56:40.860996,,Eye Tracker,859.0,756.0,Invalid,Valid,Unclassified
2022-11-16 15:56:40.877651,,Eye Tracker,859.0,756.0,Invalid,Valid,Unclassified
2022-11-16 15:56:40.894306,,Eye Tracker,991.0,254.0,Valid,Valid,Saccade
2022-11-16 15:56:40.910960,,Eye Tracker,991.0,212.0,Valid,Valid,Saccade
2022-11-16 15:56:40.927615,,Eye Tracker,969.0,60.0,Valid,Valid,Saccade
2022-11-16 15:56:40.944270,,Eye Tracker,974.0,62.0,Valid,Valid,Fixation
2022-11-16 15:56:40.960926,,Eye Tracker,973.0,62.0,Valid,Valid,Fixation
2022-11-16 15:56:40.977580,,Eye Tracker,968.0,55.0,Valid,Valid,Fixation
2022-11-16 15:56:40.994235,,Eye Tracker,972.0,52.0,Valid,Valid,Fixation
2022-11-16 15:56:41.010890,,Eye Tracker,975.0,54.0,Valid,Valid,Fixation
2022-11-16 15:56:41.027544,,Eye Tracker,977.0,53.0,Valid,Valid,Fixation
2022-11-16 15:56:41.044199,,Eye Tracker,974.0,53.0,Valid,Valid,Fixation
2022-11-16 15:56:41.060854,,Eye Tracker,968.0,55.0,Valid,Valid,Fixation
2022-11-16 15:56:41.077508,,Eye Tracker,967.0,52.0,Valid,Valid,Fixation
2022-11-16 15:56:41.094163,,Eye Tracker,969.0,52.0,Valid,Valid,Fixation
2022-11-16 15:56:41.110819,,Eye Tracker,971.0,53.0,Valid,Valid,Fixation
2022-11-16 15:56:41.127473,,Eye Tracker,972.0,53.0,Valid,Valid,Fixation
2022-11-16 15:56:41.144128,,Eye Tracker,972.0,53.0,Valid,Valid,Fixation
2022-11-16 15:56:41.160783,,Eye Tracker,972.0,55.0,Valid,Valid,Fixation
2022-11-16 15:56:41.177437,,Eye Tracker,969.0,56.0,Valid,Valid,Fixation
2022-11-16 15:56:41.194092,,Eye Tracker,969.0,57.0,Valid,Valid,Fixation
2022-11-16 15:56:41.210747,,Eye Tracker,973.0,53.0,Valid,Valid,Fixation
2022-11-16 15:56:41.227402,,Eye Tracker,971.0,51.0,Valid,Valid,Fixation
2022-11-16 15:56:41.244056,,Eye Tracker,971.0,52.0,Valid,Valid,Fixation
2022-11-16 15:56:41.260712,,Eye Tracker,973.0,51.0,Valid,Valid,Fixation
2022-11-16 15:56:41.277367,,Eye Tracker,971.0,50.0,Valid,Valid,Fixation
2022-11-16 15:56:41.294021,,Eye Tracker,972.0,49.0,Valid,Valid,Fixation
2022-11-16 15:56:41.310676,,Eye Tracker,971.0,52.0,Valid,Valid,Fixation
2022-11-16 15:56:41.327331,,Eye Tracker,967.0,59.0,Valid,Valid,Fixation
2022-11-16 15:56:41.343985,,Eye Tracker,968.0,60.0,Valid,Valid,Fixation
2022-11-16 15:56:41.360640,,Eye Tracker,971.0,59.0,Valid,Valid,Fixation
2022-11-16 15:56:41.377295,,Eye Tracker,969.0,58.0,Valid,Valid,Fixation
2022-11-16 15:56:41.393949,,Eye Tracker,976.0,64.0,Valid,Valid,Fixation
2022-11-16 15:56:41.410604,,Eye Tracker,989.0,70.0,Valid,Valid,Fixation
2022-11-16 15:56:41.427260,,Eye Tracker,985.0,72.0,Valid,Valid,Fixation
2022-11-16 15:56:41.443914,,Eye Tracker,981.0,69.0,Valid,Valid,Fixation
2022-11-16 15:56:41.460569,,Eye Tracker,981.0,67.0,Valid,Valid,Fixation
2022-11-16 15:56:41.477224,,Eye Tracker,981.0,69.0,Valid,Valid,Fixation
2022-11-16 15:56:41.493879,,Eye Tracker,982.0,71.0,Valid,Valid,Fixation
2022-11-16 15:56:41.510533,,Eye Tracker,983.0,72.0,Valid,Valid,Fixation
2022-11-16 15:56:41.527188,,Eye Tracker,981.0,75.0,Valid,Valid,Fixation
2022-11-16 15:56:41.543843,,Eye Tracker,983.0,72.0,Valid,Valid,Fixation
2022-11-16 15:56:41.560497,,Eye Tracker,986.0,63.0,Valid,Valid,Fixation
2022-11-16 15:56:41.577153,,Eye Tracker,985.0,56.0,Valid,Valid,Fixation
2022-11-16 15:56:41.593808,,Eye Tracker,984.0,54.0,Valid,Valid,Fixation
2022-11-16 15:56:41.610462,,Eye Tracker,981.0,62.0,Valid,Valid,Fixation
2022-11-16 15:56:41.627117,,Eye Tracker,981.0,63.0,Valid,Valid,Fixation
2022-11-16 15:56:41.643772,,Eye Tracker,984.0,62.0,Valid,Valid,Fixation
2022-11-16 15:56:41.660426,,Eye Tracker,983.0,65.0,Valid,Valid,Fixation
2022-11-16 15:56:41.677081,,Eye Tracker,982.0,67.0,Valid,Valid,Fixation
2022-11-16 15:56:41.693736,,Eye Tracker,983.0,66.0,Valid,Valid,Fixation
2022-11-16 15:56:41.710390,,Eye Tracker,984.0,66.0,Valid,Valid,Fixation
2022-11-16 15:56:41.727046,,Eye Tracker,983.0,62.0,Valid,Valid,Fixation
2022-11-16 15:56:41.743701,,Eye Tracker,985.0,61.0,Valid,Valid,Fixation
2022-11-16 15:56:41.760356,,Eye Tracker,984.0,64.0,Valid,Valid,Fixation
2022-11-16 15:56:41.777010,,Eye Tracker,986.0,66.0,Valid,Valid,Fixation
2022-11-16 15:56:41.793665,,Eye Tracker,987.0,63.0,Valid,Valid,Fixation
2022-11-16 15:56:41.810320,,Eye Tracker,982.0,58.0,Valid,Valid,Fixation
2022-11-16 15:56:41.826974,,Eye Tracker,980.0,57.0,Valid,Valid,Fixation
2022-11-16 15:56:41.843629,,Eye Tracker,982.0,56.0,Valid,Valid,Fixation
2022-11-16 15:56:41.860284,,Eye Tracker,984.0,57.0,Valid,Valid,Fixation
2022-11-16 15:56:41.876939,,Eye Tracker,984.0,61.0,Valid,Valid,Fixation
2022-11-16 15:56:41.893594,,Eye Tracker,986.0,62.0,Valid,Valid,Fixation
2022-11-16 15:56:41.910249,,Eye Tracker,983.0,62.0,Valid,Valid,Fixation
2022-11-16 15:56:41.926903,,Eye Tracker,981.0,60.0,Valid,Valid,Fixation
2022-11-16 15:56:41.943558,,Eye Tracker,985.0,56.0,Valid,Valid,Fixation
2022-11-16 15:56:41.960213,,Eye Tracker,985.0,52.0,Valid,Valid,Fixation
2022-11-16 15:56:41.976867,,Eye Tracker,983.0,56.0,Valid,Valid,Fixation
2022-11-16 15:56:41.993522,,Eye Tracker,983.0,56.0,Valid,Valid,Fixation
2022-11-16 15:56:42.010177,,Eye Tracker,983.0,55.0,Valid,Valid,Fixation
2022-11-16 15:56:42.026832,,Eye Tracker,985.0,57.0,Valid,Valid,Fixation
2022-11-16 15:56:42.043487,,Eye Tracker,985.0,53.0,Valid,Valid,Fixation
2022-11-16 15:56:42.060142,,Eye Tracker,985.0,53.0,Valid,Valid,Fixation
2022-11-16 15:56:42.076797,,Eye Tracker,985.0,52.0,Valid,Valid,Fixation
2022-11-16 15:56:42.093451,,Eye Tracker,983.0,48.0,Valid,Valid,Fixation
2022-11-16 15:56:42.110106,,Eye Tracker,984.0,44.0,Valid,Valid,Fixation
2022-11-16 15:56:42.126761,,Eye Tracker,984.0,41.0,Valid,Valid,Fixation
2022-11-16 15:56:42.143415,,Eye Tracker,984.0,41.0,Valid,Valid,Fixation
2022-11-16 15:56:42.160070,,Eye Tracker,986.0,47.0,Valid,Valid,Fixation
2022-11-16 15:56:42.176725,,Eye Tracker,984.0,47.0,Valid,Valid,Fixation
2022-11-16 15:56:42.193380,,Eye Tracker,984.0,44.0,Valid,Valid,Fixation
2022-11-16 15:56:42.210035,,Eye Tracker,984.0,42.0,Valid,Valid,Fixation
2022-11-16 15:56:42.226690,,Eye Tracker,983.0,40.0,Valid,Valid,Fixation
2022-11-16 15:56:42.243344,,Eye Tracker,982.0,43.0,Valid,Valid,Fixation
2022-11-16 15:56:42.259999,,Eye Tracker,982.0,46.0,Valid,Valid,Fixation
2022-11-16 15:56:42.276654,,Eye Tracker,982.0,49.0,Valid,Valid,Fixation
2022-11-16 15:56:42.293309,,Eye Tracker,983.0,51.0,Valid,Valid,Fixation
2022-11-16 15:56:42.309963,,Eye Tracker,982.0,49.0,Valid,Valid,Fixation
2022-11-16 15:56:42.326618,,Eye Tracker,982.0,46.0,Valid,Valid,Fixation
2022-11-16 15:56:42.343274,,Eye Tracker,981.0,43.0,Valid,Valid,Fixation
2022-11-16 15:56:42.359928,,Eye Tracker,982.0,44.0,Valid,Valid,Fixation
2022-11-16 15:56:42.376583,,Eye Tracker,983.0,45.0,Valid,Valid,Fixation
2022-11-16 15:56:42.393238,,Eye Tracker,982.0,47.0,Valid,Valid,Fixation
2022-11-16 15:56:42.409892,,Eye Tracker,983.0,50.0,Valid,Valid,Fixation
2022-11-16 15:56:42.426547,,Eye Tracker,984.0,46.0,Valid,Valid,Fixation
2022-11-16 15:56:42.443202,,Eye Tracker,983.0,46.0,Valid,Valid,Fixation
2022-11-16 15:56:42.459856,,Eye Tracker,983.0,47.0,Valid,Valid,Fixation
2022-11-16 15:56:42.476511,,Eye Tracker,982.0,48.0,Valid,Valid,Fixation
2022-11-16 15:56:42.493166,,Eye Tracker,980.0,52.0,Valid,Valid,Fixation
2022-11-16 15:56:42.509821,,Eye Tracker,984.0,53.0,Valid,Valid,Fixation
2022-11-16 15:56:42.526476,,Eye Tracker,983.0,52.0,Valid,Valid,Fixation
2022-11-16 15:56:42.543131,,Eye Tracker,982.0,50.0,Valid,Valid,Fixation
2022-11-16 15:56:42.559786,,Eye Tracker,983.0,50.0,Valid,Valid,Fixation
2022-11-16 15:56:42.576440,,Eye Tracker,982.0,49.0,Valid,Valid,Fixation
2022-11-16 15:56:42.593095,,Eye Tracker,980.0,49.0,Valid,Valid,Fixation
2022-11-16 15:56:42.609750,,Eye Tracker,977.0,49.0,Valid,Valid,Fixation
2022-11-16 15:56:42.626404,,Eye Tracker,980.0,48.0,Valid,Valid,Fixation
2022-11-16 15:56:42.643059,,Eye Tracker,982.0,43.0,Valid,Valid,Fixation
2022-11-16 15:56:42.659715,,Eye Tracker,980.0,45.0,Valid,Valid,Fixation
2022-11-16 15:56:42.676369,,Eye Tracker,981.0,47.0,Valid,Valid,Fixation
2022-11-16 15:56:42.693024,,Eye Tracker,980.0,45.0,Valid,Valid,Fixation
2022-11-16 15:56:42.709679,,Eye Tracker,981.0,44.0,Valid,Valid,Fixation
2022-11-16 15:56:42.726333,,Eye Tracker,982.0,41.0,Valid,Valid,Fixation
2022-11-16 15:56:42.742988,,Eye Tracker,983.0,39.0,Valid,Valid,Fixation
2022-11-16 15:56:42.759643,,Eye Tracker,983.0,41.0,Valid,Valid,Fixation
2022-11-16 15:56:42.776297,,Eye Tracker,980.0,48.0,Valid,Valid,Fixation
2022-11-16 15:56:42.792952,,Eye Tracker,982.0,50.0,Valid,Valid,Fixation
2022-11-16 15:56:42.809608,,Eye Tracker,987.0,51.0,Valid,Valid,Fixation
2022-11-16 15:56:42.826263,,Eye Tracker,986.0,48.0,Valid,Valid,Fixation
2022-11-16 15:56:42.842917,,Eye Tracker,985.0,47.0,Valid,Valid,Fixation
2022-11-16 15:56:42.859572,,Eye Tracker,987.0,48.0,Valid,Valid,Fixation
2022-11-16 15:56:42.876227,,Eye Tracker,975.0,50.0,Valid,Valid,Fixation
2022-11-16 15:56:42.892881,,Eye Tracker,964.0,47.0,Valid,Valid,Fixation
2022-11-16 15:56:42.909536,,Eye Tracker,966.0,41.0,Valid,Valid,Fixation
2022-11-16 15:56:42.926191,,Eye Tracker,968.0,39.0,Valid,Valid,Fixation
2022-11-16 15:56:42.942845,,Eye Tracker,966.0,37.0,Valid,Valid,Fixation
2022-11-16 15:56:42.959500,,Eye Tracker,969.0,39.0,Valid,Valid,Fixation
2022-11-16 15:56:42.976156,,Eye Tracker,968.0,42.0,Valid,Valid,Fixation
2022-11-16 15:56:42.992810,,Eye Tracker,968.0,43.0,Valid,Valid,Fixation
2022-11-16 15:56:43.009465,,Eye Tracker,970.0,47.0,Valid,Valid,Fixation
2022-11-16 15:56:43.026120,,Eye Tracker,970.0,51.0,Valid,Valid,Fixation
2022-11-16 15:56:43.042774,,Eye Tracker,970.0,51.0,Valid,Valid,Fixation
2022-11-16 15:56:43.059429,,Eye Tracker,969.0,51.0,Valid,Valid,Fixation
2022-11-16 15:56:43.076084,,Eye Tracker,968.0,53.0,Valid,Valid,Fixation
2022-11-16 15:56:43.092739,,Eye Tracker,968.0,55.0,Valid,Valid,Fixation
2022-11-16 15:56:43.109393,,Eye Tracker,966.0,60.0,Valid,Valid,Fixation
2022-11-16 15:56:43.126049,,Eye Tracker,963.0,63.0,Valid,Valid,Fixation
2022-11-16 15:56:43.142704,,Eye Tracker,967.0,64.0,Valid,Valid,Fixation
2022-11-16 15:56:43.159358,,Eye Tracker,968.0,62.0,Valid,Valid,Fixation
2022-11-16 15:56:43.176013,,Eye Tracker,966.0,61.0,Valid,Valid,Fixation
2022-11-16 15:56:43.192668,,Eye Tracker,965.0,61.0,Valid,Valid,Fixation
2022-11-16 15:56:43.209322,,Eye Tracker,966.0,60.0,Valid,Valid,Fixation
2022-11-16 15:56:43.225977,,Eye Tracker,969.0,58.0,Valid,Valid,Fixation
2022-11-16 15:56:43.242632,,Eye Tracker,968.0,56.0,Valid,Valid,Fixation
2022-11-16 15:56:43.259286,,Eye Tracker,965.0,56.0,Valid,Valid,Fixation
2022-11-16 15:56:43.275942,,Eye Tracker,966.0,59.0,Valid,Valid,Fixation
2022-11-16 15:56:43.292597,,Eye Tracker,962.0,64.0,Valid,Valid,Fixation
2022-11-16 15:56:43.309251,,Eye Tracker,961.0,68.0,Valid,Valid,Fixation
2022-11-16 15:56:43.325906,,Eye Tracker,967.0,66.0,Valid,Valid,Fixation
2022-11-16 15:56:43.342561,,Eye Tracker,965.0,67.0,Valid,Valid,Fixation
2022-11-16 15:56:43.359216,,Eye Tracker,943.0,97.0,Valid,Valid,Saccade
2022-11-16 15:56:43.375870,,Eye Tracker,935.0,107.0,Valid,Valid,Fixation
2022-11-16 15:56:43.392525,,Eye Tracker,936.0,101.0,Valid,Valid,Fixation
2022-11-16 15:56:43.409180,,Eye Tracker,938.0,99.0,Valid,Valid,Fixation
2022-11-16 15:56:43.425835,,Eye Tracker,939.0,99.0,Valid,Valid,Fixation
2022-11-16 15:56:43.442490,,Eye Tracker,939.0,101.0,Valid,Valid,Fixation
2022-11-16 15:56:43.459145,,Eye Tracker,940.0,102.0,Valid,Valid,Fixation
2022-11-16 15:56:43.475799,,Eye Tracker,939.0,103.0,Valid,Valid,Fixation
2022-11-16 15:56:43.492454,,Eye Tracker,935.0,101.0,Valid,Valid,Fixation
2022-11-16 15:56:43.509109,,Eye Tracker,933.0,100.0,Valid,Valid,Fixation
2022-11-16 15:56:43.525763,,Eye Tracker,934.0,100.0,Valid,Valid,Fixation
2022-11-16 15:56:43.542418,,Eye Tracker,935.0,101.0,Valid,Valid,Fixation
2022-11-16 15:56:43.559073,,Eye Tracker,935.0,99.0,Valid,Valid,Fixation
2022-11-16 15:56:43.575727,,Eye Tracker,934.0,93.0,Valid,Valid,Fixation
2022-11-16 15:56:43.592383,,Eye Tracker,937.0,93.0,Valid,Valid,Fixation
2022-11-16 15:56:43.609038,,Eye Tracker,934.0,97.0,Valid,Valid,Fixation
2022-11-16 15:56:43.625693,,Eye Tracker,931.0,97.0,Valid,Valid,Fixation
2022-11-16 15:56:43.642347,,Eye Tracker,934.0,95.0,Valid,Valid,Fixation
2022-11-16 15:56:43.659002,,Eye Tracker,933.0,96.0,Valid,Valid,Fixation
2022-11-16 15:56:43.675657,,Eye Tracker,932.0,95.0,Valid,Valid,Fixation
2022-11-16 15:56:43.692311,,Eye Tracker,930.0,97.0,Valid,Valid,Fixation
2022-11-16 15:56:43.708966,,Eye Tracker,930.0,99.0,Valid,Valid,Fixation
2022-11-16 15:56:43.725621,,Eye Tracker,930.0,98.0,Valid,Valid,Fixation
2022-11-16 15:56:43.742276,,Eye Tracker,928.0,129.0,Valid,Valid,Saccade
2022-11-16 15:56:43.758931,,Eye Tracker,920.0,217.0,Invalid,Valid,Saccade
2022-11-16 15:56:43.775586,,Eye Tracker,,,Invalid,Invalid,EyesNotFound
2022-11-16 15:56:43.792240,,Eye Tracker,980.0,344.0,Valid,Valid,Unclassified
2022-11-16 15:56:43.808895,,Eye Tracker,977.0,396.0,Valid,Valid,Unclassified
2022-11-16 15:56:43.825550,,Eye Tracker,921.0,190.0,Valid,Valid,Saccade
2022-11-16 15:56:43.842204,,Eye Tracker,918.0,156.0,Valid,Valid,Saccade
2022-11-16 15:56:43.858859,,Eye Tracker,911.0,95.0,Valid,Valid,Saccade
2022-11-16 15:56:43.875514,,Eye Tracker,913.0,97.0,Valid,Valid,Fixation
2022-11-16 15:56:43.892170,,Eye Tracker,913.0,97.0,Valid,Valid,Fixation
2022-11-16 15:56:43.908824,,Eye Tracker,909.0,94.0,Valid,Valid,Fixation
2022-11-16 15:56:43.925479,,Eye Tracker,907.0,95.0,Valid,Valid,Fixation
2022-11-16 15:56:43.942134,,Eye Tracker,908.0,94.0,Valid,Valid,Fixation
2022-11-16 15:56:43.958788,,Eye Tracker,903.0,94.0,Valid,Valid,Fixation
2022-11-16 15:56:43.975443,,Eye Tracker,900.0,93.0,Valid,Valid,Fixation
2022-11-16 15:56:43.992098,,Eye Tracker,903.0,94.0,Valid,Valid,Fixation
2022-11-16 15:56:44.008752,,Eye Tracker,902.0,100.0,Valid,Valid,Fixation
2022-11-16 15:56:44.025407,,Eye Tracker,898.0,97.0,Valid,Valid,Fixation
2022-11-16 15:56:44.042062,,Eye Tracker,897.0,98.0,Valid,Valid,Fixation
2022-11-16 15:56:44.058717,,Eye Tracker,900.0,98.0,Valid,Valid,Fixation
2022-11-16 15:56:44.075372,,Eye Tracker,904.0,95.0,Valid,Valid,Fixation
2022-11-16 15:56:44.092027,,Eye Tracker,900.0,94.0,Valid,Valid,Fixation
2022-11-16 15:56:44.108681,,Eye Tracker,897.0,94.0,Valid,Valid,Fixation
2022-11-16 15:56:44.125336,,Eye Tracker,868.0,91.0,Valid,Valid,Saccade
2022-11-16 15:56:44.141991,,Eye Tracker,851.0,91.0,Valid,Valid,Fixation
2022-11-16 15:56:44.158646,,Eye Tracker,856.0,97.0,Valid,Valid,Fixation
2022-11-16 15:56:44.175300,,Eye Tracker,858.0,97.0,Valid,Valid,Fixation
2022-11-16 15:56:44.191955,,Eye Tracker,860.0,94.0,Valid,Valid,Fixation
2022-11-16 15:56:44.208611,,Eye Tracker,859.0,95.0,Valid,Valid,Fixation
2022-11-16 15:56:44.225265,,Eye Tracker,860.0,91.0,Valid,Valid,Fixation
2022-11-16 15:56:44.241920,,Eye Tracker,863.0,89.0,Valid,Valid,Fixation
2022-11-16 15:56:44.258575,,Eye Tracker,864.0,89.0,Valid,Valid,Fixation
2022-11-16 15:56:44.275229,,Eye Tracker,863.0,90.0,Valid,Valid,Fixation
2022-11-16 15:56:44.291884,,Eye Tracker,861.0,91.0,Valid,Valid,Fixation
2022-11-16 15:56:44.308539,,Eye Tracker,860.0,88.0,Valid,Valid,Fixation
2022-11-16 15:56:44.325193,,Eye Tracker,859.0,82.0,Valid,Valid,Fixation
2022-11-16 15:56:44.341848,,Eye Tracker,862.0,84.0,Valid,Valid,Fixation
2022-11-16 15:56:44.358504,,Eye Tracker,863.0,81.0,Valid,Valid,Fixation
2022-11-16 15:56:44.375158,,Eye Tracker,854.0,76.0,Valid,Valid,Fixation
2022-11-16 15:56:44.391813,,Eye Tracker,855.0,76.0,Valid,Valid,Fixation
2022-11-16 15:56:44.408468,,Eye Tracker,859.0,75.0,Valid,Valid,Fixation
2022-11-16 15:56:44.425123,,Eye Tracker,860.0,77.0,Valid,Valid,Fixation
2022-11-16 15:56:44.441777,,Eye Tracker,861.0,81.0,Valid,Valid,Fixation
2022-11-16 15:56:44.458432,,Eye Tracker,859.0,80.0,Valid,Valid,Fixation
2022-11-16 15:56:44.475087,,Eye Tracker,857.0,78.0,Valid,Valid,Fixation
2022-11-16 15:56:44.491741,,Eye Tracker,856.0,76.0,Valid,Valid,Fixation
2022-11-16 15:56:44.508396,,Eye Tracker,855.0,74.0,Valid,Valid,Fixation
2022-11-16 15:56:44.525052,,Eye Tracker,856.0,73.0,Valid,Valid,Fixation
2022-11-16 15:56:44.541706,,Eye Tracker,858.0,72.0,Valid,Valid,Fixation
2022-11-16 15:56:44.558361,,Eye Tracker,858.0,70.0,Valid,Valid,Fixation
2022-11-16 15:56:44.575016,,Eye Tracker,859.0,73.0,Valid,Valid,Fixation
2022-11-16 15:56:44.591670,,Eye Tracker,859.0,69.0,Valid,Valid,Fixation
2022-11-16 15:56:44.608325,,Eye Tracker,856.0,65.0,Valid,Valid,Fixation
2022-11-16 15:56:44.624980,,Eye Tracker,856.0,67.0,Valid,Valid,Fixation
2022-11-16 15:56:44.641634,,Eye Tracker,857.0,67.0,Valid,Valid,Fixation
2022-11-16 15:56:44.658289,,Eye Tracker,855.0,63.0,Valid,Valid,Fixation
2022-11-16 15:56:44.674945,,Eye Tracker,857.0,64.0,Valid,Valid,Fixation
2022-11-16 15:56:44.691600,,Eye Tracker,859.0,66.0,Valid,Valid,Fixation
2022-11-16 15:56:44.708254,,Eye Tracker,858.0,70.0,Valid,Valid,Fixation
2022-11-16 15:56:44.724909,,Eye Tracker,855.0,69.0,Valid,Valid,Fixation
2022-11-16 15:56:44.741564,,Eye Tracker,853.0,71.0,Valid,Valid,Fixation
2022-11-16 15:56:44.758218,,Eye Tracker,855.0,71.0,Valid,Valid,Fixation
2022-11-16 15:56:44.774873,,Eye Tracker,855.0,67.0,Valid,Valid,Fixation
2022-11-16 15:56:44.791528,,Eye Tracker,853.0,68.0,Valid,Valid,Fixation
2022-11-16 15:56:44.808182,,Eye Tracker,845.0,62.0,Valid,Valid,Fixation
2022-11-16 15:56:44.824838,,Eye Tracker,847.0,65.0,Valid,Valid,Fixation
2022-11-16 15:56:44.841493,,Eye Tracker,856.0,75.0,Valid,Valid,Fixation
2022-11-16 15:56:44.858147,,Eye Tracker,855.0,72.0,Valid,Valid,Fixation
2022-11-16 15:56:44.874802,,Eye Tracker,854.0,68.0,Valid,Valid,Fixation
2022-11-16 15:56:44.891457,,Eye Tracker,854.0,68.0,Valid,Valid,Fixation
2022-11-16 15:56:44.908111,,Eye Tracker,852.0,66.0,Valid,Valid,Fixation
2022-11-16 15:56:44.924766,,Eye Tracker,853.0,67.0,Valid,Valid,Fixation
2022-11-16 15:56:44.941421,,Eye Tracker,842.0,74.0,Valid,Valid,Fixation
2022-11-16 15:56:44.958076,,Eye Tracker,822.0,82.0,Valid,Valid,Fixation
2022-11-16 15:56:44.974730,,Eye Tracker,814.0,84.0,Valid,Valid,Fixation
2022-11-16 15:56:44.991386,,Eye Tracker,808.0,84.0,Valid,Valid,Fixation
2022-11-16 15:56:45.008041,,Eye Tracker,810.0,86.0,Valid,Valid,Fixation
2022-11-16 15:56:45.024695,,Eye Tracker,812.0,82.0,Valid,Valid,Fixation
2022-11-16 15:56:45.041350,,Eye Tracker,811.0,82.0,Valid,Valid,Fixation
2022-11-16 15:56:45.058005,,Eye Tracker,811.0,78.0,Valid,Valid,Fixation
2022-11-16 15:56:45.074659,,Eye Tracker,803.0,70.0,Valid,Valid,Fixation
2022-11-16 15:56:45.091314,,Eye Tracker,802.0,71.0,Valid,Valid,Fixation
2022-11-16 15:56:45.107969,,Eye Tracker,811.0,77.0,Valid,Valid,Fixation
2022-11-16 15:56:45.124623,,Eye Tracker,814.0,82.0,Valid,Valid,Fixation
2022-11-16 15:56:45.141279,,Eye Tracker,808.0,82.0,Valid,Valid,Fixation
2022-11-16 15:56:45.157934,,Eye Tracker,803.0,78.0,Valid,Valid,Fixation
2022-11-16 15:56:45.174588,,Eye Tracker,804.0,79.0,Valid,Valid,Fixation
2022-11-16 15:56:45.191243,,Eye Tracker,809.0,80.0,Valid,Valid,Fixation
2022-11-16 15:56:45.207898,,Eye Tracker,806.0,71.0,Valid,Valid,Fixation
2022-11-16 15:56:45.224553,,Eye Tracker,803.0,76.0,Valid,Valid,Fixation
2022-11-16 15:56:45.241207,,Eye Tracker,808.0,83.0,Valid,Valid,Fixation
2022-11-16 15:56:45.257862,,Eye Tracker,809.0,74.0,Valid,Valid,Fixation
2022-11-16 15:56:45.274517,,Eye Tracker,809.0,71.0,Valid,Valid,Fixation
2022-11-16 15:56:45.291172,,Eye Tracker,811.0,74.0,Valid,Valid,Fixation
2022-11-16 15:56:45.307827,,Eye Tracker,813.0,68.0,Valid,Valid,Fixation
2022-11-16 15:56:45.324482,,Eye Tracker,809.0,67.0,Valid,Valid,Fixation
2022-11-16 15:56:45.341136,,Eye Tracker,809.0,68.0,Valid,Valid,Fixation
2022-11-16 15:56:45.357791,,Eye Tracker,809.0,67.0,Valid,Valid,Fixation
2022-11-16 15:56:45.374446,,Eye Tracker,800.0,67.0,Valid,Valid,Fixation
2022-11-16 15:56:45.391100,,Eye Tracker,801.0,67.0,Valid,Valid,Fixation
2022-11-16 15:56:45.407755,,Eye Tracker,796.0,103.0,Valid,Valid,Saccade
2022-11-16 15:56:45.424410,,Eye Tracker,817.0,217.0,Valid,Valid,Saccade
2022-11-16 15:56:45.441065,,Eye Tracker,887.0,377.0,Valid,Valid,Saccade
2022-11-16 15:56:45.457719,,Eye Tracker,911.0,366.0,Valid,Valid,Saccade
2022-11-16 15:56:45.474374,,Eye Tracker,911.0,366.0,Valid,Valid,Unclassified
2022-11-16 15:56:45.491029,,Eye Tracker,769.0,190.0,Valid,Valid,Saccade
2022-11-16 15:56:45.507683,,Eye Tracker,768.0,179.0,Valid,Valid,Unclassified
2022-11-16 15:56:45.524339,,Eye Tracker,762.0,97.0,Valid,Valid,Saccade
2022-11-16 15:56:45.540994,,Eye Tracker,759.0,90.0,Valid,Valid,Fixation
2022-11-16 15:56:45.557648,,Eye Tracker,758.0,95.0,Valid,Valid,Fixation
2022-11-16 15:56:45.574303,,Eye Tracker,760.0,95.0,Valid,Valid,Fixation
2022-11-16 15:56:45.590958,,Eye Tracker,762.0,99.0,Valid,Valid,Fixation
2022-11-16 15:56:45.607612,,Eye Tracker,767.0,101.0,Valid,Valid,Fixation
2022-11-16 15:56:45.624267,,Eye Tracker,768.0,102.0,Valid,Valid,Fixation
2022-11-16 15:56:45.640922,,Eye Tracker,769.0,106.0,Valid,Valid,Fixation
2022-11-16 15:56:45.657576,,Eye Tracker,769.0,107.0,Valid,Valid,Fixation
2022-11-16 15:56:45.674231,,Eye Tracker,766.0,108.0,Valid,Valid,Fixation
2022-11-16 15:56:45.690887,,Eye Tracker,765.0,110.0,Valid,Valid,Fixation
2022-11-16 15:56:45.707541,,Eye Tracker,762.0,110.0,Valid,Valid,Fixation
2022-11-16 15:56:45.724196,,Eye Tracker,764.0,112.0,Valid,Valid,Fixation
2022-11-16 15:56:45.740851,,Eye Tracker,769.0,115.0,Valid,Valid,Fixation
2022-11-16 15:56:45.757506,,Eye Tracker,769.0,116.0,Valid,Valid,Fixation
2022-11-16 15:56:45.774160,,Eye Tracker,764.0,111.0,Valid,Valid,Fixation
2022-11-16 15:56:45.790815,,Eye Tracker,763.0,114.0,Valid,Valid,Fixation
2022-11-16 15:56:45.807470,,Eye Tracker,768.0,116.0,Valid,Valid,Fixation
2022-11-16 15:56:45.824124,,Eye Tracker,773.0,116.0,Valid,Valid,Fixation
2022-11-16 15:56:45.840780,,Eye Tracker,792.0,134.0,Valid,Valid,Saccade
2022-11-16 15:56:45.857435,,Eye Tracker,804.0,137.0,Valid,Valid,Fixation
2022-11-16 15:56:45.874088,,Eye Tracker,801.0,133.0,Valid,Valid,Fixation
2022-11-16 15:56:45.890744,,Eye Tracker,799.0,130.0,Valid,Valid,Fixation
2022-11-16 15:56:45.907399,,Eye Tracker,806.0,126.0,Valid,Valid,Fixation
2022-11-16 15:56:45.924053,,Eye Tracker,810.0,124.0,Valid,Valid,Fixation
2022-11-16 15:56:45.940708,,Eye Tracker,808.0,128.0,Valid,Valid,Fixation
2022-11-16 15:56:45.957363,,Eye Tracker,804.0,130.0,Valid,Valid,Fixation
2022-11-16 15:56:45.974017,,Eye Tracker,806.0,132.0,Valid,Valid,Fixation
2022-11-16 15:56:45.990672,,Eye Tracker,808.0,131.0,Valid,Valid,Fixation
2022-11-16 15:56:46.007327,,Eye Tracker,808.0,132.0,Valid,Valid,Fixation
2022-11-16 15:56:46.023983,,Eye Tracker,809.0,132.0,Valid,Valid,Fixation
2022-11-16 15:56:46.040637,,Eye Tracker,805.0,126.0,Valid,Valid,Fixation
2022-11-16 15:56:46.057292,,Eye Tracker,806.0,125.0,Valid,Valid,Fixation
2022-11-16 15:56:46.073947,,Eye Tracker,807.0,123.0,Valid,Valid,Fixation
2022-11-16 15:56:46.090601,,Eye Tracker,807.0,124.0,Valid,Valid,Fixation
2022-11-16 15:56:46.107256,,Eye Tracker,807.0,130.0,Valid,Valid,Fixation
2022-11-16 15:56:46.123911,,Eye Tracker,808.0,130.0,Valid,Valid,Fixation
2022-11-16 15:56:46.140565,,Eye Tracker,797.0,115.0,Valid,Valid,Fixation
2022-11-16 15:56:46.157221,,Eye Tracker,790.0,109.0,Valid,Valid,Fixation
2022-11-16 15:56:46.173876,,Eye Tracker,790.0,109.0,Valid,Valid,Fixation
2022-11-16 15:56:46.190530,,Eye Tracker,787.0,111.0,Valid,Valid,Fixation
2022-11-16 15:56:46.207185,,Eye Tracker,785.0,115.0,Valid,Valid,Fixation
2022-11-16 15:56:46.223840,,Eye Tracker,789.0,115.0,Valid,Valid,Fixation
2022-11-16 15:56:46.240494,,Eye Tracker,789.0,111.0,Valid,Valid,Fixation
2022-11-16 15:56:46.257149,,Eye Tracker,787.0,113.0,Valid,Valid,Fixation
2022-11-16 15:56:46.273804,,Eye Tracker,787.0,119.0,Valid,Valid,Fixation
2022-11-16 15:56:46.290459,,Eye Tracker,788.0,115.0,Valid,Valid,Fixation
2022-11-16 15:56:46.307113,,Eye Tracker,788.0,112.0,Valid,Valid,Fixation
2022-11-16 15:56:46.323769,,Eye Tracker,789.0,113.0,Valid,Valid,Fixation
2022-11-16 15:56:46.340424,,Eye Tracker,787.0,112.0,Valid,Valid,Fixation
2022-11-16 15:56:46.357078,,Eye Tracker,786.0,109.0,Valid,Valid,Fixation
2022-11-16 15:56:46.373733,,Eye Tracker,790.0,109.0,Valid,Valid,Fixation
2022-11-16 15:56:46.390388,,Eye Tracker,793.0,112.0,Valid,Valid,Fixation
2022-11-16 15:56:46.407042,,Eye Tracker,787.0,111.0,Valid,Valid,Fixation
2022-11-16 15:56:46.423697,,Eye Tracker,785.0,111.0,Valid,Valid,Fixation
2022-11-16 15:56:46.440352,,Eye Tracker,783.0,110.0,Valid,Valid,Fixation
2022-11-16 15:56:46.457006,,Eye Tracker,779.0,110.0,Valid,Valid,Fixation
2022-11-16 15:56:46.473662,,Eye Tracker,784.0,112.0,Valid,Valid,Fixation
2022-11-16 15:56:46.490317,,Eye Tracker,785.0,108.0,Valid,Valid,Fixation
2022-11-16 15:56:46.506971,,Eye Tracker,782.0,112.0,Valid,Valid,Fixation
2022-11-16 15:56:46.523625,,Eye Tracker,781.0,115.0,Valid,Valid,Fixation
2022-11-16 15:56:46.540281,,Eye Tracker,774.0,107.0,Valid,Valid,Fixation
2022-11-16 15:56:46.556936,,Eye Tracker,778.0,106.0,Valid,Valid,Fixation
2022-11-16 15:56:46.573590,,Eye Tracker,784.0,109.0,Valid,Valid,Fixation
2022-11-16 15:56:46.590245,,Eye Tracker,786.0,108.0,Valid,Valid,Fixation
2022-11-16 15:56:46.606900,,Eye Tracker,786.0,111.0,Valid,Valid,Fixation
2022-11-16 15:56:46.623554,,Eye Tracker,788.0,112.0,Valid,Valid,Fixation
2022-11-16 15:56:46.640209,,Eye Tracker,788.0,111.0,Valid,Valid,Fixation
2022-11-16 15:56:46.656865,,Eye Tracker,790.0,114.0,Valid,Valid,Fixation
2022-11-16 15:56:46.673519,,Eye Tracker,792.0,119.0,Valid,Valid,Fixation
2022-11-16 15:56:46.690174,,Eye Tracker,790.0,125.0,Valid,Valid,Fixation
2022-11-16 15:56:46.706829,,Eye Tracker,791.0,125.0,Valid,Valid,Fixation
2022-11-16 15:56:46.723483,,Eye Tracker,791.0,123.0,Valid,Valid,Fixation
2022-11-16 15:56:46.740138,,Eye Tracker,794.0,123.0,Valid,Valid,Fixation
2022-11-16 15:56:46.756793,,Eye Tracker,792.0,125.0,Valid,Valid,Fixation
2022-11-16 15:56:46.773448,,Eye Tracker,787.0,129.0,Valid,Valid,Fixation
2022-11-16 15:56:46.790103,,Eye Tracker,790.0,128.0,Valid,Valid,Fixation
2022-11-16 15:56:46.806758,,Eye Tracker,797.0,131.0,Valid,Valid,Fixation
2022-11-16 15:56:46.823413,,Eye Tracker,795.0,135.0,Valid,Valid,Fixation
2022-11-16 15:56:46.840067,,Eye Tracker,794.0,138.0,Valid,Valid,Fixation
2022-11-16 15:56:46.856722,,Eye Tracker,795.0,136.0,Valid,Valid,Fixation
2022-11-16 15:56:46.873377,,Eye Tracker,797.0,135.0,Valid,Valid,Fixation
2022-11-16 15:56:46.890031,,Eye Tracker,797.0,135.0,Valid,Valid,Fixation
2022-11-16 15:56:46.906686,,Eye Tracker,796.0,140.0,Valid,Valid,Fixation
2022-11-16 15:56:46.923341,,Eye Tracker,799.0,142.0,Valid,Valid,Fixation
2022-11-16 15:56:46.939995,,Eye Tracker,800.0,139.0,Valid,Valid,Fixation
2022-11-16 15:56:46.956651,,Eye Tracker,798.0,136.0,Valid,Valid,Fixation
2022-11-16 15:56:46.973306,,Eye Tracker,799.0,134.0,Valid,Valid,Fixation
2022-11-16 15:56:46.989960,,Eye Tracker,796.0,137.0,Valid,Valid,Fixation
2022-11-16 15:56:47.006615,,Eye Tracker,799.0,140.0,Valid,Valid,Fixation
2022-11-16 15:56:47.023270,,Eye Tracker,802.0,139.0,Valid,Valid,Fixation
2022-11-16 15:56:47.039924,,Eye Tracker,801.0,136.0,Valid,Valid,Fixation
2022-11-16 15:56:47.056579,,Eye Tracker,800.0,137.0,Valid,Valid,Fixation
2022-11-16 15:56:47.073234,,Eye Tracker,802.0,139.0,Valid,Valid,Fixation
2022-11-16 15:56:47.089889,,Eye Tracker,803.0,140.0,Valid,Valid,Fixation
2022-11-16 15:56:47.106544,,Eye Tracker,799.0,138.0,Valid,Valid,Fixation
2022-11-16 15:56:47.123199,,Eye Tracker,799.0,137.0,Valid,Valid,Fixation
2022-11-16 15:56:47.139854,,Eye Tracker,800.0,142.0,Valid,Valid,Fixation
2022-11-16 15:56:47.156508,,Eye Tracker,799.0,138.0,Valid,Valid,Fixation
2022-11-16 15:56:47.173163,,Eye Tracker,788.0,139.0,Valid,Valid,Fixation
2022-11-16 15:56:47.189818,,Eye Tracker,774.0,150.0,Valid,Valid,Fixation
2022-11-16 15:56:47.206472,,Eye Tracker,771.0,154.0,Valid,Valid,Fixation
2022-11-16 15:56:47.223127,,Eye Tracker,773.0,152.0,Valid,Valid,Fixation
2022-11-16 15:56:47.239782,,Eye Tracker,779.0,152.0,Valid,Valid,Fixation
2022-11-16 15:56:47.256437,,Eye Tracker,776.0,153.0,Valid,Valid,Fixation
2022-11-16 15:56:47.273091,,Eye Tracker,774.0,147.0,Valid,Valid,Fixation
2022-11-16 15:56:47.289747,,Eye Tracker,775.0,144.0,Valid,Valid,Fixation
2022-11-16 15:56:47.306401,,Eye Tracker,771.0,144.0,Valid,Valid,Fixation
2022-11-16 15:56:47.323056,,Eye Tracker,771.0,139.0,Valid,Valid,Fixation
2022-11-16 15:56:47.339711,,Eye Tracker,772.0,136.0,Valid,Valid,Fixation
2022-11-16 15:56:47.356366,,Eye Tracker,773.0,135.0,Valid,Valid,Fixation
2022-11-16 15:56:47.373020,,Eye Tracker,775.0,134.0,Valid,Valid,Fixation
2022-11-16 15:56:47.389675,,Eye Tracker,775.0,131.0,Valid,Valid,Fixation
2022-11-16 15:56:47.406330,,Eye Tracker,773.0,132.0,Valid,Valid,Fixation
2022-11-16 15:56:47.422985,,Eye Tracker,776.0,133.0,Valid,Valid,Fixation
2022-11-16 15:56:47.439640,,Eye Tracker,774.0,134.0,Valid,Valid,Fixation
2022-11-16 15:56:47.456295,,Eye Tracker,779.0,135.0,Valid,Valid,Fixation
2022-11-16 15:56:47.472949,,Eye Tracker,782.0,128.0,Valid,Valid,Fixation
2022-11-16 15:56:47.489604,,Eye Tracker,780.0,124.0,Valid,Valid,Fixation
2022-11-16 15:56:47.506259,,Eye Tracker,785.0,133.0,Valid,Valid,Fixation
2022-11-16 15:56:47.522913,,Eye Tracker,765.0,222.0,Valid,Valid,Saccade
2022-11-16 15:56:47.539568,,Eye Tracker,725.0,344.0,Valid,Valid,Saccade
2022-11-16 15:56:47.556223,,Eye Tracker,,,Invalid,Invalid,EyesNotFound
2022-11-16 15:56:47.572878,,Eye Tracker,,,Invalid,Invalid,EyesNotFound
2022-11-16 15:56:47.589533,,Eye Tracker,677.0,498.0,Valid,Valid,Unclassified
2022-11-16 15:56:47.606188,,Eye Tracker,677.0,498.0,Valid,Valid,Unclassified
2022-11-16 15:56:47.622843,,Eye Tracker,764.0,189.0,Valid,Valid,Saccade
2022-11-16 15:56:47.639497,,Eye Tracker,764.0,193.0,Valid,Valid,Unclassified
2022-11-16 15:56:47.656152,,Eye Tracker,763.0,137.0,Valid,Valid,Saccade
2022-11-16 15:56:47.672807,,Eye Tracker,758.0,118.0,Valid,Valid,Fixation
2022-11-16 15:56:47.689461,,Eye Tracker,758.0,121.0,Valid,Valid,Fixation
2022-11-16 15:56:47.706116,,Eye Tracker,760.0,127.0,Valid,Valid,Fixation
2022-11-16 15:56:47.722771,,Eye Tracker,763.0,134.0,Valid,Valid,Fixation
2022-11-16 15:56:47.739426,,Eye Tracker,759.0,131.0,Valid,Valid,Fixation
2022-11-16 15:56:47.756081,,Eye Tracker,763.0,130.0,Valid,Valid,Fixation
2022-11-16 15:56:47.772736,,Eye Tracker,760.0,124.0,Valid,Valid,Fixation
2022-11-16 15:56:47.789390,,Eye Tracker,759.0,123.0,Valid,Valid,Fixation
2022-11-16 15:56:47.806045,,Eye Tracker,766.0,136.0,Valid,Valid,Fixation
2022-11-16 15:56:47.822700,,Eye Tracker,766.0,140.0,Valid,Valid,Fixation
2022-11-16 15:56:47.839354,,Eye Tracker,776.0,150.0,Valid,Valid,Fixation
2022-11-16 15:56:47.856009,,Eye Tracker,773.0,152.0,Valid,Valid,Fixation
2022-11-16 15:56:47.872664,,Eye Tracker,771.0,150.0,Valid,Valid,Fixation
2022-11-16 15:56:47.889320,,Eye Tracker,772.0,146.0,Valid,Valid,Fixation
2022-11-16 15:56:47.905974,,Eye Tracker,772.0,149.0,Valid,Valid,Fixation
2022-11-16 15:56:47.922629,,Eye Tracker,779.0,142.0,Valid,Valid,Fixation
2022-11-16 15:56:47.939284,,Eye Tracker,775.0,137.0,Valid,Valid,Fixation
2022-11-16 15:56:47.955938,,Eye Tracker,777.0,144.0,Valid,Valid,Fixation
2022-11-16 15:56:47.972593,,Eye Tracker,778.0,148.0,Valid,Valid,Fixation
2022-11-16 15:56:47.989248,,Eye Tracker,777.0,151.0,Valid,Valid,Fixation
2022-11-16 15:56:48.005902,,Eye Tracker,779.0,149.0,Valid,Valid,Fixation
2022-11-16 15:56:48.022557,,Eye Tracker,776.0,147.0,Valid,Valid,Fixation
2022-11-16 15:56:48.039212,,Eye Tracker,775.0,141.0,Valid,Valid,Fixation
2022-11-16 15:56:48.055867,,Eye Tracker,778.0,138.0,Valid,Valid,Fixation
2022-11-16 15:56:48.072522,,Eye Tracker,776.0,134.0,Valid,Valid,Fixation
2022-11-16 15:56:48.089177,,Eye Tracker,776.0,131.0,Valid,Valid,Fixation
2022-11-16 15:56:48.105831,,Eye Tracker,779.0,140.0,Valid,Valid,Fixation
2022-11-16 15:56:48.122486,,Eye Tracker,784.0,141.0,Valid,Valid,Fixation
2022-11-16 15:56:48.139141,,Eye Tracker,777.0,137.0,Valid,Valid,Fixation
2022-11-16 15:56:48.155796,,Eye Tracker,770.0,137.0,Valid,Valid,Fixation
2022-11-16 15:56:48.172450,,Eye Tracker,776.0,132.0,Valid,Valid,Fixation
2022-11-16 15:56:48.189105,,Eye Tracker,783.0,132.0,Valid,Valid,Fixation
2022-11-16 15:56:48.205761,,Eye Tracker,780.0,136.0,Valid,Valid,Fixation
2022-11-16 15:56:48.222415,,Eye Tracker,777.0,135.0,Valid,Valid,Fixation
2022-11-16 15:56:48.239070,,Eye Tracker,770.0,128.0,Valid,Valid,Fixation
2022-11-16 15:56:48.255725,,Eye Tracker,773.0,130.0,Valid,Valid,Fixation
2022-11-16 15:56:48.272379,,Eye Tracker,778.0,122.0,Valid,Valid,Fixation
2022-11-16 15:56:48.289034,,Eye Tracker,778.0,127.0,Valid,Valid,Fixation
2022-11-16 15:56:48.305689,,Eye Tracker,780.0,132.0,Valid,Valid,Fixation
2022-11-16 15:56:48.322343,,Eye Tracker,781.0,131.0,Valid,Valid,Fixation
2022-11-16 15:56:48.338998,,Eye Tracker,775.0,127.0,Valid,Valid,Fixation
2022-11-16 15:56:48.355653,,Eye Tracker,777.0,125.0,Valid,Valid,Fixation
2022-11-16 15:56:48.372309,,Eye Tracker,766.0,117.0,Valid,Valid,Fixation
2022-11-16 15:56:48.388963,,Eye Tracker,766.0,118.0,Valid,Valid,Fixation
2022-11-16 15:56:48.405618,,Eye Tracker,775.0,130.0,Valid,Valid,Fixation
2022-11-16 15:56:48.422273,,Eye Tracker,779.0,135.0,Valid,Valid,Fixation
2022-11-16 15:56:48.438927,,Eye Tracker,772.0,129.0,Valid,Valid,Fixation
2022-11-16 15:56:48.455582,,Eye Tracker,767.0,132.0,Valid,Valid,Fixation
2022-11-16 15:56:48.472237,,Eye Tracker,773.0,142.0,Valid,Valid,Fixation
2022-11-16 15:56:48.488891,,Eye Tracker,774.0,146.0,Valid,Valid,Fixation
2022-11-16 15:56:48.505546,,Eye Tracker,778.0,149.0,Valid,Valid,Fixation
2022-11-16 15:56:48.522202,,Eye Tracker,777.0,151.0,Valid,Valid,Fixation
2022-11-16 15:56:48.538856,,Eye Tracker,773.0,153.0,Valid,Valid,Fixation
2022-11-16 15:56:48.555511,,Eye Tracker,780.0,157.0,Valid,Valid,Fixation
2022-11-16 15:56:48.572166,,Eye Tracker,794.0,173.0,Valid,Valid,Fixation
2022-11-16 15:56:48.588820,,Eye Tracker,791.0,160.0,Valid,Valid,Fixation
2022-11-16 15:56:48.605475,,Eye Tracker,792.0,166.0,Valid,Valid,Fixation
2022-11-16 15:56:48.622130,,Eye Tracker,,,Invalid,Invalid,EyesNotFound
2022-11-16 15:56:48.638784,,Eye Tracker,,,Invalid,Invalid,EyesNotFound
2022-11-16 15:56:48.655439,,Eye Tracker,,,Invalid,Invalid,EyesNotFound
2022-11-16 15:56:48.672094,,Eye Tracker,605.0,652.0,Valid,Invalid,Unclassified
2022-11-16 15:56:48.688750,,Eye Tracker,605.0,652.0,Valid,Invalid,Unclassified
2022-11-16 15:56:48.705404,,Eye Tracker,784.0,204.0,Valid,Invalid,Saccade
2022-11-16 15:56:48.722059,,Eye Tracker,793.0,256.0,Valid,Valid,Saccade
2022-11-16 15:56:48.738714,,Eye Tracker,790.0,280.0,Valid,Valid,Unclassified
2022-11-16 15:56:48.755368,,Eye Tracker,784.0,188.0,Valid,Valid,Saccade
2022-11-16 15:56:48.772023,,Eye Tracker,795.0,191.0,Valid,Valid,Fixation
2022-11-16 15:56:48.788678,,Eye Tracker,791.0,189.0,Valid,Valid,Fixation
2022-11-16 15:56:48.805332,,Eye Tracker,784.0,189.0,Valid,Valid,Fixation
2022-11-16 15:56:48.821987,,Eye Tracker,791.0,186.0,Valid,Valid,Fixation
2022-11-16 15:56:48.838643,,Eye Tracker,793.0,178.0,Valid,Valid,Fixation
2022-11-16 15:56:48.855297,,Eye Tracker,790.0,175.0,Valid,Valid,Fixation
2022-11-16 15:56:48.871952,,Eye Tracker,791.0,177.0,Valid,Valid,Fixation
2022-11-16 15:56:48.888607,,Eye Tracker,788.0,177.0,Valid,Valid,Fixation
2022-11-16 15:56:48.905261,,Eye Tracker,785.0,171.0,Valid,Valid,Fixation
2022-11-16 15:56:48.921916,,Eye Tracker,786.0,168.0,Valid,Valid,Fixation
2022-11-16 15:56:48.938571,,Eye Tracker,795.0,172.0,Valid,Valid,Fixation
2022-11-16 15:56:48.955226,,Eye Tracker,798.0,171.0,Valid,Valid,Fixation
2022-11-16 15:56:48.971880,,Eye Tracker,792.0,167.0,Valid,Valid,Fixation
2022-11-16 15:56:48.988535,,Eye Tracker,783.0,168.0,Valid,Valid,Fixation
2022-11-16 15:56:49.005191,,Eye Tracker,779.0,170.0,Valid,Valid,Fixation
2022-11-16 15:56:49.021845,,Eye Tracker,780.0,169.0,Valid,Valid,Fixation
2022-11-16 15:56:49.038500,,Eye Tracker,775.0,171.0,Valid,Valid,Fixation
2022-11-16 15:56:49.055155,,Eye Tracker,771.0,170.0,Valid,Valid,Fixation
2022-11-16 15:56:49.071809,,Eye Tracker,769.0,167.0,Valid,Valid,Fixation
2022-11-16 15:56:49.088464,,Eye Tracker,769.0,167.0,Valid,Valid,Fixation
2022-11-16 15:56:49.105119,,Eye Tracker,767.0,168.0,Valid,Valid,Fixation
2022-11-16 15:56:49.121773,,Eye Tracker,766.0,166.0,Valid,Valid,Fixation
2022-11-16 15:56:49.138428,,Eye Tracker,770.0,161.0,Valid,Valid,Fixation
2022-11-16 15:56:49.155084,,Eye Tracker,770.0,161.0,Valid,Valid,Fixation
2022-11-16 15:56:49.171738,,Eye Tracker,769.0,164.0,Valid,Valid,Fixation
2022-11-16 15:56:49.188393,,Eye Tracker,774.0,159.0,Valid,Valid,Fixation
2022-11-16 15:56:49.205048,,Eye Tracker,770.0,155.0,Valid,Valid,Fixation
2022-11-16 15:56:49.221703,,Eye Tracker,769.0,158.0,Valid,Valid,Fixation
2022-11-16 15:56:49.238357,,Eye Tracker,768.0,155.0,Valid,Valid,Fixation
2022-11-16 15:56:49.255012,,Eye Tracker,771.0,153.0,Valid,Valid,Fixation
2022-11-16 15:56:49.271667,,Eye Tracker,773.0,152.0,Valid,Valid,Fixation
2022-11-16 15:56:49.288321,,Eye Tracker,768.0,150.0,Valid,Valid,Fixation
2022-11-16 15:56:49.304977,,Eye Tracker,769.0,150.0,Valid,Valid,Fixation
2022-11-16 15:56:49.321632,,Eye Tracker,771.0,151.0,Valid,Valid,Fixation
2022-11-16 15:56:49.338286,,Eye Tracker,772.0,149.0,Valid,Valid,Fixation
2022-11-16 15:56:49.354941,,Eye Tracker,770.0,147.0,Valid,Valid,Fixation
2022-11-16 15:56:49.371596,,Eye Tracker,772.0,150.0,Valid,Valid,Fixation
2022-11-16 15:56:49.388250,,Eye Tracker,769.0,148.0,Valid,Valid,Fixation
2022-11-16 15:56:49.404905,,Eye Tracker,771.0,140.0,Valid,Valid,Fixation
2022-11-16 15:56:49.421560,,Eye Tracker,773.0,137.0,Valid,Valid,Fixation
2022-11-16 15:56:49.438214,,Eye Tracker,771.0,146.0,Valid,Valid,Fixation
2022-11-16 15:56:49.454869,,Eye Tracker,768.0,145.0,Valid,Valid,Fixation
2022-11-16 15:56:49.471525,,Eye Tracker,762.0,144.0,Valid,Valid,Fixation
2022-11-16 15:56:49.488180,,Eye Tracker,762.0,146.0,Valid,Valid,Fixation
2022-11-16 15:56:49.504834,,Eye Tracker,763.0,143.0,Valid,Valid,Fixation
2022-11-16 15:56:49.521489,,Eye Tracker,761.0,141.0,Valid,Valid,Fixation
2022-11-16 15:56:49.538144,,Eye Tracker,759.0,144.0,Valid,Valid,Fixation
2022-11-16 15:56:49.554798,,Eye Tracker,761.0,146.0,Valid,Valid,Fixation
2022-11-16 15:56:49.571453,,Eye Tracker,763.0,144.0,Valid,Valid,Fixation
2022-11-16 15:56:49.588108,,Eye Tracker,764.0,146.0,Valid,Valid,Fixation
2022-11-16 15:56:49.604762,,Eye Tracker,768.0,146.0,Valid,Valid,Fixation
2022-11-16 15:56:49.621418,,Eye Tracker,769.0,147.0,Valid,Valid,Fixation
2022-11-16 15:56:49.638073,,Eye Tracker,770.0,144.0,Valid,Valid,Fixation
2022-11-16 15:56:49.654727,,Eye Tracker,777.0,141.0,Valid,Valid,Fixation
2022-11-16 15:56:49.671382,,Eye Tracker,776.0,145.0,Valid,Valid,Fixation
2022-11-16 15:56:49.688037,,Eye Tracker,771.0,144.0,Valid,Valid,Fixation
2022-11-16 15:56:49.704691,,Eye Tracker,768.0,144.0,Valid,Valid,Fixation
2022-11-16 15:56:49.721346,,Eye Tracker,771.0,141.0,Valid,Valid,Fixation
2022-11-16 15:56:49.738001,,Eye Tracker,776.0,136.0,Valid,Valid,Fixation
2022-11-16 15:56:49.754656,,Eye Tracker,772.0,137.0,Valid,Valid,Fixation
2022-11-16 15:56:49.771310,,Eye Tracker,772.0,141.0,Valid,Valid,Fixation
2022-11-16 15:56:49.787966,,Eye Tracker,775.0,140.0,Valid,Valid,Fixation
2022-11-16 15:56:49.804621,,Eye Tracker,786.0,139.0,Valid,Valid,Fixation
2022-11-16 15:56:49.821275,,Eye Tracker,782.0,138.0,Valid,Valid,Fixation
2022-11-16 15:56:49.837930,,Eye Tracker,777.0,128.0,Valid,Valid,Fixation
2022-11-16 15:56:49.854585,,Eye Tracker,781.0,122.0,Valid,Valid,Fixation
2022-11-16 15:56:49.871239,,Eye Tracker,773.0,122.0,Valid,Valid,Fixation
2022-11-16 15:56:49.887894,,Eye Tracker,771.0,120.0,Valid,Valid,Fixation
2022-11-16 15:56:49.904549,,Eye Tracker,774.0,124.0,Valid,Valid,Fixation
2022-11-16 15:56:49.921203,,Eye Tracker,773.0,128.0,Valid,Valid,Fixation
2022-11-16 15:56:49.937859,,Eye Tracker,771.0,126.0,Valid,Valid,Fixation
2022-11-16 15:56:49.954514,,Eye Tracker,771.0,128.0,Valid,Valid,Fixation
2022-11-16 15:56:49.971168,,Eye Tracker,766.0,127.0,Valid,Valid,Fixation
2022-11-16 15:56:49.987823,,Eye Tracker,765.0,128.0,Valid,Valid,Fixation
2022-11-16 15:56:50.004478,,Eye Tracker,762.0,127.0,Valid,Valid,Fixation
2022-11-16 15:56:50.021133,,Eye Tracker,760.0,128.0,Valid,Valid,Fixation
2022-11-16 15:56:50.037787,,Eye Tracker,765.0,132.0,Valid,Valid,Fixation
2022-11-16 15:56:50.054442,,Eye Tracker,765.0,133.0,Valid,Valid,Fixation
2022-11-16 15:56:50.071097,,Eye Tracker,765.0,141.0,Valid,Valid,Fixation
2022-11-16 15:56:50.087751,,Eye Tracker,766.0,140.0,Valid,Valid,Fixation
2022-11-16 15:56:50.104407,,Eye Tracker,769.0,137.0,Valid,Valid,Fixation
2022-11-16 15:56:50.121062,,Eye Tracker,769.0,138.0,Valid,Valid,Fixation
2022-11-16 15:56:50.137716,,Eye Tracker,770.0,146.0,Valid,Valid,Fixation
2022-11-16 15:56:50.154371,,Eye Tracker,770.0,147.0,Valid,Valid,Fixation
2022-11-16 15:56:50.171026,,Eye Tracker,774.0,142.0,Valid,Valid,Fixation
2022-11-16 15:56:50.187680,,Eye Tracker,769.0,143.0,Valid,Valid,Fixation
2022-11-16 15:56:50.204335,,Eye Tracker,755.0,136.0,Valid,Valid,Fixation
2022-11-16 15:56:50.220990,,Eye Tracker,747.0,138.0,Valid,Valid,Fixation
2022-11-16 15:56:50.237644,,Eye Tracker,739.0,138.0,Valid,Valid,Fixation
2022-11-16 15:56:50.254300,,Eye Tracker,739.0,139.0,Valid,Valid,Fixation
2022-11-16 15:56:50.270955,,Eye Tracker,740.0,137.0,Valid,Valid,Fixation
2022-11-16 15:56:50.287610,,Eye Tracker,739.0,136.0,Valid,Valid,Fixation
2022-11-16 15:56:50.304264,,Eye Tracker,746.0,140.0,Valid,Valid,Fixation
2022-11-16 15:56:50.320919,,Eye Tracker,747.0,142.0,Valid,Valid,Fixation
2022-11-16 15:56:50.337574,,Eye Tracker,748.0,141.0,Valid,Valid,Fixation
2022-11-16 15:56:50.354228,,Eye Tracker,752.0,141.0,Valid,Valid,Fixation
2022-11-16 15:56:50.370883,,Eye Tracker,749.0,141.0,Valid,Valid,Fixation
2022-11-16 15:56:50.387538,,Eye Tracker,746.0,139.0,Valid,Valid,Fixation
2022-11-16 15:56:50.404192,,Eye Tracker,748.0,137.0,Valid,Valid,Fixation
2022-11-16 15:56:50.420848,,Eye Tracker,747.0,138.0,Valid,Valid,Fixation
2022-11-16 15:56:50.437503,,Eye Tracker,743.0,143.0,Valid,Valid,Fixation
2022-11-16 15:56:50.454157,,Eye Tracker,742.0,144.0,Valid,Valid,Fixation
2022-11-16 15:56:50.470812,,Eye Tracker,741.0,139.0,Valid,Valid,Fixation
2022-11-16 15:56:50.487467,,Eye Tracker,743.0,137.0,Valid,Valid,Fixation
2022-11-16 15:56:50.504121,,Eye Tracker,746.0,144.0,Valid,Valid,Fixation
2022-11-16 15:56:50.520776,,Eye Tracker,770.0,152.0,Valid,Valid,Fixation
2022-11-16 15:56:50.537431,,Eye Tracker,786.0,158.0,Valid,Valid,Fixation
2022-11-16 15:56:50.554086,,Eye Tracker,783.0,156.0,Valid,Valid,Fixation
2022-11-16 15:56:50.570741,,Eye Tracker,786.0,157.0,Valid,Valid,Fixation
2022-11-16 15:56:50.587396,,Eye Tracker,783.0,156.0,Valid,Valid,Fixation
2022-11-16 15:56:50.604051,,Eye Tracker,785.0,149.0,Valid,Valid,Fixation
2022-11-16 15:56:50.620705,,Eye Tracker,785.0,150.0,Valid,Valid,Fixation
2022-11-16 15:56:50.637360,,Eye Tracker,780.0,149.0,Valid,Valid,Fixation
2022-11-16 15:56:50.654015,,Eye Tracker,783.0,145.0,Valid,Valid,Fixation
2022-11-16 15:56:50.670669,,Eye Tracker,784.0,149.0,Valid,Valid,Fixation
2022-11-16 15:56:50.687324,,Eye Tracker,782.0,152.0,Valid,Valid,Fixation
2022-11-16 15:56:50.703979,,Eye Tracker,785.0,152.0,Valid,Valid,Fixation
2022-11-16 15:56:50.720633,,Eye Tracker,784.0,149.0,Valid,Valid,Fixation
2022-11-16 15:56:50.737289,,Eye Tracker,781.0,143.0,Valid,Valid,Fixation
2022-11-16 15:56:50.753944,,Eye Tracker,783.0,144.0,Valid,Valid,Fixation
2022-11-16 15:56:50.770598,,Eye Tracker,785.0,150.0,Valid,Valid,Fixation
2022-11-16 15:56:50.787253,,Eye Tracker,786.0,150.0,Valid,Valid,Fixation
2022-11-16 15:56:50.803908,,Eye Tracker,787.0,150.0,Valid,Valid,Fixation
2022-11-16 15:56:50.820563,,Eye Tracker,785.0,151.0,Valid,Valid,Fixation
2022-11-16 15:56:50.837217,,Eye Tracker,784.0,147.0,Valid,Valid,Fixation
2022-11-16 15:56:50.853872,,Eye Tracker,787.0,145.0,Valid,Valid,Fixation
2022-11-16 15:56:50.870527,,Eye Tracker,776.0,147.0,Valid,Valid,Fixation
2022-11-16 15:56:50.887182,,Eye Tracker,759.0,155.0,Valid,Valid,Fixation
2022-11-16 15:56:50.903837,,Eye Tracker,749.0,158.0,Valid,Valid,Fixation
2022-11-16 15:56:50.920492,,Eye Tracker,751.0,156.0,Valid,Valid,Fixation
2022-11-16 15:56:50.937146,,Eye Tracker,756.0,154.0,Valid,Valid,Fixation
2022-11-16 15:56:50.953801,,Eye Tracker,756.0,157.0,Valid,Valid,Fixation
2022-11-16 15:56:50.970456,,Eye Tracker,752.0,158.0,Valid,Valid,Fixation
2022-11-16 15:56:50.987110,,Eye Tracker,752.0,158.0,Valid,Valid,Fixation
2022-11-16 15:56:51.003765,,Eye Tracker,756.0,162.0,Valid,Valid,Fixation
2022-11-16 15:56:51.020420,,Eye Tracker,756.0,163.0,Valid,Valid,Fixation
2022-11-16 15:56:51.037074,,Eye Tracker,754.0,166.0,Valid,Valid,Fixation
2022-11-16 15:56:51.053730,,Eye Tracker,755.0,166.0,Valid,Valid,Fixation
2022-11-16 15:56:51.070385,,Eye Tracker,759.0,159.0,Valid,Valid,Fixation
2022-11-16 15:56:51.087040,,Eye Tracker,760.0,157.0,Valid,Valid,Fixation
2022-11-16 15:56:51.103694,,Eye Tracker,755.0,156.0,Valid,Valid,Fixation
2022-11-16 15:56:51.120349,,Eye Tracker,754.0,156.0,Valid,Valid,Fixation
2022-11-16 15:56:51.137004,,Eye Tracker,757.0,158.0,Valid,Valid,Fixation
2022-11-16 15:56:51.153658,,Eye Tracker,759.0,156.0,Valid,Valid,Fixation
2022-11-16 15:56:51.170313,,Eye Tracker,770.0,170.0,Valid,Valid,Fixation
2022-11-16 15:56:51.186968,,Eye Tracker,774.0,182.0,Valid,Valid,Fixation
2022-11-16 15:56:51.203623,,Eye Tracker,773.0,175.0,Valid,Valid,Fixation
2022-11-16 15:56:51.220278,,Eye Tracker,774.0,172.0,Valid,Valid,Fixation
2022-11-16 15:56:51.236933,,Eye Tracker,771.0,171.0,Valid,Valid,Fixation
2022-11-16 15:56:51.253587,,Eye Tracker,771.0,169.0,Valid,Valid,Fixation
2022-11-16 15:56:51.270242,,Eye Tracker,771.0,173.0,Valid,Valid,Fixation
2022-11-16 15:56:51.286897,,Eye Tracker,771.0,174.0,Valid,Valid,Fixation
2022-11-16 15:56:51.303551,,Eye Tracker,772.0,171.0,Valid,Valid,Fixation
2022-11-16 15:56:51.320206,,Eye Tracker,774.0,170.0,Valid,Valid,Fixation
2022-11-16 15:56:51.336861,,Eye Tracker,771.0,172.0,Valid,Valid,Fixation
2022-11-16 15:56:51.353516,,Eye Tracker,772.0,175.0,Valid,Valid,Fixation
2022-11-16 15:56:51.370171,,Eye Tracker,774.0,179.0,Valid,Valid,Fixation
2022-11-16 15:56:51.386826,,Eye Tracker,777.0,178.0,Valid,Valid,Fixation
2022-11-16 15:56:51.403481,,Eye Tracker,774.0,178.0,Valid,Valid,Fixation
2022-11-16 15:56:51.420135,,Eye Tracker,769.0,181.0,Valid,Valid,Fixation
2022-11-16 15:56:51.436790,,Eye Tracker,773.0,182.0,Valid,Valid,Fixation
2022-11-16 15:56:51.453445,,Eye Tracker,775.0,182.0,Valid,Valid,Fixation
2022-11-16 15:56:51.470099,,Eye Tracker,773.0,182.0,Valid,Valid,Fixation
2022-11-16 15:56:51.486754,,Eye Tracker,773.0,182.0,Valid,Valid,Fixation
2022-11-16 15:56:51.503409,,Eye Tracker,773.0,181.0,Valid,Valid,Fixation
2022-11-16 15:56:51.520064,,Eye Tracker,774.0,180.0,Valid,Valid,Fixation
2022-11-16 15:56:51.536719,,Eye Tracker,780.0,184.0,Valid,Valid,Fixation
2022-11-16 15:56:51.553374,,Eye Tracker,779.0,184.0,Valid,Valid,Fixation
2022-11-16 15:56:51.570028,,Eye Tracker,771.0,183.0,Valid,Valid,Fixation
2022-11-16 15:56:51.586683,,Eye Tracker,773.0,182.0,Valid,Valid,Fixation
2022-11-16 15:56:51.603338,,Eye Tracker,764.0,201.0,Valid,Valid,Fixation
2022-11-16 15:56:51.619993,,Eye Tracker,750.0,224.0,Valid,Valid,Saccade
2022-11-16 15:56:51.636647,,Eye Tracker,750.0,226.0,Valid,Valid,Fixation
2022-11-16 15:56:51.653302,,Eye Tracker,749.0,225.0,Valid,Valid,Fixation
2022-11-16 15:56:51.669958,,Eye Tracker,745.0,226.0,Valid,Valid,Fixation
2022-11-16 15:56:51.686612,,Eye Tracker,748.0,229.0,Valid,Valid,Fixation
2022-11-16 15:56:51.703267,,Eye Tracker,750.0,232.0,Valid,Valid,Fixation
2022-11-16 15:56:51.719922,,Eye Tracker,749.0,232.0,Valid,Valid,Fixation
2022-11-16 15:56:51.736576,,Eye Tracker,749.0,231.0,Valid,Valid,Fixation
2022-11-16 15:56:51.753231,,Eye Tracker,748.0,231.0,Valid,Valid,Fixation
2022-11-16 15:56:51.769886,,Eye Tracker,749.0,231.0,Valid,Valid,Fixation
2022-11-16 15:56:51.786540,,Eye Tracker,750.0,230.0,Valid,Valid,Fixation
2022-11-16 15:56:51.803195,,Eye Tracker,751.0,230.0,Valid,Valid,Fixation
2022-11-16 15:56:51.819850,,Eye Tracker,748.0,233.0,Valid,Valid,Fixation
2022-11-16 15:56:51.836506,,Eye Tracker,746.0,233.0,Valid,Valid,Fixation
2022-11-16 15:56:51.853160,,Eye Tracker,747.0,232.0,Valid,Valid,Fixation
2022-11-16 15:56:51.869815,,Eye Tracker,744.0,242.0,Valid,Valid,Fixation
2022-11-16 15:56:51.886470,,Eye Tracker,751.0,243.0,Valid,Valid,Fixation
2022-11-16 15:56:51.903124,,Eye Tracker,770.0,249.0,Valid,Valid,Fixation
2022-11-16 15:56:51.919779,,Eye Tracker,782.0,264.0,Valid,Valid,Fixation
2022-11-16 15:56:51.936434,,Eye Tracker,782.0,261.0,Valid,Valid,Fixation
2022-11-16 15:56:51.953088,,Eye Tracker,784.0,269.0,Valid,Valid,Fixation
2022-11-16 15:56:51.969743,,Eye Tracker,789.0,274.0,Valid,Valid,Fixation
2022-11-16 15:56:51.986399,,Eye Tracker,789.0,272.0,Valid,Valid,Fixation
2022-11-16 15:56:52.003053,,Eye Tracker,784.0,267.0,Valid,Valid,Fixation
2022-11-16 15:56:52.019708,,Eye Tracker,783.0,270.0,Valid,Valid,Fixation
2022-11-16 15:56:52.036363,,Eye Tracker,781.0,275.0,Valid,Valid,Fixation
2022-11-16 15:56:52.053017,,Eye Tracker,786.0,274.0,Valid,Valid,Fixation
2022-11-16 15:56:52.069672,,Eye Tracker,786.0,274.0,Valid,Valid,Fixation
2022-11-16 15:56:52.086327,,Eye Tracker,786.0,274.0,Valid,Valid,Fixation
2022-11-16 15:56:52.102981,,Eye Tracker,789.0,270.0,Valid,Valid,Fixation
2022-11-16 15:56:52.119636,,Eye Tracker,789.0,271.0,Valid,Valid,Fixation
2022-11-16 15:56:52.136291,,Eye Tracker,789.0,272.0,Valid,Valid,Fixation
2022-11-16 15:56:52.152947,,Eye Tracker,788.0,275.0,Valid,Valid,Fixation
2022-11-16 15:56:52.169601,,Eye Tracker,789.0,281.0,Valid,Valid,Fixation
2022-11-16 15:56:52.186256,,Eye Tracker,787.0,285.0,Valid,Valid,Fixation
2022-11-16 15:56:52.202911,,Eye Tracker,786.0,288.0,Valid,Valid,Fixation
2022-11-16 15:56:52.219565,,Eye Tracker,788.0,287.0,Valid,Valid,Fixation
2022-11-16 15:56:52.236220,,Eye Tracker,787.0,288.0,Valid,Valid,Fixation
2022-11-16 15:56:52.252875,,Eye Tracker,784.0,289.0,Valid,Valid,Fixation
2022-11-16 15:56:52.269529,,Eye Tracker,784.0,291.0,Valid,Valid,Fixation
2022-11-16 15:56:52.286184,,Eye Tracker,786.0,292.0,Valid,Valid,Fixation
2022-11-16 15:56:52.302840,,Eye Tracker,786.0,290.0,Valid,Valid,Fixation
2022-11-16 15:56:52.319494,,Eye Tracker,787.0,289.0,Valid,Valid,Fixation
2022-11-16 15:56:52.336149,,Eye Tracker,789.0,292.0,Valid,Valid,Fixation
2022-11-16 15:56:52.352804,,Eye Tracker,790.0,292.0,Valid,Valid,Fixation
2022-11-16 15:56:52.369459,,Eye Tracker,788.0,295.0,Valid,Valid,Fixation
2022-11-16 15:56:52.386113,,Eye Tracker,785.0,296.0,Valid,Valid,Fixation
2022-11-16 15:56:52.402768,,Eye Tracker,783.0,295.0,Valid,Valid,Fixation
2022-11-16 15:56:52.419423,,Eye Tracker,779.0,293.0,Valid,Valid,Fixation
2022-11-16 15:56:52.436077,,Eye Tracker,775.0,295.0,Valid,Valid,Fixation
2022-11-16 15:56:52.452732,,Eye Tracker,775.0,298.0,Valid,Valid,Fixation
2022-11-16 15:56:52.469388,,Eye Tracker,777.0,294.0,Valid,Valid,Fixation
2022-11-16 15:56:52.486042,,Eye Tracker,777.0,292.0,Valid,Valid,Fixation
2022-11-16 15:56:52.502697,,Eye Tracker,780.0,294.0,Valid,Valid,Fixation
2022-11-16 15:56:52.519352,,Eye Tracker,780.0,296.0,Valid,Valid,Fixation
2022-11-16 15:56:52.536006,,Eye Tracker,785.0,300.0,Valid,Valid,Fixation
2022-11-16 15:56:52.552661,,Eye Tracker,787.0,310.0,Valid,Valid,Fixation
2022-11-16 15:56:52.569316,,Eye Tracker,778.0,323.0,Valid,Valid,Fixation
2022-11-16 15:56:52.585970,,Eye Tracker,777.0,331.0,Valid,Valid,Fixation
2022-11-16 15:56:52.602625,,Eye Tracker,773.0,334.0,Valid,Valid,Fixation
2022-11-16 15:56:52.619281,,Eye Tracker,775.0,334.0,Valid,Valid,Fixation
2022-11-16 15:56:52.635936,,Eye Tracker,776.0,334.0,Valid,Valid,Fixation
2022-11-16 15:56:52.652590,,Eye Tracker,773.0,335.0,Valid,Valid,Fixation
2022-11-16 15:56:52.669245,,Eye Tracker,773.0,337.0,Valid,Valid,Fixation
2022-11-16 15:56:52.685900,,Eye Tracker,774.0,340.0,Valid,Valid,Fixation
2022-11-16 15:56:52.702554,,Eye Tracker,775.0,340.0,Valid,Valid,Fixation
2022-11-16 15:56:52.719209,,Eye Tracker,772.0,342.0,Valid,Valid,Fixation
2022-11-16 15:56:52.735864,,Eye Tracker,776.0,345.0,Valid,Valid,Fixation
2022-11-16 15:56:52.752518,,Eye Tracker,778.0,345.0,Valid,Valid,Fixation
2022-11-16 15:56:52.769173,,Eye Tracker,774.0,348.0,Valid,Valid,Fixation
2022-11-16 15:56:52.785829,,Eye Tracker,774.0,345.0,Valid,Valid,Fixation
2022-11-16 15:56:52.802483,,Eye Tracker,776.0,349.0,Valid,Valid,Fixation
2022-11-16 15:56:52.819138,,Eye Tracker,774.0,354.0,Valid,Valid,Fixation
2022-11-16 15:56:52.835793,,Eye Tracker,774.0,351.0,Valid,Valid,Fixation
2022-11-16 15:56:52.852447,,Eye Tracker,772.0,354.0,Valid,Valid,Fixation
2022-11-16 15:56:52.869102,,Eye Tracker,773.0,354.0,Valid,Valid,Fixation
2022-11-16 15:56:52.885757,,Eye Tracker,775.0,352.0,Valid,Valid,Fixation
2022-11-16 15:56:52.902411,,Eye Tracker,775.0,354.0,Valid,Valid,Fixation
2022-11-16 15:56:52.919066,,Eye Tracker,773.0,353.0,Valid,Valid,Fixation
2022-11-16 15:56:52.935722,,Eye Tracker,774.0,366.0,Valid,Valid,Fixation
2022-11-16 15:56:52.952377,,Eye Tracker,781.0,382.0,Valid,Valid,Fixation
2022-11-16 15:56:52.969031,,Eye Tracker,778.0,387.0,Valid,Valid,Fixation
2022-11-16 15:56:52.985686,,Eye Tracker,776.0,389.0,Valid,Valid,Fixation
2022-11-16 15:56:53.002341,,Eye Tracker,778.0,388.0,Valid,Valid,Fixation
2022-11-16 15:56:53.018995,,Eye Tracker,781.0,388.0,Valid,Valid,Fixation
2022-11-16 15:56:53.035650,,Eye Tracker,781.0,388.0,Valid,Valid,Fixation
2022-11-16 15:56:53.052305,,Eye Tracker,781.0,390.0,Valid,Valid,Fixation
2022-11-16 15:56:53.068959,,Eye Tracker,782.0,396.0,Valid,Valid,Fixation
2022-11-16 15:56:53.085614,,Eye Tracker,781.0,397.0,Valid,Valid,Fixation
2022-11-16 15:56:53.102270,,Eye Tracker,783.0,395.0,Valid,Valid,Fixation
2022-11-16 15:56:53.118924,,Eye Tracker,783.0,393.0,Valid,Valid,Fixation
2022-11-16 15:56:53.135579,,Eye Tracker,784.0,392.0,Valid,Valid,Fixation
2022-11-16 15:56:53.152234,,Eye Tracker,786.0,394.0,Valid,Valid,Fixation
2022-11-16 15:56:53.168888,,Eye Tracker,780.0,397.0,Valid,Valid,Fixation
2022-11-16 15:56:53.185543,,Eye Tracker,781.0,398.0,Valid,Valid,Fixation
2022-11-16 15:56:53.202198,,Eye Tracker,782.0,402.0,Valid,Valid,Fixation
2022-11-16 15:56:53.218853,,Eye Tracker,782.0,404.0,Valid,Valid,Fixation
2022-11-16 15:56:53.235507,,Eye Tracker,782.0,403.0,Valid,Valid,Fixation
2022-11-16 15:56:53.252163,,Eye Tracker,780.0,403.0,Valid,Valid,Fixation
2022-11-16 15:56:53.268818,,Eye Tracker,783.0,404.0,Valid,Valid,Fixation
2022-11-16 15:56:53.285472,,Eye Tracker,781.0,404.0,Valid,Valid,Fixation
2022-11-16 15:56:53.302127,,Eye Tracker,778.0,406.0,Valid,Valid,Fixation
2022-11-16 15:56:53.318782,,Eye Tracker,781.0,407.0,Valid,Valid,Fixation
2022-11-16 15:56:53.335436,,Eye Tracker,783.0,405.0,Valid,Valid,Fixation
2022-11-16 15:56:53.352091,,Eye Tracker,784.0,408.0,Valid,Valid,Fixation
2022-11-16 15:56:53.368746,,Eye Tracker,797.0,432.0,Valid,Valid,Saccade
2022-11-16 15:56:53.385400,,Eye Tracker,802.0,443.0,Valid,Valid,Fixation
2022-11-16 15:56:53.402055,,Eye Tracker,800.0,438.0,Valid,Valid,Fixation
2022-11-16 15:56:53.418711,,Eye Tracker,800.0,437.0,Valid,Valid,Fixation
2022-11-16 15:56:53.435366,,Eye Tracker,800.0,439.0,Valid,Valid,Fixation
2022-11-16 15:56:53.452020,,Eye Tracker,802.0,438.0,Valid,Valid,Fixation
2022-11-16 15:56:53.468675,,Eye Tracker,797.0,438.0,Valid,Valid,Fixation
2022-11-16 15:56:53.485330,,Eye Tracker,798.0,439.0,Valid,Valid,Fixation
2022-11-16 15:56:53.501984,,Eye Tracker,801.0,438.0,Valid,Valid,Fixation
2022-11-16 15:56:53.518639,,Eye Tracker,800.0,440.0,Valid,Valid,Fixation
2022-11-16 15:56:53.535294,,Eye Tracker,805.0,442.0,Valid,Valid,Fixation
2022-11-16 15:56:53.551948,,Eye Tracker,805.0,439.0,Valid,Valid,Fixation
2022-11-16 15:56:53.568604,,Eye Tracker,804.0,440.0,Valid,Valid,Fixation
2022-11-16 15:56:53.585259,,Eye Tracker,802.0,443.0,Valid,Valid,Fixation
2022-11-16 15:56:53.601913,,Eye Tracker,799.0,440.0,Valid,Valid,Fixation
2022-11-16 15:56:53.618568,,Eye Tracker,802.0,441.0,Valid,Valid,Fixation
2022-11-16 15:56:53.635223,,Eye Tracker,803.0,443.0,Valid,Valid,Fixation
2022-11-16 15:56:53.651877,,Eye Tracker,803.0,441.0,Valid,Valid,Fixation
2022-11-16 15:56:53.668532,,Eye Tracker,797.0,439.0,Valid,Valid,Fixation
2022-11-16 15:56:53.685187,,Eye Tracker,796.0,442.0,Valid,Valid,Fixation
2022-11-16 15:56:53.701841,,Eye Tracker,804.0,446.0,Valid,Valid,Fixation
2022-11-16 15:56:53.718497,,Eye Tracker,804.0,447.0,Valid,Valid,Fixation
2022-11-16 15:56:53.735152,,Eye Tracker,799.0,446.0,Valid,Valid,Fixation
2022-11-16 15:56:53.751807,,Eye Tracker,801.0,445.0,Valid,Valid,Fixation
2022-11-16 15:56:53.768461,,Eye Tracker,798.0,444.0,Valid,Valid,Fixation
2022-11-16 15:56:53.785116,,Eye Tracker,797.0,447.0,Valid,Valid,Fixation
2022-11-16 15:56:53.801771,,Eye Tracker,797.0,448.0,Valid,Valid,Fixation
2022-11-16 15:56:53.818425,,Eye Tracker,797.0,448.0,Valid,Valid,Fixation
2022-11-16 15:56:53.835080,,Eye Tracker,806.0,448.0,Valid,Valid,Fixation
2022-11-16 15:56:53.851735,,Eye Tracker,803.0,449.0,Valid,Valid,Fixation
2022-11-16 15:56:53.868389,,Eye Tracker,797.0,448.0,Valid,Valid,Fixation
2022-11-16 15:56:53.885045,,Eye Tracker,798.0,451.0,Valid,Valid,Fixation
2022-11-16 15:56:53.901700,,Eye Tracker,793.0,474.0,Valid,Valid,Saccade
2022-11-16 15:56:53.918354,,Eye Tracker,786.0,484.0,Valid,Valid,Fixation
2022-11-16 15:56:53.935009,,Eye Tracker,781.0,484.0,Valid,Valid,Fixation
2022-11-16 15:56:53.951664,,Eye Tracker,777.0,482.0,Valid,Valid,Fixation
2022-11-16 15:56:53.968318,,Eye Tracker,773.0,482.0,Valid,Valid,Fixation
2022-11-16 15:56:53.984973,,Eye Tracker,777.0,484.0,Valid,Valid,Fixation
2022-11-16 15:56:54.001628,,Eye Tracker,781.0,479.0,Valid,Valid,Fixation
2022-11-16 15:56:54.018283,,Eye Tracker,779.0,477.0,Valid,Valid,Fixation
2022-11-16 15:56:54.034938,,Eye Tracker,779.0,482.0,Valid,Valid,Fixation
2022-11-16 15:56:54.051593,,Eye Tracker,780.0,483.0,Valid,Valid,Fixation
2022-11-16 15:56:54.068248,,Eye Tracker,772.0,487.0,Valid,Valid,Fixation
2022-11-16 15:56:54.084902,,Eye Tracker,773.0,491.0,Valid,Valid,Fixation
2022-11-16 15:56:54.101557,,Eye Tracker,779.0,495.0,Valid,Valid,Fixation
2022-11-16 15:56:54.118212,,Eye Tracker,778.0,501.0,Valid,Valid,Fixation
2022-11-16 15:56:54.134866,,Eye Tracker,784.0,511.0,Valid,Valid,Fixation
2022-11-16 15:56:54.151521,,Eye Tracker,785.0,509.0,Valid,Valid,Fixation
2022-11-16 15:56:54.168176,,Eye Tracker,787.0,507.0,Valid,Valid,Fixation
2022-11-16 15:56:54.184830,,Eye Tracker,786.0,506.0,Valid,Valid,Fixation
2022-11-16 15:56:54.201486,,Eye Tracker,786.0,510.0,Valid,Valid,Fixation
2022-11-16 15:56:54.218141,,Eye Tracker,787.0,512.0,Valid,Valid,Fixation
2022-11-16 15:56:54.234795,,Eye Tracker,788.0,510.0,Valid,Valid,Fixation
2022-11-16 15:56:54.251450,,Eye Tracker,790.0,507.0,Valid,Valid,Fixation
2022-11-16 15:56:54.268105,,Eye Tracker,791.0,512.0,Valid,Valid,Fixation
2022-11-16 15:56:54.284760,,Eye Tracker,792.0,512.0,Valid,Valid,Fixation
2022-11-16 15:56:54.301414,,Eye Tracker,790.0,510.0,Valid,Valid,Fixation
2022-11-16 15:56:54.318069,,Eye Tracker,786.0,514.0,Valid,Valid,Fixation
2022-11-16 15:56:54.334724,,Eye Tracker,790.0,509.0,Valid,Valid,Fixation
2022-11-16 15:56:54.351379,,Eye Tracker,794.0,507.0,Valid,Valid,Fixation
2022-11-16 15:56:54.368034,,Eye Tracker,792.0,509.0,Valid,Valid,Fixation
2022-11-16 15:56:54.384689,,Eye Tracker,793.0,508.0,Valid,Valid,Fixation
2022-11-16 15:56:54.401343,,Eye Tracker,793.0,511.0,Valid,Valid,Fixation
2022-11-16 15:56:54.417998,,Eye Tracker,793.0,512.0,Valid,Valid,Fixation
2022-11-16 15:56:54.434653,,Eye Tracker,797.0,512.0,Valid,Valid,Fixation
2022-11-16 15:56:54.451307,,Eye Tracker,799.0,514.0,Valid,Valid,Fixation
2022-11-16 15:56:54.467962,,Eye Tracker,798.0,509.0,Valid,Valid,Fixation
2022-11-16 15:56:54.484617,,Eye Tracker,795.0,510.0,Valid,Valid,Fixation
2022-11-16 15:56:54.501271,,Eye Tracker,796.0,512.0,Valid,Valid,Fixation
2022-11-16 15:56:54.517927,,Eye Tracker,797.0,510.0,Valid,Valid,Fixation
2022-11-16 15:56:54.534582,,Eye Tracker,795.0,510.0,Valid,Valid,Fixation
2022-11-16 15:56:54.551237,,Eye Tracker,796.0,507.0,Valid,Valid,Fixation
2022-11-16 15:56:54.567891,,Eye Tracker,791.0,505.0,Valid,Valid,Fixation
2022-11-16 15:56:54.584546,,Eye Tracker,790.0,507.0,Valid,Valid,Fixation
2022-11-16 15:56:54.601201,,Eye Tracker,802.0,511.0,Valid,Valid,Fixation
2022-11-16 15:56:54.617855,,Eye Tracker,807.0,518.0,Valid,Valid,Fixation
2022-11-16 15:56:54.634510,,Eye Tracker,803.0,519.0,Valid,Valid,Fixation
2022-11-16 15:56:54.651165,,Eye Tracker,803.0,517.0,Valid,Valid,Fixation
2022-11-16 15:56:54.667820,,Eye Tracker,805.0,516.0,Valid,Valid,Fixation
2022-11-16 15:56:54.684475,,Eye Tracker,805.0,518.0,Valid,Valid,Fixation
2022-11-16 15:56:54.701130,,Eye Tracker,805.0,518.0,Valid,Valid,Fixation
2022-11-16 15:56:54.717784,,Eye Tracker,806.0,516.0,Valid,Valid,Fixation
2022-11-16 15:56:54.734439,,Eye Tracker,808.0,520.0,Valid,Valid,Fixation
2022-11-16 15:56:54.751094,,Eye Tracker,808.0,520.0,Valid,Valid,Fixation
2022-11-16 15:56:54.767748,,Eye Tracker,805.0,520.0,Valid,Valid,Fixation
2022-11-16 15:56:54.784403,,Eye Tracker,804.0,522.0,Valid,Valid,Fixation
2022-11-16 15:56:54.801058,,Eye Tracker,803.0,518.0,Valid,Valid,Fixation
2022-11-16 15:56:54.817713,,Eye Tracker,804.0,516.0,Valid,Valid,Fixation
2022-11-16 15:56:54.834368,,Eye Tracker,803.0,510.0,Valid,Valid,Fixation
2022-11-16 15:56:54.851023,,Eye Tracker,636.0,956.0,Valid,Invalid,Saccade
2022-11-16 15:56:54.867678,,Eye Tracker,678.0,823.0,Valid,Valid,Unclassified
2022-11-16 15:56:54.884332,,Eye Tracker,669.0,836.0,Valid,Valid,Unclassified
2022-11-16 15:56:54.900987,,Eye Tracker,691.0,772.0,Valid,Valid,Saccade
2022-11-16 15:56:54.917642,,Eye Tracker,710.0,628.0,Valid,Valid,Saccade
2022-11-16 15:56:54.934296,,Eye Tracker,711.0,636.0,Valid,Valid,Unclassified
2022-11-16 15:56:54.950951,,Eye Tracker,814.0,561.0,Valid,Valid,Saccade
2022-11-16 15:56:54.967606,,Eye Tracker,810.0,549.0,Valid,Valid,Unclassified
2022-11-16 15:56:54.984261,,Eye Tracker,810.0,526.0,Valid,Valid,Saccade
2022-11-16 15:56:55.000916,,Eye Tracker,809.0,505.0,Valid,Valid,Fixation
2022-11-16 15:56:55.017571,,Eye Tracker,811.0,499.0,Valid,Valid,Fixation
2022-11-16 15:56:55.034225,,Eye Tracker,813.0,496.0,Valid,Valid,Fixation
2022-11-16 15:56:55.050880,,Eye Tracker,812.0,492.0,Valid,Valid,Fixation
2022-11-16 15:56:55.067535,,Eye Tracker,813.0,499.0,Valid,Valid,Fixation
2022-11-16 15:56:55.084190,,Eye Tracker,812.0,505.0,Valid,Valid,Fixation
2022-11-16 15:56:55.100844,,Eye Tracker,812.0,504.0,Valid,Valid,Fixation
2022-11-16 15:56:55.117499,,Eye Tracker,813.0,501.0,Valid,Valid,Fixation
2022-11-16 15:56:55.134154,,Eye Tracker,812.0,502.0,Valid,Valid,Fixation
2022-11-16 15:56:55.150809,,Eye Tracker,814.0,524.0,Valid,Valid,Saccade
2022-11-16 15:56:55.167464,,Eye Tracker,819.0,568.0,Valid,Valid,Saccade
2022-11-16 15:56:55.184119,,Eye Tracker,819.0,611.0,Valid,Valid,Saccade
2022-11-16 15:56:55.200773,,Eye Tracker,817.0,597.0,Valid,Valid,Unclassified
2022-11-16 15:56:55.217428,,Eye Tracker,787.0,665.0,Valid,Valid,Saccade
2022-11-16 15:56:55.234083,,Eye Tracker,722.0,846.0,Valid,Valid,Saccade
2022-11-16 15:56:55.250737,,Eye Tracker,792.0,906.0,Valid,Valid,Saccade
2022-11-16 15:56:55.267392,,Eye Tracker,792.0,906.0,Valid,Valid,Unclassified
2022-11-16 15:56:55.284047,,Eye Tracker,816.0,838.0,Valid,Valid,Saccade
2022-11-16 15:56:55.300703,,Eye Tracker,816.0,838.0,Valid,Valid,Unclassified
2022-11-16 15:56:55.317357,,Eye Tracker,707.0,719.0,Valid,Valid,Saccade
2022-11-16 15:56:55.334012,,Eye Tracker,709.0,684.0,Valid,Valid,Saccade
2022-11-16 15:56:55.350667,,Eye Tracker,780.0,680.0,Valid,Valid,Saccade
2022-11-16 15:56:55.367321,,Eye Tracker,833.0,717.0,Valid,Valid,Saccade
2022-11-16 15:56:55.383976,,Eye Tracker,843.0,716.0,Valid,Valid,Unclassified
2022-11-16 15:56:55.400631,,Eye Tracker,800.0,684.0,Valid,Valid,Saccade
2022-11-16 15:56:55.417285,,Eye Tracker,728.0,818.0,Valid,Valid,Saccade
2022-11-16 15:56:55.433940,,Eye Tracker,756.0,952.0,Valid,Valid,Saccade
2022-11-16 15:56:55.450594,,Eye Tracker,,,Invalid,Invalid,EyesNotFound
2022-11-16 15:56:55.467249,,Eye Tracker,,,Invalid,Invalid,EyesNotFound
2022-11-16 15:56:55.483904,,Eye Tracker,,,Invalid,Invalid,EyesNotFound
2022-11-16 15:56:55.500559,,Eye Tracker,638.0,1302.0,Valid,Invalid,Unclassified
2022-11-16 15:56:55.517213,,Eye Tracker,638.0,1302.0,Valid,Invalid,Unclassified
2022-11-16 15:56:55.533868,,Eye Tracker,732.0,719.0,Valid,Valid,Saccade
2022-11-16 15:56:55.550523,,Eye Tracker,719.0,800.0,Valid,Valid,Unclassified
2022-11-16 15:56:55.567177,,Eye Tracker,703.0,860.0,Valid,Valid,Unclassified
2022-11-16 15:56:55.583832,,Eye Tracker,837.0,628.0,Valid,Valid,Saccade
2022-11-16 15:56:55.600487,,Eye Tracker,838.0,581.0,Valid,Valid,Saccade
2022-11-16 15:56:55.617143,,Eye Tracker,838.0,528.0,Valid,Valid,Saccade
2022-11-16 15:56:55.633797,,Eye Tracker,841.0,514.0,Valid,Valid,Fixation
2022-11-16 15:56:55.650452,,Eye Tracker,845.0,502.0,Valid,Valid,Fixation
2022-11-16 15:56:55.667107,,Eye Tracker,842.0,522.0,Valid,Valid,Fixation
2022-11-16 15:56:55.683761,,Eye Tracker,839.0,525.0,Valid,Valid,Fixation
2022-11-16 15:56:55.700416,,Eye Tracker,837.0,524.0,Valid,Valid,Fixation
2022-11-16 15:56:55.717071,,Eye Tracker,838.0,529.0,Valid,Valid,Fixation
2022-11-16 15:56:55.733725,,Eye Tracker,838.0,527.0,Valid,Valid,Fixation
2022-11-16 15:56:55.750380,,Eye Tracker,840.0,526.0,Valid,Valid,Fixation
2022-11-16 15:56:55.767036,,Eye Tracker,844.0,530.0,Valid,Valid,Fixation
2022-11-16 15:56:55.783690,,Eye Tracker,845.0,529.0,Valid,Valid,Fixation
2022-11-16 15:56:55.800345,,Eye Tracker,847.0,529.0,Valid,Valid,Fixation
2022-11-16 15:56:55.816999,,Eye Tracker,848.0,531.0,Valid,Valid,Fixation
2022-11-16 15:56:55.833653,,Eye Tracker,851.0,525.0,Valid,Valid,Fixation
2022-11-16 15:56:55.850308,,Eye Tracker,854.0,521.0,Valid,Valid,Fixation
2022-11-16 15:56:55.866963,,Eye Tracker,854.0,520.0,Valid,Valid,Fixation
2022-11-16 15:56:55.883618,,Eye Tracker,855.0,518.0,Valid,Valid,Fixation
2022-11-16 15:56:55.900272,,Eye Tracker,854.0,522.0,Valid,Valid,Fixation
2022-11-16 15:56:55.916927,,Eye Tracker,851.0,523.0,Valid,Valid,Fixation
2022-11-16 15:56:55.933583,,Eye Tracker,854.0,524.0,Valid,Valid,Fixation
2022-11-16 15:56:55.950237,,Eye Tracker,858.0,525.0,Valid,Valid,Fixation
2022-11-16 15:56:55.966892,,Eye Tracker,855.0,520.0,Valid,Valid,Fixation
2022-11-16 15:56:55.983547,,Eye Tracker,851.0,519.0,Valid,Valid,Fixation
2022-11-16 15:56:56.000201,,Eye Tracker,854.0,519.0,Valid,Valid,Fixation
2022-11-16 15:56:56.016856,,Eye Tracker,859.0,517.0,Valid,Valid,Fixation
2022-11-16 15:56:56.033511,,Eye Tracker,855.0,518.0,Valid,Valid,Fixation
2022-11-16 15:56:56.050165,,Eye Tracker,856.0,518.0,Valid,Valid,Fixation
2022-11-16 15:56:56.066820,,Eye Tracker,860.0,518.0,Valid,Valid,Fixation
2022-11-16 15:56:56.083476,,Eye Tracker,865.0,521.0,Valid,Valid,Fixation
2022-11-16 15:56:56.100130,,Eye Tracker,893.0,526.0,Valid,Valid,Saccade
2022-11-16 15:56:56.116785,,Eye Tracker,913.0,531.0,Valid,Valid,Fixation
2022-11-16 15:56:56.133440,,Eye Tracker,916.0,533.0,Valid,Valid,Fixation
2022-11-16 15:56:56.150095,,Eye Tracker,918.0,531.0,Valid,Valid,Fixation
2022-11-16 15:56:56.166748,,Eye Tracker,920.0,524.0,Valid,Valid,Fixation
2022-11-16 15:56:56.183403,,Eye Tracker,919.0,525.0,Valid,Valid,Fixation
2022-11-16 15:56:56.200058,,Eye Tracker,916.0,527.0,Valid,Valid,Fixation
2022-11-16 15:56:56.216712,,Eye Tracker,918.0,523.0,Valid,Valid,Fixation
2022-11-16 15:56:56.233367,,Eye Tracker,919.0,524.0,Valid,Valid,Fixation
2022-11-16 15:56:56.250023,,Eye Tracker,917.0,526.0,Valid,Valid,Fixation
2022-11-16 15:56:56.266677,,Eye Tracker,919.0,527.0,Valid,Valid,Fixation
2022-11-16 15:56:56.283332,,Eye Tracker,922.0,529.0,Valid,Valid,Fixation
2022-11-16 15:56:56.299987,,Eye Tracker,923.0,528.0,Valid,Valid,Fixation
2022-11-16 15:56:56.316641,,Eye Tracker,922.0,527.0,Valid,Valid,Fixation
2022-11-16 15:56:56.333296,,Eye Tracker,920.0,528.0,Valid,Valid,Fixation
2022-11-16 15:56:56.349951,,Eye Tracker,922.0,530.0,Valid,Valid,Fixation
2022-11-16 15:56:56.366605,,Eye Tracker,924.0,528.0,Valid,Valid,Fixation
2022-11-16 15:56:56.383260,,Eye Tracker,923.0,524.0,Valid,Valid,Fixation
2022-11-16 15:56:56.399916,,Eye Tracker,929.0,521.0,Valid,Valid,Fixation
2022-11-16 15:56:56.416571,,Eye Tracker,931.0,522.0,Valid,Valid,Fixation
2022-11-16 15:56:56.433225,,Eye Tracker,933.0,522.0,Valid,Valid,Fixation
2022-11-16 15:56:56.449880,,Eye Tracker,935.0,524.0,Valid,Valid,Fixation
2022-11-16 15:56:56.466535,,Eye Tracker,937.0,529.0,Valid,Valid,Fixation
2022-11-16 15:56:56.483189,,Eye Tracker,935.0,530.0,Valid,Valid,Fixation
2022-11-16 15:56:56.499844,,Eye Tracker,933.0,524.0,Valid,Valid,Fixation
2022-11-16 15:56:56.516499,,Eye Tracker,934.0,523.0,Valid,Valid,Fixation
2022-11-16 15:56:56.533152,,Eye Tracker,934.0,526.0,Valid,Valid,Fixation
2022-11-16 15:56:56.549808,,Eye Tracker,937.0,525.0,Valid,Valid,Fixation
2022-11-16 15:56:56.566463,,Eye Tracker,937.0,521.0,Valid,Valid,Fixation
2022-11-16 15:56:56.583117,,Eye Tracker,937.0,517.0,Valid,Valid,Fixation
2022-11-16 15:56:56.599772,,Eye Tracker,946.0,522.0,Valid,Valid,Fixation
2022-11-16 15:56:56.616427,,Eye Tracker,946.0,525.0,Valid,Valid,Fixation
2022-11-16 15:56:56.633081,,Eye Tracker,946.0,534.0,Valid,Valid,Fixation
2022-11-16 15:56:56.649736,,Eye Tracker,945.0,541.0,Valid,Valid,Fixation
2022-11-16 15:56:56.666391,,Eye Tracker,942.0,538.0,Valid,Valid,Fixation
2022-11-16 15:56:56.683046,,Eye Tracker,943.0,537.0,Valid,Valid,Fixation
2022-11-16 15:56:56.699700,,Eye Tracker,945.0,536.0,Valid,Valid,Fixation
2022-11-16 15:56:56.716356,,Eye Tracker,946.0,536.0,Valid,Valid,Fixation
2022-11-16 15:56:56.733011,,Eye Tracker,946.0,538.0,Valid,Valid,Fixation
2022-11-16 15:56:56.749665,,Eye Tracker,944.0,540.0,Valid,Valid,Fixation
2022-11-16 15:56:56.766320,,Eye Tracker,948.0,540.0,Valid,Valid,Fixation
2022-11-16 15:56:56.782975,,Eye Tracker,950.0,539.0,Valid,Valid,Fixation
2022-11-16 15:56:56.799629,,Eye Tracker,944.0,534.0,Valid,Valid,Fixation
2022-11-16 15:56:56.816284,,Eye Tracker,943.0,535.0,Valid,Valid,Fixation
2022-11-16 15:56:56.832939,,Eye Tracker,947.0,538.0,Valid,Valid,Fixation
2022-11-16 15:56:56.849593,,Eye Tracker,947.0,536.0,Valid,Valid,Fixation
2022-11-16 15:56:56.866248,,Eye Tracker,945.0,536.0,Valid,Valid,Fixation
2022-11-16 15:56:56.882903,,Eye Tracker,948.0,537.0,Valid,Valid,Fixation
2022-11-16 15:56:56.899558,,Eye Tracker,952.0,536.0,Valid,Valid,Fixation
2022-11-16 15:56:56.916212,,Eye Tracker,950.0,538.0,Valid,Valid,Fixation
2022-11-16 15:56:56.932867,,Eye Tracker,951.0,542.0,Valid,Valid,Fixation
2022-11-16 15:56:56.949522,,Eye Tracker,953.0,541.0,Valid,Valid,Fixation
2022-11-16 15:56:56.966176,,Eye Tracker,951.0,539.0,Valid,Valid,Fixation
2022-11-16 15:56:56.982831,,Eye Tracker,954.0,537.0,Valid,Valid,Fixation
2022-11-16 15:56:56.999486,,Eye Tracker,955.0,535.0,Valid,Valid,Fixation
2022-11-16 15:56:57.016140,,Eye Tracker,953.0,536.0,Valid,Valid,Fixation
2022-11-16 15:56:57.032796,,Eye Tracker,955.0,532.0,Valid,Valid,Fixation
2022-11-16 15:56:57.049451,,Eye Tracker,957.0,535.0,Valid,Valid,Fixation
2022-11-16 15:56:57.066105,,Eye Tracker,959.0,538.0,Valid,Valid,Fixation
2022-11-16 15:56:57.082760,,Eye Tracker,960.0,535.0,Valid,Valid,Fixation
2022-11-16 15:56:57.099415,,Eye Tracker,962.0,531.0,Valid,Valid,Fixation
2022-11-16 15:56:57.116069,,Eye Tracker,962.0,535.0,Valid,Valid,Fixation
2022-11-16 15:56:57.132724,,Eye Tracker,961.0,537.0,Valid,Valid,Fixation
2022-11-16 15:56:57.149379,,Eye Tracker,961.0,532.0,Valid,Valid,Fixation
2022-11-16 15:56:57.166033,,Eye Tracker,965.0,528.0,Valid,Valid,Fixation
2022-11-16 15:56:57.182688,,Eye Tracker,966.0,530.0,Valid,Valid,Fixation
2022-11-16 15:56:57.199343,,Eye Tracker,961.0,532.0,Valid,Valid,Fixation
2022-11-16 15:56:57.215999,,Eye Tracker,962.0,529.0,Valid,Valid,Fixation
2022-11-16 15:56:57.232652,,Eye Tracker,963.0,525.0,Valid,Valid,Fixation
2022-11-16 15:56:57.249307,,Eye Tracker,961.0,526.0,Valid,Valid,Fixation
2022-11-16 15:56:57.265962,,Eye Tracker,963.0,529.0,Valid,Valid,Fixation
2022-11-16 15:56:57.282616,,Eye Tracker,964.0,530.0,Valid,Valid,Fixation
2022-11-16 15:56:57.299271,,Eye Tracker,966.0,527.0,Valid,Valid,Fixation
2022-11-16 15:56:57.315926,,Eye Tracker,969.0,529.0,Valid,Valid,Fixation
2022-11-16 15:56:57.332580,,Eye Tracker,970.0,528.0,Valid,Valid,Fixation
2022-11-16 15:56:57.349236,,Eye Tracker,972.0,524.0,Valid,Valid,Fixation
2022-11-16 15:56:57.365891,,Eye Tracker,973.0,521.0,Valid,Valid,Fixation
2022-11-16 15:56:57.382545,,Eye Tracker,975.0,522.0,Valid,Valid,Fixation
2022-11-16 15:56:57.399200,,Eye Tracker,974.0,521.0,Valid,Valid,Fixation
2022-11-16 15:56:57.415855,,Eye Tracker,971.0,520.0,Valid,Valid,Fixation
2022-11-16 15:56:57.432509,,Eye Tracker,968.0,524.0,Valid,Valid,Fixation
2022-11-16 15:56:57.449164,,Eye Tracker,976.0,524.0,Valid,Valid,Fixation
2022-11-16 15:56:57.465819,,Eye Tracker,999.0,509.0,Valid,Valid,Saccade
2022-11-16 15:56:57.482474,,Eye Tracker,1013.0,501.0,Valid,Valid,Fixation
2022-11-16 15:56:57.499128,,Eye Tracker,1015.0,505.0,Valid,Valid,Fixation
2022-11-16 15:56:57.515783,,Eye Tracker,1014.0,505.0,Valid,Valid,Fixation
2022-11-16 15:56:57.532439,,Eye Tracker,1019.0,507.0,Valid,Valid,Fixation
2022-11-16 15:56:57.549093,,Eye Tracker,1021.0,505.0,Valid,Valid,Fixation
2022-11-16 15:56:57.565748,,Eye Tracker,1022.0,508.0,Valid,Valid,Fixation
2022-11-16 15:56:57.582403,,Eye Tracker,1024.0,509.0,Valid,Valid,Fixation
2022-11-16 15:56:57.599056,,Eye Tracker,1024.0,506.0,Valid,Valid,Fixation
2022-11-16 15:56:57.615711,,Eye Tracker,1026.0,502.0,Valid,Valid,Fixation
2022-11-16 15:56:57.632366,,Eye Tracker,1028.0,502.0,Valid,Valid,Fixation
2022-11-16 15:56:57.649020,,Eye Tracker,1027.0,503.0,Valid,Valid,Fixation
2022-11-16 15:56:57.665676,,Eye Tracker,1028.0,504.0,Valid,Valid,Fixation
2022-11-16 15:56:57.682331,,Eye Tracker,1030.0,502.0,Valid,Valid,Fixation
2022-11-16 15:56:57.698985,,Eye Tracker,1026.0,500.0,Valid,Valid,Fixation
2022-11-16 15:56:57.715640,,Eye Tracker,1025.0,502.0,Valid,Valid,Fixation
2022-11-16 15:56:57.732295,,Eye Tracker,1027.0,502.0,Valid,Valid,Fixation
2022-11-16 15:56:57.748950,,Eye Tracker,1029.0,504.0,Valid,Valid,Fixation
2022-11-16 15:56:57.765604,,Eye Tracker,1030.0,503.0,Valid,Valid,Fixation
2022-11-16 15:56:57.782259,,Eye Tracker,1028.0,502.0,Valid,Valid,Fixation
2022-11-16 15:56:57.798914,,Eye Tracker,1028.0,504.0,Valid,Valid,Fixation
2022-11-16 15:56:57.815568,,Eye Tracker,1029.0,506.0,Valid,Valid,Fixation
2022-11-16 15:56:57.832223,,Eye Tracker,1033.0,507.0,Valid,Valid,Fixation
2022-11-16 15:56:57.848878,,Eye Tracker,1032.0,507.0,Valid,Valid,Fixation
2022-11-16 15:56:57.865533,,Eye Tracker,1030.0,508.0,Valid,Valid,Fixation
2022-11-16 15:56:57.882188,,Eye Tracker,1030.0,507.0,Valid,Valid,Fixation
2022-11-16 15:56:57.898843,,Eye Tracker,1025.0,505.0,Valid,Valid,Fixation
2022-11-16 15:56:57.915497,,Eye Tracker,1027.0,502.0,Valid,Valid,Fixation
2022-11-16 15:56:57.932152,,Eye Tracker,1035.0,504.0,Valid,Valid,Fixation
2022-11-16 15:56:57.948806,,Eye Tracker,1038.0,505.0,Valid,Valid,Fixation
2022-11-16 15:56:57.965460,,Eye Tracker,1037.0,501.0,Valid,Valid,Fixation
2022-11-16 15:56:57.982116,,Eye Tracker,1034.0,499.0,Valid,Valid,Fixation
2022-11-16 15:56:57.998771,,Eye Tracker,1035.0,500.0,Valid,Valid,Fixation
2022-11-16 15:56:58.015426,,Eye Tracker,1041.0,501.0,Valid,Valid,Fixation
2022-11-16 15:56:58.032080,,Eye Tracker,1068.0,513.0,Valid,Valid,Saccade
2022-11-16 15:56:58.048735,,Eye Tracker,1091.0,519.0,Valid,Valid,Fixation
2022-11-16 15:56:58.065390,,Eye Tracker,1089.0,519.0,Valid,Valid,Fixation
2022-11-16 15:56:58.082044,,Eye Tracker,1088.0,520.0,Valid,Valid,Fixation
2022-11-16 15:56:58.098699,,Eye Tracker,1094.0,520.0,Valid,Valid,Fixation
2022-11-16 15:56:58.115354,,Eye Tracker,1094.0,521.0,Valid,Valid,Fixation
2022-11-16 15:56:58.132008,,Eye Tracker,1092.0,520.0,Valid,Valid,Fixation
2022-11-16 15:56:58.148663,,Eye Tracker,1091.0,523.0,Valid,Valid,Fixation
2022-11-16 15:56:58.165318,,Eye Tracker,1090.0,524.0,Valid,Valid,Fixation
2022-11-16 15:56:58.181972,,Eye Tracker,1089.0,526.0,Valid,Valid,Fixation
2022-11-16 15:56:58.198628,,Eye Tracker,1089.0,523.0,Valid,Valid,Fixation
2022-11-16 15:56:58.215283,,Eye Tracker,1090.0,522.0,Valid,Valid,Fixation
2022-11-16 15:56:58.231937,,Eye Tracker,1091.0,525.0,Valid,Valid,Fixation
2022-11-16 15:56:58.248592,,Eye Tracker,1092.0,525.0,Valid,Valid,Fixation
2022-11-16 15:56:58.265247,,Eye Tracker,1092.0,523.0,Valid,Valid,Fixation
2022-11-16 15:56:58.281902,,Eye Tracker,1093.0,522.0,Valid,Valid,Fixation
2022-11-16 15:56:58.298556,,Eye Tracker,1089.0,521.0,Valid,Valid,Fixation
2022-11-16 15:56:58.315211,,Eye Tracker,1093.0,520.0,Valid,Valid,Fixation
2022-11-16 15:56:58.331866,,Eye Tracker,1104.0,522.0,Valid,Valid,Fixation
2022-11-16 15:56:58.348520,,Eye Tracker,1102.0,527.0,Valid,Valid,Fixation
2022-11-16 15:56:58.365175,,Eye Tracker,1099.0,526.0,Valid,Valid,Fixation
2022-11-16 15:56:58.381830,,Eye Tracker,1099.0,522.0,Valid,Valid,Fixation
2022-11-16 15:56:58.398484,,Eye Tracker,1099.0,525.0,Valid,Valid,Fixation
2022-11-16 15:56:58.415139,,Eye Tracker,1098.0,522.0,Valid,Valid,Fixation
2022-11-16 15:56:58.431794,,Eye Tracker,1095.0,515.0,Valid,Valid,Fixation
2022-11-16 15:56:58.448448,,Eye Tracker,1099.0,514.0,Valid,Valid,Fixation
2022-11-16 15:56:58.465103,,Eye Tracker,1103.0,515.0,Valid,Valid,Fixation
2022-11-16 15:56:58.481758,,Eye Tracker,1101.0,517.0,Valid,Valid,Fixation
2022-11-16 15:56:58.498412,,Eye Tracker,1101.0,513.0,Valid,Valid,Fixation
2022-11-16 15:56:58.515067,,Eye Tracker,1100.0,513.0,Valid,Valid,Fixation
2022-11-16 15:56:58.531723,,Eye Tracker,1124.0,520.0,Valid,Valid,Saccade
2022-11-16 15:56:58.548378,,Eye Tracker,1143.0,522.0,Valid,Valid,Fixation
2022-11-16 15:56:58.565032,,Eye Tracker,1138.0,524.0,Valid,Valid,Fixation
2022-11-16 15:56:58.581687,,Eye Tracker,1137.0,525.0,Valid,Valid,Fixation
2022-11-16 15:56:58.598342,,Eye Tracker,1139.0,525.0,Valid,Valid,Fixation
2022-11-16 15:56:58.614996,,Eye Tracker,1140.0,525.0,Valid,Valid,Fixation
2022-11-16 15:56:58.631651,,Eye Tracker,1142.0,524.0,Valid,Valid,Fixation
2022-11-16 15:56:58.648306,,Eye Tracker,1147.0,523.0,Valid,Valid,Fixation
2022-11-16 15:56:58.664960,,Eye Tracker,1141.0,518.0,Valid,Valid,Fixation
2022-11-16 15:56:58.681615,,Eye Tracker,1136.0,518.0,Valid,Valid,Fixation
2022-11-16 15:56:58.698270,,Eye Tracker,1134.0,519.0,Valid,Valid,Fixation
2022-11-16 15:56:58.714924,,Eye Tracker,1133.0,522.0,Valid,Valid,Fixation
2022-11-16 15:56:58.731579,,Eye Tracker,1136.0,522.0,Valid,Valid,Fixation
2022-11-16 15:56:58.748234,,Eye Tracker,1137.0,520.0,Valid,Valid,Fixation
2022-11-16 15:56:58.764889,,Eye Tracker,1128.0,521.0,Valid,Valid,Fixation
2022-11-16 15:56:58.781543,,Eye Tracker,1117.0,527.0,Valid,Valid,Fixation
2022-11-16 15:56:58.798198,,Eye Tracker,1115.0,529.0,Valid,Valid,Fixation
2022-11-16 15:56:58.814853,,Eye Tracker,1113.0,529.0,Valid,Valid,Fixation
2022-11-16 15:56:58.831507,,Eye Tracker,1111.0,528.0,Valid,Valid,Fixation
2022-11-16 15:56:58.848162,,Eye Tracker,1112.0,527.0,Valid,Valid,Fixation
2022-11-16 15:56:58.864818,,Eye Tracker,1113.0,529.0,Valid,Valid,Fixation
2022-11-16 15:56:58.881472,,Eye Tracker,1115.0,532.0,Valid,Valid,Fixation
2022-11-16 15:56:58.898127,,Eye Tracker,1118.0,529.0,Valid,Valid,Fixation
2022-11-16 15:56:58.914782,,Eye Tracker,1116.0,529.0,Valid,Valid,Fixation
2022-11-16 15:56:58.931436,,Eye Tracker,1109.0,534.0,Valid,Valid,Fixation
2022-11-16 15:56:58.948091,,Eye Tracker,1111.0,531.0,Valid,Valid,Fixation
2022-11-16 15:56:58.964746,,Eye Tracker,1110.0,530.0,Valid,Valid,Fixation
2022-11-16 15:56:58.981400,,Eye Tracker,1110.0,531.0,Valid,Valid,Fixation
2022-11-16 15:56:58.998055,,Eye Tracker,1124.0,538.0,Valid,Valid,Fixation
2022-11-16 15:56:59.014711,,Eye Tracker,1152.0,552.0,Valid,Valid,Saccade
2022-11-16 15:56:59.031364,,Eye Tracker,1168.0,559.0,Valid,Valid,Fixation
2022-11-16 15:56:59.048019,,Eye Tracker,1168.0,557.0,Valid,Valid,Fixation
2022-11-16 15:56:59.064674,,Eye Tracker,1165.0,552.0,Valid,Valid,Fixation
2022-11-16 15:56:59.081330,,Eye Tracker,1166.0,553.0,Valid,Valid,Fixation
2022-11-16 15:56:59.097984,,Eye Tracker,1170.0,558.0,Valid,Valid,Fixation
2022-11-16 15:56:59.114638,,Eye Tracker,1168.0,557.0,Valid,Valid,Fixation
2022-11-16 15:56:59.131293,,Eye Tracker,1170.0,561.0,Valid,Valid,Fixation
2022-11-16 15:56:59.147947,,Eye Tracker,1172.0,562.0,Valid,Valid,Fixation
2022-11-16 15:56:59.164602,,Eye Tracker,1167.0,557.0,Valid,Valid,Fixation
2022-11-16 15:56:59.181258,,Eye Tracker,1167.0,558.0,Valid,Valid,Fixation
2022-11-16 15:56:59.197912,,Eye Tracker,1174.0,560.0,Valid,Valid,Fixation
2022-11-16 15:56:59.214567,,Eye Tracker,1173.0,561.0,Valid,Valid,Fixation
2022-11-16 15:56:59.231222,,Eye Tracker,1172.0,558.0,Valid,Valid,Fixation
2022-11-16 15:56:59.247876,,Eye Tracker,1173.0,554.0,Valid,Valid,Fixation
2022-11-16 15:56:59.264531,,Eye Tracker,1172.0,559.0,Valid,Valid,Fixation
2022-11-16 15:56:59.281186,,Eye Tracker,1174.0,558.0,Valid,Valid,Fixation
2022-11-16 15:56:59.297840,,Eye Tracker,1176.0,555.0,Valid,Valid,Fixation
2022-11-16 15:56:59.314495,,Eye Tracker,1174.0,556.0,Valid,Valid,Fixation
2022-11-16 15:56:59.331150,,Eye Tracker,1168.0,555.0,Valid,Valid,Fixation
2022-11-16 15:56:59.347806,,Eye Tracker,1170.0,556.0,Valid,Valid,Fixation
2022-11-16 15:56:59.364460,,Eye Tracker,1175.0,559.0,Valid,Valid,Fixation
2022-11-16 15:56:59.381114,,Eye Tracker,1175.0,560.0,Valid,Valid,Fixation
2022-11-16 15:56:59.397770,,Eye Tracker,1179.0,557.0,Valid,Valid,Fixation
2022-11-16 15:56:59.414424,,Eye Tracker,1177.0,557.0,Valid,Valid,Fixation
2022-11-16 15:56:59.431079,,Eye Tracker,1173.0,556.0,Valid,Valid,Fixation
2022-11-16 15:56:59.447733,,Eye Tracker,1172.0,557.0,Valid,Valid,Fixation
2022-11-16 15:56:59.464387,,Eye Tracker,1176.0,557.0,Valid,Valid,Fixation
2022-11-16 15:56:59.481042,,Eye Tracker,1178.0,555.0,Valid,Valid,Fixation
2022-11-16 15:56:59.497697,,Eye Tracker,1174.0,556.0,Valid,Valid,Fixation
2022-11-16 15:56:59.514352,,Eye Tracker,1176.0,556.0,Valid,Valid,Fixation
2022-11-16 15:56:59.531007,,Eye Tracker,1176.0,555.0,Valid,Valid,Fixation
2022-11-16 15:56:59.547662,,Eye Tracker,1160.0,575.0,Valid,Valid,Saccade
2022-11-16 15:56:59.564316,,Eye Tracker,1152.0,596.0,Valid,Valid,Saccade
2022-11-16 15:56:59.580971,,Eye Tracker,1155.0,596.0,Valid,Valid,Fixation
2022-11-16 15:56:59.597626,,Eye Tracker,1152.0,597.0,Valid,Valid,Fixation
2022-11-16 15:56:59.614281,,Eye Tracker,1153.0,597.0,Valid,Valid,Fixation
2022-11-16 15:56:59.630935,,Eye Tracker,1155.0,594.0,Valid,Valid,Fixation
2022-11-16 15:56:59.647590,,Eye Tracker,1156.0,594.0,Valid,Valid,Fixation
2022-11-16 15:56:59.664245,,Eye Tracker,1156.0,595.0,Valid,Valid,Fixation
2022-11-16 15:56:59.680900,,Eye Tracker,1156.0,593.0,Valid,Valid,Fixation
2022-11-16 15:56:59.697555,,Eye Tracker,1154.0,593.0,Valid,Valid,Fixation
2022-11-16 15:56:59.714210,,Eye Tracker,1156.0,596.0,Valid,Valid,Fixation
2022-11-16 15:56:59.730864,,Eye Tracker,1161.0,592.0,Valid,Valid,Fixation
2022-11-16 15:56:59.747519,,Eye Tracker,1179.0,594.0,Valid,Valid,Fixation
2022-11-16 15:56:59.764174,,Eye Tracker,1189.0,600.0,Valid,Valid,Fixation
2022-11-16 15:56:59.780827,,Eye Tracker,1189.0,601.0,Valid,Valid,Fixation
2022-11-16 15:56:59.797482,,Eye Tracker,1189.0,606.0,Valid,Valid,Fixation
2022-11-16 15:56:59.814137,,Eye Tracker,1188.0,611.0,Valid,Valid,Fixation
2022-11-16 15:56:59.830791,,Eye Tracker,1191.0,610.0,Valid,Valid,Fixation
2022-11-16 15:56:59.847447,,Eye Tracker,1191.0,608.0,Valid,Valid,Fixation
2022-11-16 15:56:59.864102,,Eye Tracker,1194.0,611.0,Valid,Valid,Fixation
2022-11-16 15:56:59.880757,,Eye Tracker,1194.0,612.0,Valid,Valid,Fixation
2022-11-16 15:56:59.897411,,Eye Tracker,1193.0,609.0,Valid,Valid,Fixation
2022-11-16 15:56:59.914066,,Eye Tracker,1194.0,606.0,Valid,Valid,Fixation
2022-11-16 15:56:59.930721,,Eye Tracker,1190.0,603.0,Valid,Valid,Fixation
2022-11-16 15:56:59.947375,,Eye Tracker,1188.0,604.0,Valid,Valid,Fixation
2022-11-16 15:56:59.964030,,Eye Tracker,1188.0,611.0,Valid,Valid,Fixation
2022-11-16 15:56:59.980685,,Eye Tracker,1187.0,614.0,Valid,Valid,Fixation
2022-11-16 15:56:59.997339,,Eye Tracker,1194.0,610.0,Valid,Valid,Fixation
2022-11-16 15:57:00.013995,,Eye Tracker,1193.0,611.0,Valid,Valid,Fixation
2022-11-16 15:57:00.030650,,Eye Tracker,1184.0,611.0,Valid,Valid,Fixation
2022-11-16 15:57:00.047304,,Eye Tracker,1186.0,613.0,Valid,Valid,Fixation
2022-11-16 15:57:00.063959,,Eye Tracker,1196.0,613.0,Valid,Valid,Fixation
2022-11-16 15:57:00.080614,,Eye Tracker,1193.0,610.0,Valid,Valid,Fixation
2022-11-16 15:57:00.097268,,Eye Tracker,1188.0,611.0,Valid,Valid,Fixation
2022-11-16 15:57:00.113922,,Eye Tracker,1187.0,610.0,Valid,Valid,Fixation
2022-11-16 15:57:00.130577,,Eye Tracker,1187.0,609.0,Valid,Valid,Fixation
2022-11-16 15:57:00.147232,,Eye Tracker,1187.0,610.0,Valid,Valid,Fixation
2022-11-16 15:57:00.163886,,Eye Tracker,1188.0,610.0,Valid,Valid,Fixation
2022-11-16 15:57:00.180542,,Eye Tracker,1188.0,612.0,Valid,Valid,Fixation
2022-11-16 15:57:00.197197,,Eye Tracker,1186.0,612.0,Valid,Valid,Fixation
2022-11-16 15:57:00.213851,,Eye Tracker,1186.0,614.0,Valid,Valid,Fixation
2022-11-16 15:57:00.230506,,Eye Tracker,1188.0,615.0,Valid,Valid,Fixation
2022-11-16 15:57:00.247161,,Eye Tracker,1193.0,610.0,Valid,Valid,Fixation
2022-11-16 15:57:00.263815,,Eye Tracker,1198.0,609.0,Valid,Valid,Fixation
2022-11-16 15:57:00.280470,,Eye Tracker,1194.0,613.0,Valid,Valid,Fixation
2022-11-16 15:57:00.297125,,Eye Tracker,1195.0,614.0,Valid,Valid,Fixation
2022-11-16 15:57:00.313779,,Eye Tracker,1199.0,611.0,Valid,Valid,Fixation
2022-11-16 15:57:00.330434,,Eye Tracker,1188.0,616.0,Valid,Valid,Fixation
2022-11-16 15:57:00.347090,,Eye Tracker,1186.0,616.0,Valid,Valid,Fixation
2022-11-16 15:57:00.363744,,Eye Tracker,1192.0,610.0,Valid,Valid,Fixation
2022-11-16 15:57:00.380399,,Eye Tracker,1174.0,616.0,Valid,Valid,Fixation
2022-11-16 15:57:00.397054,,Eye Tracker,1161.0,621.0,Valid,Valid,Fixation
2022-11-16 15:57:00.413709,,Eye Tracker,1164.0,622.0,Valid,Valid,Fixation
2022-11-16 15:57:00.430363,,Eye Tracker,1164.0,627.0,Valid,Valid,Fixation
2022-11-16 15:57:00.447018,,Eye Tracker,1165.0,628.0,Valid,Valid,Fixation
2022-11-16 15:57:00.463673,,Eye Tracker,1168.0,627.0,Valid,Valid,Fixation
2022-11-16 15:57:00.480327,,Eye Tracker,1168.0,626.0,Valid,Valid,Fixation
2022-11-16 15:57:00.496983,,Eye Tracker,1170.0,624.0,Valid,Valid,Fixation
2022-11-16 15:57:00.513638,,Eye Tracker,1167.0,627.0,Valid,Valid,Fixation
2022-11-16 15:57:00.530292,,Eye Tracker,1154.0,636.0,Valid,Valid,Fixation
2022-11-16 15:57:00.546947,,Eye Tracker,1149.0,646.0,Valid,Valid,Fixation
2022-11-16 15:57:00.563602,,Eye Tracker,1148.0,646.0,Valid,Valid,Fixation
2022-11-16 15:57:00.580256,,Eye Tracker,1149.0,644.0,Valid,Valid,Fixation
2022-11-16 15:57:00.596911,,Eye Tracker,1147.0,641.0,Valid,Valid,Fixation
2022-11-16 15:57:00.613566,,Eye Tracker,1143.0,641.0,Valid,Valid,Fixation
2022-11-16 15:57:00.630220,,Eye Tracker,1145.0,644.0,Valid,Valid,Fixation
2022-11-16 15:57:00.646875,,Eye Tracker,1148.0,641.0,Valid,Valid,Fixation
2022-11-16 15:57:00.663531,,Eye Tracker,1147.0,640.0,Valid,Valid,Fixation
2022-11-16 15:57:00.680186,,Eye Tracker,1146.0,640.0,Valid,Valid,Fixation
2022-11-16 15:57:00.696840,,Eye Tracker,1148.0,641.0,Valid,Valid,Fixation
2022-11-16 15:57:00.713495,,Eye Tracker,1146.0,644.0,Valid,Valid,Fixation
2022-11-16 15:57:00.730150,,Eye Tracker,1145.0,643.0,Valid,Valid,Fixation
2022-11-16 15:57:00.746804,,Eye Tracker,1146.0,641.0,Valid,Valid,Fixation
2022-11-16 15:57:00.763459,,Eye Tracker,1147.0,641.0,Valid,Valid,Fixation
2022-11-16 15:57:00.780114,,Eye Tracker,1147.0,642.0,Valid,Valid,Fixation
2022-11-16 15:57:00.796768,,Eye Tracker,1147.0,641.0,Valid,Valid,Fixation
2022-11-16 15:57:00.813423,,Eye Tracker,1148.0,642.0,Valid,Valid,Fixation
2022-11-16 15:57:00.830079,,Eye Tracker,1146.0,641.0,Valid,Valid,Fixation
2022-11-16 15:57:00.846733,,Eye Tracker,1151.0,643.0,Valid,Valid,Fixation
2022-11-16 15:57:00.863388,,Eye Tracker,1150.0,639.0,Valid,Valid,Fixation
2022-11-16 15:57:00.880043,,Eye Tracker,1154.0,637.0,Valid,Valid,Fixation
2022-11-16 15:57:00.896697,,Eye Tracker,1154.0,637.0,Valid,Valid,Fixation
2022-11-16 15:57:00.913352,,Eye Tracker,1153.0,634.0,Valid,Valid,Fixation
2022-11-16 15:57:00.930007,,Eye Tracker,1155.0,635.0,Valid,Valid,Fixation
2022-11-16 15:57:00.946662,,Eye Tracker,1154.0,641.0,Valid,Valid,Fixation
2022-11-16 15:57:00.963316,,Eye Tracker,1153.0,646.0,Valid,Valid,Fixation
2022-11-16 15:57:00.979971,,Eye Tracker,1152.0,644.0,Valid,Valid,Fixation
2022-11-16 15:57:00.996627,,Eye Tracker,1152.0,637.0,Valid,Valid,Fixation
2022-11-16 15:57:01.013281,,Eye Tracker,1149.0,636.0,Valid,Valid,Fixation
2022-11-16 15:57:01.029936,,Eye Tracker,1153.0,638.0,Valid,Valid,Fixation
2022-11-16 15:57:01.046591,,Eye Tracker,1153.0,637.0,Valid,Valid,Fixation
2022-11-16 15:57:01.063245,,Eye Tracker,1148.0,635.0,Valid,Valid,Fixation
2022-11-16 15:57:01.079900,,Eye Tracker,1151.0,637.0,Valid,Valid,Fixation
2022-11-16 15:57:01.096555,,Eye Tracker,1153.0,642.0,Valid,Valid,Fixation
2022-11-16 15:57:01.113209,,Eye Tracker,1153.0,636.0,Valid,Valid,Fixation
2022-11-16 15:57:01.129864,,Eye Tracker,1148.0,634.0,Valid,Valid,Fixation
2022-11-16 15:57:01.146519,,Eye Tracker,1146.0,635.0,Valid,Valid,Fixation
2022-11-16 15:57:01.163174,,Eye Tracker,1145.0,627.0,Valid,Valid,Fixation
2022-11-16 15:57:01.179829,,Eye Tracker,1148.0,628.0,Valid,Valid,Fixation
2022-11-16 15:57:01.196484,,Eye Tracker,1155.0,637.0,Valid,Valid,Fixation
2022-11-16 15:57:01.213139,,Eye Tracker,1153.0,639.0,Valid,Valid,Fixation
2022-11-16 15:57:01.229793,,Eye Tracker,1146.0,644.0,Valid,Valid,Fixation
2022-11-16 15:57:01.246448,,Eye Tracker,1150.0,638.0,Valid,Valid,Fixation
2022-11-16 15:57:01.263103,,Eye Tracker,1152.0,632.0,Valid,Valid,Fixation
2022-11-16 15:57:01.279757,,Eye Tracker,1153.0,635.0,Valid,Valid,Fixation
2022-11-16 15:57:01.296412,,Eye Tracker,1156.0,656.0,Valid,Valid,Saccade
2022-11-16 15:57:01.313067,,Eye Tracker,1159.0,719.0,Valid,Valid,Saccade
2022-11-16 15:57:01.329722,,Eye Tracker,1178.0,782.0,Valid,Invalid,Unclassified
2022-11-16 15:57:01.346377,,Eye Tracker,1193.0,741.0,Valid,Invalid,Saccade
2022-11-16 15:57:01.363032,,Eye Tracker,1163.0,760.0,Valid,Valid,Unclassified
2022-11-16 15:57:01.379686,,Eye Tracker,1140.0,821.0,Valid,Valid,Saccade
2022-11-16 15:57:01.396341,,Eye Tracker,1130.0,770.0,Valid,Valid,Unclassified
2022-11-16 15:57:01.412996,,Eye Tracker,1141.0,724.0,Valid,Valid,Saccade
2022-11-16 15:57:01.429651,,Eye Tracker,1153.0,733.0,Valid,Valid,Fixation
2022-11-16 15:57:01.446305,,Eye Tracker,1159.0,707.0,Valid,Valid,Fixation
2022-11-16 15:57:01.462960,,Eye Tracker,1147.0,687.0,Valid,Valid,Fixation
2022-11-16 15:57:01.479615,,Eye Tracker,1148.0,684.0,Valid,Valid,Fixation
2022-11-16 15:57:01.496270,,Eye Tracker,1158.0,685.0,Valid,Valid,Fixation
2022-11-16 15:57:01.512925,,Eye Tracker,1157.0,684.0,Valid,Valid,Fixation
2022-11-16 15:57:01.529580,,Eye Tracker,1151.0,697.0,Valid,Valid,Fixation
2022-11-16 15:57:01.546234,,Eye Tracker,1156.0,701.0,Valid,Valid,Fixation
2022-11-16 15:57:01.562889,,Eye Tracker,1149.0,827.0,Valid,Invalid,Saccade
2022-11-16 15:57:01.579544,,Eye Tracker,,,Invalid,Invalid,EyesNotFound
2022-11-16 15:57:01.596198,,Eye Tracker,,,Invalid,Invalid,EyesNotFound
2022-11-16 15:57:01.612853,,Eye Tracker,,,Invalid,Invalid,EyesNotFound
2022-11-16 15:57:01.629508,,Eye Tracker,,,Invalid,Invalid,EyesNotFound
2022-11-16 15:57:01.646162,,Eye Tracker,,,Invalid,Invalid,EyesNotFound
2022-11-16 15:57:01.662818,,Eye Tracker,1197.0,775.0,Valid,Valid,Saccade
2022-11-16 15:57:01.679473,,Eye Tracker,1146.0,803.0,Valid,Valid,Saccade
2022-11-16 15:57:01.696127,,Eye Tracker,1147.0,759.0,Valid,Valid,Unclassified
2022-11-16 15:57:01.712782,,Eye Tracker,1187.0,756.0,Valid,Valid,Saccade
2022-11-16 15:57:01.729437,,Eye Tracker,1190.0,740.0,Valid,Valid,Unclassified
2022-11-16 15:57:01.746092,,Eye Tracker,1202.0,696.0,Valid,Valid,Saccade
2022-11-16 15:57:01.762746,,Eye Tracker,1196.0,693.0,Valid,Valid,Fixation
2022-11-16 15:57:01.779401,,Eye Tracker,1189.0,685.0,Valid,Valid,Fixation
2022-11-16 15:57:01.796056,,Eye Tracker,1189.0,677.0,Valid,Valid,Fixation
2022-11-16 15:57:01.812710,,Eye Tracker,1192.0,668.0,Valid,Valid,Fixation
2022-11-16 15:57:01.829366,,Eye Tracker,1199.0,669.0,Valid,Valid,Fixation
2022-11-16 15:57:01.846021,,Eye Tracker,1196.0,671.0,Valid,Valid,Fixation
2022-11-16 15:57:01.862675,,Eye Tracker,1187.0,677.0,Valid,Valid,Fixation
2022-11-16 15:57:01.879330,,Eye Tracker,1191.0,679.0,Valid,Valid,Fixation
2022-11-16 15:57:01.895985,,Eye Tracker,1194.0,682.0,Valid,Valid,Fixation
2022-11-16 15:57:01.912639,,Eye Tracker,1193.0,677.0,Valid,Valid,Fixation
2022-11-16 15:57:01.929294,,Eye Tracker,1194.0,678.0,Valid,Valid,Fixation
2022-11-16 15:57:01.945949,,Eye Tracker,1178.0,682.0,Valid,Valid,Fixation
2022-11-16 15:57:01.962603,,Eye Tracker,1168.0,686.0,Valid,Valid,Fixation
2022-11-16 15:57:01.979258,,Eye Tracker,1173.0,682.0,Valid,Valid,Fixation
2022-11-16 15:57:01.995914,,Eye Tracker,1176.0,677.0,Valid,Valid,Fixation
2022-11-16 15:57:02.012569,,Eye Tracker,1175.0,677.0,Valid,Valid,Fixation
2022-11-16 15:57:02.029223,,Eye Tracker,1174.0,675.0,Valid,Valid,Fixation
2022-11-16 15:57:02.045878,,Eye Tracker,1174.0,680.0,Valid,Valid,Fixation
2022-11-16 15:57:02.062533,,Eye Tracker,1172.0,679.0,Valid,Valid,Fixation
2022-11-16 15:57:02.079187,,Eye Tracker,1170.0,679.0,Valid,Valid,Fixation
2022-11-16 15:57:02.095842,,Eye Tracker,1173.0,678.0,Valid,Valid,Fixation
2022-11-16 15:57:02.112497,,Eye Tracker,1175.0,675.0,Valid,Valid,Fixation
2022-11-16 15:57:02.129151,,Eye Tracker,1178.0,677.0,Valid,Valid,Fixation
2022-11-16 15:57:02.145807,,Eye Tracker,1181.0,681.0,Valid,Valid,Fixation
2022-11-16 15:57:02.162462,,Eye Tracker,1180.0,681.0,Valid,Valid,Fixation
2022-11-16 15:57:02.179116,,Eye Tracker,1180.0,680.0,Valid,Valid,Fixation
2022-11-16 15:57:02.195771,,Eye Tracker,1179.0,679.0,Valid,Valid,Fixation
2022-11-16 15:57:02.212426,,Eye Tracker,1179.0,675.0,Valid,Valid,Fixation
2022-11-16 15:57:02.229081,,Eye Tracker,1179.0,680.0,Valid,Valid,Fixation
2022-11-16 15:57:02.245735,,Eye Tracker,1179.0,682.0,Valid,Valid,Fixation
2022-11-16 15:57:02.262390,,Eye Tracker,1176.0,675.0,Valid,Valid,Fixation
2022-11-16 15:57:02.279045,,Eye Tracker,1176.0,673.0,Valid,Valid,Fixation
2022-11-16 15:57:02.295699,,Eye Tracker,1182.0,672.0,Valid,Valid,Fixation
2022-11-16 15:57:02.312355,,Eye Tracker,1181.0,671.0,Valid,Valid,Fixation
2022-11-16 15:57:02.329010,,Eye Tracker,1178.0,677.0,Valid,Valid,Fixation
2022-11-16 15:57:02.345664,,Eye Tracker,1176.0,677.0,Valid,Valid,Fixation
2022-11-16 15:57:02.362319,,Eye Tracker,1174.0,676.0,Valid,Valid,Fixation
2022-11-16 15:57:02.378974,,Eye Tracker,1176.0,677.0,Valid,Valid,Fixation
2022-11-16 15:57:02.395628,,Eye Tracker,1176.0,669.0,Valid,Valid,Fixation
2022-11-16 15:57:02.412283,,Eye Tracker,1176.0,670.0,Valid,Valid,Fixation
2022-11-16 15:57:02.428938,,Eye Tracker,1177.0,672.0,Valid,Valid,Fixation
2022-11-16 15:57:02.445592,,Eye Tracker,1176.0,674.0,Valid,Valid,Fixation
2022-11-16 15:57:02.462247,,Eye Tracker,1174.0,674.0,Valid,Valid,Fixation
2022-11-16 15:57:02.478903,,Eye Tracker,1175.0,671.0,Valid,Valid,Fixation
2022-11-16 15:57:02.495557,,Eye Tracker,1181.0,675.0,Valid,Valid,Fixation
2022-11-16 15:57:02.512212,,Eye Tracker,1181.0,676.0,Valid,Valid,Fixation
2022-11-16 15:57:02.528867,,Eye Tracker,1179.0,674.0,Valid,Valid,Fixation
2022-11-16 15:57:02.545522,,Eye Tracker,1180.0,673.0,Valid,Valid,Fixation
2022-11-16 15:57:02.562176,,Eye Tracker,1183.0,671.0,Valid,Valid,Fixation
2022-11-16 15:57:02.578831,,Eye Tracker,1183.0,670.0,Valid,Valid,Fixation
2022-11-16 15:57:02.595486,,Eye Tracker,1180.0,681.0,Valid,Valid,Fixation
2022-11-16 15:57:02.612140,,Eye Tracker,1180.0,680.0,Valid,Valid,Fixation
2022-11-16 15:57:02.628795,,Eye Tracker,1183.0,670.0,Valid,Valid,Fixation
2022-11-16 15:57:02.645451,,Eye Tracker,1181.0,674.0,Valid,Valid,Fixation
2022-11-16 15:57:02.662105,,Eye Tracker,1179.0,683.0,Valid,Valid,Fixation
2022-11-16 15:57:02.678760,,Eye Tracker,1180.0,682.0,Valid,Valid,Fixation
2022-11-16 15:57:02.695415,,Eye Tracker,1178.0,683.0,Valid,Valid,Fixation
2022-11-16 15:57:02.712069,,Eye Tracker,1180.0,684.0,Valid,Valid,Fixation
2022-11-16 15:57:02.728724,,Eye Tracker,1182.0,682.0,Valid,Valid,Fixation
2022-11-16 15:57:02.745379,,Eye Tracker,1181.0,682.0,Valid,Valid,Fixation
2022-11-16 15:57:02.762033,,Eye Tracker,1182.0,677.0,Valid,Valid,Fixation
2022-11-16 15:57:02.778688,,Eye Tracker,1181.0,675.0,Valid,Valid,Fixation
2022-11-16 15:57:02.795343,,Eye Tracker,1178.0,671.0,Valid,Valid,Fixation
2022-11-16 15:57:02.811999,,Eye Tracker,1180.0,670.0,Valid,Valid,Fixation
2022-11-16 15:57:02.828653,,Eye Tracker,1183.0,674.0,Valid,Valid,Fixation
2022-11-16 15:57:02.845308,,Eye Tracker,1179.0,672.0,Valid,Valid,Fixation
2022-11-16 15:57:02.861963,,Eye Tracker,1182.0,671.0,Valid,Valid,Fixation
2022-11-16 15:57:02.878617,,Eye Tracker,1180.0,676.0,Valid,Valid,Fixation
2022-11-16 15:57:02.895272,,Eye Tracker,1175.0,679.0,Valid,Valid,Fixation
2022-11-16 15:57:02.911927,,Eye Tracker,1178.0,676.0,Valid,Valid,Fixation
2022-11-16 15:57:02.928581,,Eye Tracker,1176.0,672.0,Valid,Valid,Fixation
2022-11-16 15:57:02.945236,,Eye Tracker,1178.0,670.0,Valid,Valid,Fixation
2022-11-16 15:57:02.961891,,Eye Tracker,1183.0,677.0,Valid,Valid,Fixation
2022-11-16 15:57:02.978546,,Eye Tracker,1182.0,676.0,Valid,Valid,Fixation
2022-11-16 15:57:02.995201,,Eye Tracker,1176.0,678.0,Valid,Valid,Fixation
2022-11-16 15:57:03.011856,,Eye Tracker,1172.0,681.0,Valid,Valid,Fixation
2022-11-16 15:57:03.028510,,Eye Tracker,1174.0,675.0,Valid,Valid,Fixation
2022-11-16 15:57:03.045165,,Eye Tracker,1173.0,674.0,Valid,Valid,Fixation
2022-11-16 15:57:03.061820,,Eye Tracker,1180.0,675.0,Valid,Valid,Fixation
2022-11-16 15:57:03.078475,,Eye Tracker,1184.0,672.0,Valid,Valid,Fixation
2022-11-16 15:57:03.095129,,Eye Tracker,1177.0,670.0,Valid,Valid,Fixation
2022-11-16 15:57:03.111784,,Eye Tracker,1176.0,669.0,Valid,Valid,Fixation
2022-11-16 15:57:03.128439,,Eye Tracker,1174.0,668.0,Valid,Valid,Fixation
2022-11-16 15:57:03.145094,,Eye Tracker,1167.0,669.0,Valid,Valid,Fixation
2022-11-16 15:57:03.161749,,Eye Tracker,1173.0,671.0,Valid,Valid,Fixation
2022-11-16 15:57:03.178404,,Eye Tracker,1182.0,671.0,Valid,Valid,Fixation
2022-11-16 15:57:03.195058,,Eye Tracker,1175.0,670.0,Valid,Valid,Fixation
2022-11-16 15:57:03.211713,,Eye Tracker,1169.0,671.0,Valid,Valid,Fixation
2022-11-16 15:57:03.228368,,Eye Tracker,1176.0,686.0,Valid,Valid,Fixation
2022-11-16 15:57:03.245022,,Eye Tracker,1182.0,684.0,Valid,Valid,Fixation
2022-11-16 15:57:03.261677,,Eye Tracker,1180.0,672.0,Valid,Valid,Fixation
2022-11-16 15:57:03.278332,,Eye Tracker,1171.0,676.0,Valid,Valid,Fixation
2022-11-16 15:57:03.294986,,Eye Tracker,1166.0,688.0,Valid,Valid,Fixation
2022-11-16 15:57:03.311642,,Eye Tracker,1163.0,692.0,Valid,Valid,Fixation
2022-11-16 15:57:03.328297,,Eye Tracker,1161.0,688.0,Valid,Valid,Fixation
2022-11-16 15:57:03.344952,,Eye Tracker,1164.0,687.0,Valid,Valid,Fixation
2022-11-16 15:57:03.361606,,Eye Tracker,1164.0,687.0,Valid,Valid,Fixation
2022-11-16 15:57:03.378261,,Eye Tracker,1163.0,691.0,Valid,Valid,Fixation
2022-11-16 15:57:03.394916,,Eye Tracker,1166.0,690.0,Valid,Valid,Fixation
2022-11-16 15:57:03.411570,,Eye Tracker,1168.0,688.0,Valid,Valid,Fixation
2022-11-16 15:57:03.428225,,Eye Tracker,1162.0,690.0,Valid,Valid,Fixation
2022-11-16 15:57:03.444880,,Eye Tracker,1163.0,690.0,Valid,Valid,Fixation
2022-11-16 15:57:03.461534,,Eye Tracker,1164.0,688.0,Valid,Valid,Fixation
2022-11-16 15:57:03.478190,,Eye Tracker,1163.0,690.0,Valid,Valid,Fixation
2022-11-16 15:57:03.494845,,Eye Tracker,1168.0,690.0,Valid,Valid,Fixation
2022-11-16 15:57:03.511499,,Eye Tracker,1167.0,691.0,Valid,Valid,Fixation
2022-11-16 15:57:03.528154,,Eye Tracker,1163.0,691.0,Valid,Valid,Fixation
2022-11-16 15:57:03.544809,,Eye Tracker,1163.0,691.0,Valid,Valid,Fixation
2022-11-16 15:57:03.561464,,Eye Tracker,1163.0,692.0,Valid,Valid,Fixation
2022-11-16 15:57:03.578118,,Eye Tracker,1162.0,695.0,Valid,Valid,Fixation
2022-11-16 15:57:03.594773,,Eye Tracker,1164.0,693.0,Valid,Valid,Fixation
2022-11-16 15:57:03.611428,,Eye Tracker,1163.0,690.0,Valid,Valid,Fixation
2022-11-16 15:57:03.628082,,Eye Tracker,1160.0,695.0,Valid,Valid,Fixation
2022-11-16 15:57:03.644738,,Eye Tracker,1162.0,697.0,Valid,Valid,Fixation
2022-11-16 15:57:03.661393,,Eye Tracker,1168.0,692.0,Valid,Valid,Fixation
2022-11-16 15:57:03.678047,,Eye Tracker,1169.0,689.0,Valid,Valid,Fixation
2022-11-16 15:57:03.694702,,Eye Tracker,1168.0,692.0,Valid,Valid,Fixation
2022-11-16 15:57:03.711357,,Eye Tracker,1168.0,691.0,Valid,Valid,Fixation
2022-11-16 15:57:03.728011,,Eye Tracker,1166.0,691.0,Valid,Valid,Fixation
2022-11-16 15:57:03.744666,,Eye Tracker,1167.0,688.0,Valid,Valid,Fixation
2022-11-16 15:57:03.761321,,Eye Tracker,1181.0,680.0,Valid,Valid,Fixation
2022-11-16 15:57:03.777975,,Eye Tracker,1186.0,678.0,Valid,Valid,Fixation
2022-11-16 15:57:03.794631,,Eye Tracker,1177.0,678.0,Valid,Valid,Fixation
2022-11-16 15:57:03.811286,,Eye Tracker,1180.0,673.0,Valid,Valid,Fixation
2022-11-16 15:57:03.827940,,Eye Tracker,1184.0,677.0,Valid,Valid,Fixation
2022-11-16 15:57:03.844595,,Eye Tracker,1185.0,677.0,Valid,Valid,Fixation
2022-11-16 15:57:03.861250,,Eye Tracker,1183.0,669.0,Valid,Valid,Fixation
2022-11-16 15:57:03.877905,,Eye Tracker,1183.0,665.0,Valid,Valid,Fixation
2022-11-16 15:57:03.894559,,Eye Tracker,1181.0,668.0,Valid,Valid,Fixation
2022-11-16 15:57:03.911214,,Eye Tracker,1182.0,675.0,Valid,Valid,Fixation
2022-11-16 15:57:03.927869,,Eye Tracker,1183.0,675.0,Valid,Valid,Fixation
2022-11-16 15:57:03.944523,,Eye Tracker,1188.0,673.0,Valid,Valid,Fixation
2022-11-16 15:57:03.961179,,Eye Tracker,1186.0,671.0,Valid,Valid,Fixation
2022-11-16 15:57:03.977834,,Eye Tracker,1186.0,671.0,Valid,Valid,Fixation
2022-11-16 15:57:03.994488,,Eye Tracker,1193.0,672.0,Valid,Valid,Fixation
2022-11-16 15:57:04.011143,,Eye Tracker,1185.0,673.0,Valid,Valid,Fixation
2022-11-16 15:57:04.027798,,Eye Tracker,1177.0,673.0,Valid,Valid,Fixation
2022-11-16 15:57:04.044452,,Eye Tracker,1181.0,665.0,Valid,Valid,Fixation
2022-11-16 15:57:04.061107,,Eye Tracker,1185.0,670.0,Valid,Valid,Fixation
2022-11-16 15:57:04.077762,,Eye Tracker,1183.0,674.0,Valid,Valid,Fixation
2022-11-16 15:57:04.094416,,Eye Tracker,1186.0,670.0,Valid,Valid,Fixation
2022-11-16 15:57:04.111071,,Eye Tracker,1188.0,671.0,Valid,Valid,Fixation
2022-11-16 15:57:04.127727,,Eye Tracker,1187.0,666.0,Valid,Valid,Fixation
2022-11-16 15:57:04.144382,,Eye Tracker,1187.0,662.0,Valid,Valid,Fixation
2022-11-16 15:57:04.161036,,Eye Tracker,1183.0,668.0,Valid,Valid,Fixation
2022-11-16 15:57:04.177691,,Eye Tracker,1186.0,667.0,Valid,Valid,Fixation
2022-11-16 15:57:04.194346,,Eye Tracker,1185.0,659.0,Valid,Valid,Fixation
2022-11-16 15:57:04.211000,,Eye Tracker,1185.0,660.0,Valid,Valid,Fixation
2022-11-16 15:57:04.227655,,Eye Tracker,1188.0,666.0,Valid,Valid,Fixation
2022-11-16 15:57:04.244310,,Eye Tracker,1185.0,670.0,Valid,Valid,Fixation
2022-11-16 15:57:04.260964,,Eye Tracker,1184.0,674.0,Valid,Valid,Fixation
2022-11-16 15:57:04.277619,,Eye Tracker,1187.0,670.0,Valid,Valid,Fixation
2022-11-16 15:57:04.294275,,Eye Tracker,1187.0,664.0,Valid,Valid,Fixation
2022-11-16 15:57:04.310929,,Eye Tracker,1183.0,668.0,Valid,Valid,Fixation
2022-11-16 15:57:04.327584,,Eye Tracker,1182.0,669.0,Valid,Valid,Fixation
2022-11-16 15:57:04.344239,,Eye Tracker,1183.0,670.0,Valid,Valid,Fixation
2022-11-16 15:57:04.360893,,Eye Tracker,1183.0,670.0,Valid,Valid,Fixation
2022-11-16 15:57:04.377548,,Eye Tracker,1183.0,665.0,Valid,Valid,Fixation
2022-11-16 15:57:04.394203,,Eye Tracker,1185.0,663.0,Valid,Valid,Fixation
2022-11-16 15:57:04.410858,,Eye Tracker,1185.0,667.0,Valid,Valid,Fixation
2022-11-16 15:57:04.427512,,Eye Tracker,1186.0,668.0,Valid,Valid,Fixation
2022-11-16 15:57:04.444167,,Eye Tracker,1187.0,668.0,Valid,Valid,Fixation
2022-11-16 15:57:04.460823,,Eye Tracker,1186.0,670.0,Valid,Valid,Fixation
2022-11-16 15:57:04.477477,,Eye Tracker,1185.0,669.0,Valid,Valid,Fixation
2022-11-16 15:57:04.494132,,Eye Tracker,1191.0,667.0,Valid,Valid,Fixation
2022-11-16 15:57:04.510787,,Eye Tracker,1190.0,667.0,Valid,Valid,Fixation
2022-11-16 15:57:04.527441,,Eye Tracker,1184.0,661.0,Valid,Valid,Fixation
2022-11-16 15:57:04.544096,,Eye Tracker,1190.0,658.0,Valid,Valid,Fixation
2022-11-16 15:57:04.560751,,Eye Tracker,1193.0,661.0,Valid,Valid,Fixation
2022-11-16 15:57:04.577405,,Eye Tracker,1191.0,664.0,Valid,Valid,Fixation
2022-11-16 15:57:04.594060,,Eye Tracker,1186.0,668.0,Valid,Valid,Fixation
2022-11-16 15:57:04.610715,,Eye Tracker,1189.0,669.0,Valid,Valid,Fixation
2022-11-16 15:57:04.627370,,Eye Tracker,1194.0,668.0,Valid,Valid,Fixation
2022-11-16 15:57:04.644025,,Eye Tracker,1192.0,668.0,Valid,Valid,Fixation
2022-11-16 15:57:04.660680,,Eye Tracker,1194.0,672.0,Valid,Valid,Fixation
2022-11-16 15:57:04.677335,,Eye Tracker,1198.0,671.0,Valid,Valid,Fixation
2022-11-16 15:57:04.693989,,Eye Tracker,1193.0,665.0,Valid,Valid,Fixation
2022-11-16 15:57:04.710644,,Eye Tracker,1195.0,667.0,Valid,Valid,Fixation
2022-11-16 15:57:04.727299,,Eye Tracker,1196.0,670.0,Valid,Valid,Fixation
2022-11-16 15:57:04.743953,,Eye Tracker,1197.0,669.0,Valid,Valid,Fixation
2022-11-16 15:57:04.760608,,Eye Tracker,1200.0,668.0,Valid,Valid,Fixation
2022-11-16 15:57:04.777263,,Eye Tracker,1197.0,665.0,Valid,Valid,Fixation
2022-11-16 15:57:04.793918,,Eye Tracker,1191.0,668.0,Valid,Valid,Fixation
2022-11-16 15:57:04.810573,,Eye Tracker,1193.0,667.0,Valid,Valid,Fixation
2022-11-16 15:57:04.827228,,Eye Tracker,1196.0,667.0,Valid,Valid,Fixation
2022-11-16 15:57:04.843882,,Eye Tracker,1197.0,667.0,Valid,Valid,Fixation
2022-11-16 15:57:04.860537,,Eye Tracker,1198.0,665.0,Valid,Valid,Fixation
2022-11-16 15:57:04.877192,,Eye Tracker,1196.0,667.0,Valid,Valid,Fixation
2022-11-16 15:57:04.893846,,Eye Tracker,1197.0,670.0,Valid,Valid,Fixation
2022-11-16 15:57:04.910501,,Eye Tracker,1199.0,672.0,Valid,Valid,Fixation
2022-11-16 15:57:04.927156,,Eye Tracker,1201.0,670.0,Valid,Valid,Fixation
2022-11-16 15:57:04.943811,,Eye Tracker,1201.0,668.0,Valid,Valid,Fixation
2022-11-16 15:57:04.960466,,Eye Tracker,1200.0,668.0,Valid,Valid,Fixation
2022-11-16 15:57:04.977121,,Eye Tracker,1194.0,667.0,Valid,Valid,Fixation
2022-11-16 15:57:04.993776,,Eye Tracker,1186.0,677.0,Valid,Valid,Fixation
2022-11-16 15:57:05.010430,,Eye Tracker,1178.0,684.0,Valid,Valid,Fixation
2022-11-16 15:57:05.027085,,Eye Tracker,1181.0,680.0,Valid,Valid,Fixation
2022-11-16 15:57:05.043740,,Eye Tracker,1177.0,681.0,Valid,Valid,Fixation
2022-11-16 15:57:05.060394,,Eye Tracker,1173.0,684.0,Valid,Valid,Fixation
2022-11-16 15:57:05.077049,,Eye Tracker,1177.0,686.0,Valid,Valid,Fixation
2022-11-16 15:57:05.093704,,Eye Tracker,1179.0,683.0,Valid,Valid,Fixation
2022-11-16 15:57:05.110358,,Eye Tracker,1180.0,683.0,Valid,Valid,Fixation
2022-11-16 15:57:05.127014,,Eye Tracker,1178.0,685.0,Valid,Valid,Fixation
2022-11-16 15:57:05.143669,,Eye Tracker,1180.0,681.0,Valid,Valid,Fixation
2022-11-16 15:57:05.160323,,Eye Tracker,1175.0,678.0,Valid,Valid,Fixation
2022-11-16 15:57:05.176978,,Eye Tracker,1175.0,678.0,Valid,Valid,Fixation
2022-11-16 15:57:05.193633,,Eye Tracker,1177.0,680.0,Valid,Valid,Fixation
2022-11-16 15:57:05.210288,,Eye Tracker,1172.0,678.0,Valid,Valid,Fixation
2022-11-16 15:57:05.226942,,Eye Tracker,1172.0,677.0,Valid,Valid,Fixation
2022-11-16 15:57:05.243597,,Eye Tracker,1172.0,681.0,Valid,Valid,Fixation
2022-11-16 15:57:05.260252,,Eye Tracker,1176.0,679.0,Valid,Valid,Fixation
2022-11-16 15:57:05.276906,,Eye Tracker,1182.0,678.0,Valid,Valid,Fixation
2022-11-16 15:57:05.293562,,Eye Tracker,1180.0,679.0,Valid,Valid,Fixation
2022-11-16 15:57:05.310217,,Eye Tracker,1176.0,680.0,Valid,Valid,Fixation
2022-11-16 15:57:05.326871,,Eye Tracker,1175.0,676.0,Valid,Valid,Fixation
2022-11-16 15:57:05.343526,,Eye Tracker,1173.0,675.0,Valid,Valid,Fixation
2022-11-16 15:57:05.360181,,Eye Tracker,1176.0,681.0,Valid,Valid,Fixation
2022-11-16 15:57:05.376835,,Eye Tracker,1177.0,681.0,Valid,Valid,Fixation
2022-11-16 15:57:05.393490,,Eye Tracker,1178.0,680.0,Valid,Valid,Fixation
2022-11-16 15:57:05.410145,,Eye Tracker,1181.0,680.0,Valid,Valid,Fixation
2022-11-16 15:57:05.426800,,Eye Tracker,1180.0,678.0,Valid,Valid,Fixation
2022-11-16 15:57:05.443455,,Eye Tracker,1181.0,679.0,Valid,Valid,Fixation
2022-11-16 15:57:05.460110,,Eye Tracker,1179.0,676.0,Valid,Valid,Fixation
2022-11-16 15:57:05.476765,,Eye Tracker,1176.0,678.0,Valid,Valid,Fixation
2022-11-16 15:57:05.493419,,Eye Tracker,1171.0,684.0,Valid,Valid,Fixation
2022-11-16 15:57:05.510074,,Eye Tracker,1171.0,681.0,Valid,Valid,Fixation
2022-11-16 15:57:05.526729,,Eye Tracker,1175.0,679.0,Valid,Valid,Fixation
2022-11-16 15:57:05.543383,,Eye Tracker,1178.0,679.0,Valid,Valid,Fixation
2022-11-16 15:57:05.560038,,Eye Tracker,1177.0,678.0,Valid,Valid,Fixation
2022-11-16 15:57:05.576693,,Eye Tracker,1178.0,679.0,Valid,Valid,Fixation
2022-11-16 15:57:05.593347,,Eye Tracker,1189.0,678.0,Valid,Valid,Fixation
2022-11-16 15:57:05.610003,,Eye Tracker,1198.0,679.0,Valid,Valid,Fixation
2022-11-16 15:57:05.626658,,Eye Tracker,1197.0,685.0,Valid,Valid,Fixation
2022-11-16 15:57:05.643312,,Eye Tracker,1197.0,686.0,Valid,Valid,Fixation
2022-11-16 15:57:05.659968,,Eye Tracker,1197.0,687.0,Valid,Valid,Fixation
2022-11-16 15:57:05.676623,,Eye Tracker,1196.0,683.0,Valid,Valid,Fixation
2022-11-16 15:57:05.693277,,Eye Tracker,1200.0,680.0,Valid,Valid,Fixation
2022-11-16 15:57:05.709932,,Eye Tracker,1203.0,683.0,Valid,Valid,Fixation
2022-11-16 15:57:05.726587,,Eye Tracker,1195.0,679.0,Valid,Valid,Fixation
2022-11-16 15:57:05.743242,,Eye Tracker,1190.0,678.0,Valid,Valid,Fixation
2022-11-16 15:57:05.759896,,Eye Tracker,1190.0,684.0,Valid,Valid,Fixation
2022-11-16 15:57:05.776552,,Eye Tracker,1195.0,683.0,Valid,Valid,Fixation
2022-11-16 15:57:05.793207,,Eye Tracker,1191.0,687.0,Valid,Valid,Fixation
2022-11-16 15:57:05.809862,,Eye Tracker,1176.0,687.0,Valid,Valid,Fixation
2022-11-16 15:57:05.826517,,Eye Tracker,1174.0,686.0,Valid,Valid,Fixation
2022-11-16 15:57:05.843172,,Eye Tracker,1173.0,686.0,Valid,Valid,Fixation
2022-11-16 15:57:05.859826,,Eye Tracker,1169.0,678.0,Valid,Valid,Fixation
2022-11-16 15:57:05.876481,,Eye Tracker,1169.0,682.0,Valid,Valid,Fixation
2022-11-16 15:57:05.893136,,Eye Tracker,1172.0,688.0,Valid,Valid,Fixation
2022-11-16 15:57:05.909790,,Eye Tracker,1172.0,682.0,Valid,Valid,Fixation
2022-11-16 15:57:05.926445,,Eye Tracker,1170.0,681.0,Valid,Valid,Fixation
2022-11-16 15:57:05.943101,,Eye Tracker,1172.0,679.0,Valid,Valid,Fixation
2022-11-16 15:57:05.959756,,Eye Tracker,1178.0,678.0,Valid,Valid,Fixation
2022-11-16 15:57:05.976411,,Eye Tracker,1175.0,680.0,Valid,Valid,Fixation
2022-11-16 15:57:05.993066,,Eye Tracker,1169.0,679.0,Valid,Valid,Fixation
2022-11-16 15:57:06.009721,,Eye Tracker,1172.0,680.0,Valid,Valid,Fixation
2022-11-16 15:57:06.026375,,Eye Tracker,1173.0,684.0,Valid,Valid,Fixation
2022-11-16 15:57:06.043030,,Eye Tracker,1174.0,684.0,Valid,Valid,Fixation
2022-11-16 15:57:06.059685,,Eye Tracker,1170.0,671.0,Valid,Valid,Fixation
2022-11-16 15:57:06.076339,,Eye Tracker,1168.0,680.0,Valid,Valid,Fixation
2022-11-16 15:57:06.092995,,Eye Tracker,1174.0,710.0,Valid,Valid,Saccade
2022-11-16 15:57:06.109651,,Eye Tracker,1119.0,771.0,Valid,Valid,Saccade
2022-11-16 15:57:06.126305,,Eye Tracker,996.0,884.0,Valid,Valid,Saccade
2022-11-16 15:57:06.142960,,Eye Tracker,983.0,886.0,Valid,Valid,Unclassified
2022-11-16 15:57:06.159615,,Eye Tracker,1106.0,779.0,Valid,Valid,Saccade
2022-11-16 15:57:06.176269,,Eye Tracker,1170.0,801.0,Valid,Valid,Saccade
2022-11-16 15:57:06.192924,,Eye Tracker,1157.0,834.0,Valid,Valid,Unclassified
2022-11-16 15:57:06.209579,,Eye Tracker,1155.0,765.0,Valid,Valid,Saccade
2022-11-16 15:57:06.226233,,Eye Tracker,1165.0,748.0,Valid,Valid,Unclassified
2022-11-16 15:57:06.242889,,Eye Tracker,1173.0,741.0,Valid,Valid,Unclassified
2022-11-16 15:57:06.259544,,Eye Tracker,1175.0,747.0,Valid,Valid,Unclassified
2022-11-16 15:57:06.276200,,Eye Tracker,1117.0,772.0,Valid,Valid,Saccade
2022-11-16 15:57:06.292854,,Eye Tracker,833.0,907.0,Valid,Invalid,Saccade
2022-11-16 15:57:06.309509,,Eye Tracker,,,Invalid,Invalid,EyesNotFound
2022-11-16 15:57:06.326164,,Eye Tracker,,,Invalid,Invalid,EyesNotFound
2022-11-16 15:57:06.342818,,Eye Tracker,,,Invalid,Invalid,EyesNotFound
2022-11-16 15:57:06.359473,,Eye Tracker,,,Invalid,Invalid,EyesNotFound
2022-11-16 15:57:06.376128,,Eye Tracker,,,Invalid,Invalid,EyesNotFound
2022-11-16 15:57:06.392783,,Eye Tracker,,,Invalid,Invalid,EyesNotFound
2022-11-16 15:57:06.409438,,Eye Tracker,896.0,1010.0,Valid,Invalid,Saccade
2022-11-16 15:57:06.426093,,Eye Tracker,1138.0,820.0,Valid,Valid,Saccade
2022-11-16 15:57:06.442748,,Eye Tracker,1177.0,783.0,Valid,Valid,Saccade
2022-11-16 15:57:06.459403,,Eye Tracker,1180.0,762.0,Valid,Valid,Saccade
2022-11-16 15:57:06.476058,,Eye Tracker,1190.0,714.0,Valid,Valid,Saccade
2022-11-16 15:57:06.492712,,Eye Tracker,1184.0,713.0,Valid,Valid,Fixation
2022-11-16 15:57:06.509367,,Eye Tracker,1181.0,709.0,Valid,Valid,Fixation
2022-11-16 15:57:06.526022,,Eye Tracker,1185.0,713.0,Valid,Valid,Fixation
2022-11-16 15:57:06.542678,,Eye Tracker,1186.0,712.0,Valid,Valid,Fixation
2022-11-16 15:57:06.559332,,Eye Tracker,1193.0,712.0,Valid,Valid,Fixation
2022-11-16 15:57:06.575987,,Eye Tracker,1193.0,712.0,Valid,Valid,Fixation
2022-11-16 15:57:06.592642,,Eye Tracker,1186.0,711.0,Valid,Valid,Fixation
2022-11-16 15:57:06.609297,,Eye Tracker,1188.0,716.0,Valid,Valid,Fixation
2022-11-16 15:57:06.625952,,Eye Tracker,1190.0,716.0,Valid,Valid,Fixation
2022-11-16 15:57:06.642607,,Eye Tracker,1191.0,716.0,Valid,Valid,Fixation
2022-11-16 15:57:06.659261,,Eye Tracker,1191.0,717.0,Valid,Valid,Fixation
2022-11-16 15:57:06.675917,,Eye Tracker,1189.0,720.0,Valid,Valid,Fixation
2022-11-16 15:57:06.692572,,Eye Tracker,1189.0,719.0,Valid,Valid,Fixation
2022-11-16 15:57:06.709226,,Eye Tracker,1189.0,721.0,Valid,Valid,Fixation
2022-11-16 15:57:06.725881,,Eye Tracker,1192.0,722.0,Valid,Valid,Fixation
2022-11-16 15:57:06.742536,,Eye Tracker,1192.0,722.0,Valid,Valid,Fixation
2022-11-16 15:57:06.759190,,Eye Tracker,1193.0,725.0,Valid,Valid,Fixation
2022-11-16 15:57:06.775846,,Eye Tracker,1196.0,724.0,Valid,Valid,Fixation
2022-11-16 15:57:06.792501,,Eye Tracker,1195.0,725.0,Valid,Valid,Fixation
2022-11-16 15:57:06.809156,,Eye Tracker,1177.0,734.0,Valid,Valid,Fixation
2022-11-16 15:57:06.825811,,Eye Tracker,1166.0,748.0,Valid,Valid,Fixation
2022-11-16 15:57:06.842466,,Eye Tracker,1168.0,754.0,Valid,Valid,Fixation
2022-11-16 15:57:06.859121,,Eye Tracker,1168.0,751.0,Valid,Valid,Fixation
2022-11-16 15:57:06.875775,,Eye Tracker,1169.0,752.0,Valid,Valid,Fixation
2022-11-16 15:57:06.892430,,Eye Tracker,1166.0,756.0,Valid,Valid,Fixation
2022-11-16 15:57:06.909085,,Eye Tracker,1165.0,758.0,Valid,Valid,Fixation
2022-11-16 15:57:06.925740,,Eye Tracker,1167.0,759.0,Valid,Valid,Fixation
2022-11-16 15:57:06.942395,,Eye Tracker,1168.0,758.0,Valid,Valid,Fixation
2022-11-16 15:57:06.959050,,Eye Tracker,1172.0,758.0,Valid,Valid,Fixation
2022-11-16 15:57:06.975705,,Eye Tracker,1171.0,762.0,Valid,Valid,Fixation
2022-11-16 15:57:06.992360,,Eye Tracker,1167.0,758.0,Valid,Valid,Fixation
2022-11-16 15:57:07.009015,,Eye Tracker,1166.0,758.0,Valid,Valid,Fixation
2022-11-16 15:57:07.025669,,Eye Tracker,1166.0,760.0,Valid,Valid,Fixation
2022-11-16 15:57:07.042324,,Eye Tracker,1165.0,759.0,Valid,Valid,Fixation
2022-11-16 15:57:07.058979,,Eye Tracker,1163.0,757.0,Valid,Valid,Fixation
2022-11-16 15:57:07.075635,,Eye Tracker,1163.0,758.0,Valid,Valid,Fixation
2022-11-16 15:57:07.092289,,Eye Tracker,1163.0,759.0,Valid,Valid,Fixation
2022-11-16 15:57:07.108944,,Eye Tracker,1163.0,760.0,Valid,Valid,Fixation
2022-11-16 15:57:07.125600,,Eye Tracker,1169.0,763.0,Valid,Valid,Fixation
2022-11-16 15:57:07.142254,,Eye Tracker,1171.0,761.0,Valid,Valid,Fixation
2022-11-16 15:57:07.158909,,Eye Tracker,1167.0,763.0,Valid,Valid,Fixation
2022-11-16 15:57:07.175564,,Eye Tracker,1168.0,765.0,Valid,Valid,Fixation
2022-11-16 15:57:07.192218,,Eye Tracker,1167.0,767.0,Valid,Valid,Fixation
2022-11-16 15:57:07.208873,,Eye Tracker,1164.0,767.0,Valid,Valid,Fixation
2022-11-16 15:57:07.225529,,Eye Tracker,1166.0,767.0,Valid,Valid,Fixation
2022-11-16 15:57:07.242183,,Eye Tracker,1168.0,768.0,Valid,Valid,Fixation
2022-11-16 15:57:07.258838,,Eye Tracker,1164.0,767.0,Valid,Valid,Fixation
2022-11-16 15:57:07.275494,,Eye Tracker,1166.0,769.0,Valid,Valid,Fixation
2022-11-16 15:57:07.292148,,Eye Tracker,1182.0,785.0,Valid,Valid,Saccade
2022-11-16 15:57:07.308803,,Eye Tracker,1192.0,798.0,Valid,Valid,Fixation
2022-11-16 15:57:07.325458,,Eye Tracker,1194.0,799.0,Valid,Valid,Fixation
2022-11-16 15:57:07.342113,,Eye Tracker,1195.0,799.0,Valid,Valid,Fixation
2022-11-16 15:57:07.358768,,Eye Tracker,1189.0,797.0,Valid,Valid,Fixation
2022-11-16 15:57:07.375423,,Eye Tracker,1188.0,800.0,Valid,Valid,Fixation
2022-11-16 15:57:07.392078,,Eye Tracker,1194.0,801.0,Valid,Valid,Fixation
2022-11-16 15:57:07.408732,,Eye Tracker,1192.0,802.0,Valid,Valid,Fixation
2022-11-16 15:57:07.425388,,Eye Tracker,1195.0,801.0,Valid,Valid,Fixation
2022-11-16 15:57:07.442043,,Eye Tracker,1195.0,798.0,Valid,Valid,Fixation
2022-11-16 15:57:07.458697,,Eye Tracker,1190.0,798.0,Valid,Valid,Fixation
2022-11-16 15:57:07.475352,,Eye Tracker,1193.0,799.0,Valid,Valid,Fixation
2022-11-16 15:57:07.492007,,Eye Tracker,1196.0,801.0,Valid,Valid,Fixation
2022-11-16 15:57:07.508662,,Eye Tracker,1195.0,805.0,Valid,Valid,Fixation
2022-11-16 15:57:07.525317,,Eye Tracker,1196.0,805.0,Valid,Valid,Fixation
2022-11-16 15:57:07.541972,,Eye Tracker,1198.0,804.0,Valid,Valid,Fixation
2022-11-16 15:57:07.558626,,Eye Tracker,1193.0,799.0,Valid,Valid,Fixation
2022-11-16 15:57:07.575281,,Eye Tracker,1190.0,799.0,Valid,Valid,Fixation
2022-11-16 15:57:07.591937,,Eye Tracker,1196.0,802.0,Valid,Valid,Fixation
2022-11-16 15:57:07.608592,,Eye Tracker,1197.0,801.0,Valid,Valid,Fixation
2022-11-16 15:57:07.625246,,Eye Tracker,1195.0,800.0,Valid,Valid,Fixation
2022-11-16 15:57:07.641902,,Eye Tracker,1195.0,803.0,Valid,Valid,Fixation
2022-11-16 15:57:07.658557,,Eye Tracker,1192.0,808.0,Valid,Valid,Fixation
2022-11-16 15:57:07.675211,,Eye Tracker,1190.0,808.0,Valid,Valid,Fixation
2022-11-16 15:57:07.691866,,Eye Tracker,1191.0,806.0,Valid,Valid,Fixation
2022-11-16 15:57:07.708521,,Eye Tracker,1193.0,806.0,Valid,Valid,Fixation
2022-11-16 15:57:07.725175,,Eye Tracker,1194.0,807.0,Valid,Valid,Fixation
2022-11-16 15:57:07.741830,,Eye Tracker,1194.0,807.0,Valid,Valid,Fixation
2022-11-16 15:57:07.758486,,Eye Tracker,1189.0,804.0,Valid,Valid,Fixation
2022-11-16 15:57:07.775140,,Eye Tracker,1186.0,802.0,Valid,Valid,Fixation
2022-11-16 15:57:07.791796,,Eye Tracker,1192.0,805.0,Valid,Valid,Fixation
2022-11-16 15:57:07.808451,,Eye Tracker,1193.0,806.0,Valid,Valid,Fixation
2022-11-16 15:57:07.825105,,Eye Tracker,1193.0,801.0,Valid,Valid,Fixation
2022-11-16 15:57:07.841760,,Eye Tracker,1192.0,800.0,Valid,Valid,Fixation
2022-11-16 15:57:07.858415,,Eye Tracker,1194.0,807.0,Valid,Valid,Fixation
2022-11-16 15:57:07.875070,,Eye Tracker,1196.0,807.0,Valid,Valid,Fixation
2022-11-16 15:57:07.891724,,Eye Tracker,1195.0,805.0,Valid,Valid,Fixation
2022-11-16 15:57:07.908379,,Eye Tracker,1195.0,809.0,Valid,Valid,Fixation
2022-11-16 15:57:07.925035,,Eye Tracker,1194.0,806.0,Valid,Valid,Fixation
2022-11-16 15:57:07.941690,,Eye Tracker,1192.0,805.0,Valid,Valid,Fixation
2022-11-16 15:57:07.958345,,Eye Tracker,1195.0,809.0,Valid,Valid,Fixation
2022-11-16 15:57:07.975000,,Eye Tracker,1194.0,809.0,Valid,Valid,Fixation
2022-11-16 15:57:07.991654,,Eye Tracker,1189.0,808.0,Valid,Valid,Fixation
2022-11-16 15:57:08.008309,,Eye Tracker,1190.0,812.0,Valid,Valid,Fixation
2022-11-16 15:57:08.024964,,Eye Tracker,1195.0,812.0,Valid,Valid,Fixation
2022-11-16 15:57:08.041618,,Eye Tracker,1183.0,822.0,Valid,Valid,Fixation
2022-11-16 15:57:08.058274,,Eye Tracker,1173.0,833.0,Valid,Valid,Fixation
2022-11-16 15:57:08.074929,,Eye Tracker,1175.0,838.0,Valid,Valid,Fixation
2022-11-16 15:57:08.091584,,Eye Tracker,1176.0,836.0,Valid,Valid,Fixation
2022-11-16 15:57:08.108239,,Eye Tracker,1175.0,835.0,Valid,Valid,Fixation
2022-11-16 15:57:08.124894,,Eye Tracker,1177.0,836.0,Valid,Valid,Fixation
2022-11-16 15:57:08.141549,,Eye Tracker,1176.0,837.0,Valid,Valid,Fixation
2022-11-16 15:57:08.158203,,Eye Tracker,1176.0,840.0,Valid,Valid,Fixation
2022-11-16 15:57:08.174858,,Eye Tracker,1178.0,839.0,Valid,Valid,Fixation
2022-11-16 15:57:08.191513,,Eye Tracker,1178.0,839.0,Valid,Valid,Fixation
2022-11-16 15:57:08.208168,,Eye Tracker,1179.0,838.0,Valid,Valid,Fixation
2022-11-16 15:57:08.224823,,Eye Tracker,1180.0,838.0,Valid,Valid,Fixation
2022-11-16 15:57:08.241478,,Eye Tracker,1177.0,838.0,Valid,Valid,Fixation
2022-11-16 15:57:08.258133,,Eye Tracker,1176.0,838.0,Valid,Valid,Fixation
2022-11-16 15:57:08.274788,,Eye Tracker,1186.0,842.0,Valid,Valid,Fixation
2022-11-16 15:57:08.291443,,Eye Tracker,1196.0,854.0,Valid,Valid,Fixation
2022-11-16 15:57:08.308097,,Eye Tracker,1199.0,866.0,Valid,Valid,Fixation
2022-11-16 15:57:08.324752,,Eye Tracker,1198.0,864.0,Valid,Valid,Fixation
2022-11-16 15:57:08.341407,,Eye Tracker,1197.0,862.0,Valid,Valid,Fixation
2022-11-16 15:57:08.358062,,Eye Tracker,1196.0,863.0,Valid,Valid,Fixation
2022-11-16 15:57:08.374717,,Eye Tracker,1199.0,864.0,Valid,Valid,Fixation
2022-11-16 15:57:08.391372,,Eye Tracker,1199.0,865.0,Valid,Valid,Fixation
2022-11-16 15:57:08.408027,,Eye Tracker,1199.0,863.0,Valid,Valid,Fixation
2022-11-16 15:57:08.424682,,Eye Tracker,1198.0,861.0,Valid,Valid,Fixation
2022-11-16 15:57:08.441337,,Eye Tracker,1194.0,859.0,Valid,Valid,Fixation
2022-11-16 15:57:08.457992,,Eye Tracker,1198.0,863.0,Valid,Valid,Fixation
2022-11-16 15:57:08.474646,,Eye Tracker,1197.0,865.0,Valid,Valid,Fixation
2022-11-16 15:57:08.491301,,Eye Tracker,1188.0,864.0,Valid,Valid,Fixation
2022-11-16 15:57:08.507957,,Eye Tracker,1189.0,866.0,Valid,Valid,Fixation
2022-11-16 15:57:08.524611,,Eye Tracker,1192.0,868.0,Valid,Valid,Fixation
2022-11-16 15:57:08.541266,,Eye Tracker,1194.0,870.0,Valid,Valid,Fixation
2022-11-16 15:57:08.557922,,Eye Tracker,1199.0,870.0,Valid,Valid,Fixation
2022-11-16 15:57:08.574576,,Eye Tracker,1196.0,870.0,Valid,Valid,Fixation
2022-11-16 15:57:08.591231,,Eye Tracker,1191.0,869.0,Valid,Valid,Fixation
2022-11-16 15:57:08.607886,,Eye Tracker,1187.0,871.0,Valid,Valid,Fixation
2022-11-16 15:57:08.624540,,Eye Tracker,1185.0,877.0,Valid,Valid,Fixation
2022-11-16 15:57:08.641196,,Eye Tracker,1173.0,892.0,Valid,Valid,Fixation
2022-11-16 15:57:08.657851,,Eye Tracker,1164.0,893.0,Valid,Valid,Fixation
2022-11-16 15:57:08.674506,,Eye Tracker,1162.0,892.0,Valid,Valid,Fixation
2022-11-16 15:57:08.691160,,Eye Tracker,1163.0,895.0,Valid,Valid,Fixation
2022-11-16 15:57:08.707816,,Eye Tracker,1164.0,897.0,Valid,Valid,Fixation
2022-11-16 15:57:08.724471,,Eye Tracker,1162.0,898.0,Valid,Valid,Fixation
2022-11-16 15:57:08.741125,,Eye Tracker,1164.0,900.0,Valid,Valid,Fixation
2022-11-16 15:57:08.757780,,Eye Tracker,1162.0,897.0,Valid,Valid,Fixation
2022-11-16 15:57:08.774435,,Eye Tracker,1157.0,895.0,Valid,Valid,Fixation
2022-11-16 15:57:08.791090,,Eye Tracker,1160.0,899.0,Valid,Valid,Fixation
2022-11-16 15:57:08.807745,,Eye Tracker,1163.0,897.0,Valid,Valid,Fixation
2022-11-16 15:57:08.824400,,Eye Tracker,1158.0,897.0,Valid,Valid,Fixation
2022-11-16 15:57:08.841055,,Eye Tracker,1159.0,898.0,Valid,Valid,Fixation
2022-11-16 15:57:08.857710,,Eye Tracker,1159.0,901.0,Valid,Valid,Fixation
2022-11-16 15:57:08.874365,,Eye Tracker,1158.0,902.0,Valid,Valid,Fixation
2022-11-16 15:57:08.891019,,Eye Tracker,1160.0,897.0,Valid,Valid,Fixation
2022-11-16 15:57:08.907674,,Eye Tracker,1164.0,901.0,Valid,Valid,Fixation
2022-11-16 15:57:08.924329,,Eye Tracker,1161.0,903.0,Valid,Valid,Fixation
2022-11-16 15:57:08.940985,,Eye Tracker,1157.0,900.0,Valid,Valid,Fixation
2022-11-16 15:57:08.957639,,Eye Tracker,1164.0,901.0,Valid,Valid,Fixation
2022-11-16 15:57:08.974295,,Eye Tracker,1164.0,900.0,Valid,Valid,Fixation
2022-11-16 15:57:08.990950,,Eye Tracker,1160.0,900.0,Valid,Valid,Fixation
2022-11-16 15:57:09.007604,,Eye Tracker,1159.0,901.0,Valid,Valid,Fixation
2022-11-16 15:57:09.024259,,Eye Tracker,1170.0,916.0,Valid,Valid,Fixation
2022-11-16 15:57:09.040914,,Eye Tracker,1178.0,928.0,Valid,Valid,Fixation
2022-11-16 15:57:09.057568,,Eye Tracker,1176.0,925.0,Valid,Valid,Fixation
2022-11-16 15:57:09.074224,,Eye Tracker,1177.0,928.0,Valid,Valid,Fixation
2022-11-16 15:57:09.090879,,Eye Tracker,1174.0,925.0,Valid,Valid,Fixation
2022-11-16 15:57:09.107533,,Eye Tracker,1176.0,930.0,Valid,Valid,Fixation
2022-11-16 15:57:09.124189,,Eye Tracker,1180.0,930.0,Valid,Valid,Fixation
2022-11-16 15:57:09.140844,,Eye Tracker,1174.0,926.0,Valid,Valid,Fixation
2022-11-16 15:57:09.157498,,Eye Tracker,1173.0,927.0,Valid,Valid,Fixation
2022-11-16 15:57:09.174153,,Eye Tracker,1176.0,930.0,Valid,Valid,Fixation
2022-11-16 15:57:09.190808,,Eye Tracker,1178.0,934.0,Valid,Valid,Fixation
2022-11-16 15:57:09.207463,,Eye Tracker,1176.0,935.0,Valid,Valid,Fixation
2022-11-16 15:57:09.224117,,Eye Tracker,1177.0,934.0,Valid,Valid,Fixation
2022-11-16 15:57:09.240773,,Eye Tracker,1182.0,931.0,Valid,Valid,Fixation
2022-11-16 15:57:09.257429,,Eye Tracker,1178.0,933.0,Valid,Valid,Fixation
2022-11-16 15:57:09.274083,,Eye Tracker,1176.0,933.0,Valid,Valid,Fixation
2022-11-16 15:57:09.290738,,Eye Tracker,1178.0,930.0,Valid,Valid,Fixation
2022-11-16 15:57:09.307393,,Eye Tracker,1176.0,931.0,Valid,Valid,Fixation
2022-11-16 15:57:09.324047,,Eye Tracker,1174.0,935.0,Valid,Valid,Fixation
2022-11-16 15:57:09.340702,,Eye Tracker,1178.0,933.0,Valid,Valid,Fixation
2022-11-16 15:57:09.357357,,Eye Tracker,1180.0,934.0,Valid,Valid,Fixation
2022-11-16 15:57:09.374011,,Eye Tracker,1177.0,934.0,Valid,Valid,Fixation
2022-11-16 15:57:09.390667,,Eye Tracker,1178.0,932.0,Valid,Valid,Fixation
2022-11-16 15:57:09.407323,,Eye Tracker,1180.0,934.0,Valid,Valid,Fixation
2022-11-16 15:57:09.423977,,Eye Tracker,1181.0,937.0,Valid,Valid,Fixation
2022-11-16 15:57:09.440632,,Eye Tracker,1181.0,937.0,Valid,Valid,Fixation
2022-11-16 15:57:09.457287,,Eye Tracker,1171.0,936.0,Valid,Valid,Fixation
2022-11-16 15:57:09.473942,,Eye Tracker,1153.0,953.0,Valid,Valid,Saccade
2022-11-16 15:57:09.490596,,Eye Tracker,1146.0,964.0,Valid,Valid,Fixation
2022-11-16 15:57:09.507251,,Eye Tracker,1150.0,960.0,Valid,Valid,Fixation
2022-11-16 15:57:09.523907,,Eye Tracker,1153.0,960.0,Valid,Valid,Fixation
2022-11-16 15:57:09.540561,,Eye Tracker,1152.0,965.0,Valid,Valid,Fixation
2022-11-16 15:57:09.557217,,Eye Tracker,1152.0,966.0,Valid,Valid,Fixation
2022-11-16 15:57:09.573872,,Eye Tracker,1153.0,963.0,Valid,Valid,Fixation
2022-11-16 15:57:09.590526,,Eye Tracker,1157.0,962.0,Valid,Valid,Fixation
2022-11-16 15:57:09.607181,,Eye Tracker,1158.0,963.0,Valid,Valid,Fixation
2022-11-16 15:57:09.623836,,Eye Tracker,1156.0,960.0,Valid,Valid,Fixation
2022-11-16 15:57:09.640490,,Eye Tracker,1156.0,963.0,Valid,Valid,Fixation
2022-11-16 15:57:09.657145,,Eye Tracker,1159.0,963.0,Valid,Valid,Fixation
2022-11-16 15:57:09.673801,,Eye Tracker,1160.0,963.0,Valid,Valid,Fixation
2022-11-16 15:57:09.690456,,Eye Tracker,1174.0,976.0,Valid,Valid,Fixation
2022-11-16 15:57:09.707111,,Eye Tracker,1193.0,989.0,Valid,Valid,Fixation
2022-11-16 15:57:09.723766,,Eye Tracker,1185.0,985.0,Valid,Valid,Fixation
2022-11-16 15:57:09.740421,,Eye Tracker,1187.0,982.0,Valid,Valid,Fixation
2022-11-16 15:57:09.757075,,Eye Tracker,1192.0,982.0,Valid,Valid,Fixation
2022-11-16 15:57:09.773730,,Eye Tracker,1188.0,982.0,Valid,Valid,Fixation
2022-11-16 15:57:09.790385,,Eye Tracker,1183.0,983.0,Valid,Valid,Fixation
2022-11-16 15:57:09.807040,,Eye Tracker,1182.0,983.0,Valid,Valid,Fixation
2022-11-16 15:57:09.823696,,Eye Tracker,1180.0,978.0,Valid,Valid,Fixation
2022-11-16 15:57:09.840351,,Eye Tracker,1178.0,981.0,Valid,Valid,Fixation
2022-11-16 15:57:09.857005,,Eye Tracker,1183.0,987.0,Valid,Valid,Fixation
2022-11-16 15:57:09.873660,,Eye Tracker,1187.0,988.0,Valid,Valid,Fixation
2022-11-16 15:57:09.890315,,Eye Tracker,1180.0,989.0,Valid,Valid,Fixation
2022-11-16 15:57:09.906969,,Eye Tracker,1178.0,985.0,Valid,Valid,Fixation
2022-11-16 15:57:09.923624,,Eye Tracker,1183.0,979.0,Valid,Valid,Fixation
2022-11-16 15:57:09.940279,,Eye Tracker,1182.0,980.0,Valid,Valid,Fixation
2022-11-16 15:57:09.956934,,Eye Tracker,1180.0,986.0,Valid,Valid,Fixation
2022-11-16 15:57:09.973590,,Eye Tracker,1166.0,992.0,Valid,Valid,Fixation
2022-11-16 15:57:09.990245,,Eye Tracker,1148.0,996.0,Valid,Valid,Fixation
2022-11-16 15:57:10.006900,,Eye Tracker,1144.0,998.0,Valid,Valid,Fixation
2022-11-16 15:57:10.023554,,Eye Tracker,1148.0,1003.0,Valid,Valid,Fixation
2022-11-16 15:57:10.040209,,Eye Tracker,1145.0,1005.0,Valid,Valid,Fixation
2022-11-16 15:57:10.056864,,Eye Tracker,1149.0,1000.0,Valid,Valid,Fixation
2022-11-16 15:57:10.073518,,Eye Tracker,1145.0,1001.0,Valid,Valid,Fixation
2022-11-16 15:57:10.090174,,Eye Tracker,1138.0,1004.0,Valid,Valid,Fixation
2022-11-16 15:57:10.106829,,Eye Tracker,1140.0,1005.0,Valid,Valid,Fixation
2022-11-16 15:57:10.123484,,Eye Tracker,1140.0,1007.0,Valid,Valid,Fixation
2022-11-16 15:57:10.140139,,Eye Tracker,1140.0,1003.0,Valid,Valid,Fixation
2022-11-16 15:57:10.156794,,Eye Tracker,1139.0,1005.0,Valid,Valid,Fixation
2022-11-16 15:57:10.173448,,Eye Tracker,1140.0,1005.0,Valid,Valid,Fixation
2022-11-16 15:57:10.190103,,Eye Tracker,1142.0,1002.0,Valid,Valid,Fixation
2022-11-16 15:57:10.206758,,Eye Tracker,1143.0,998.0,Valid,Valid,Fixation
2022-11-16 15:57:10.223413,,Eye Tracker,1146.0,997.0,Valid,Valid,Fixation
2022-11-16 15:57:10.240068,,Eye Tracker,1144.0,993.0,Valid,Valid,Fixation
2022-11-16 15:57:10.256724,,Eye Tracker,1139.0,999.0,Valid,Valid,Fixation
2022-11-16 15:57:10.273379,,Eye Tracker,1138.0,996.0,Valid,Valid,Fixation
2022-11-16 15:57:10.290033,,Eye Tracker,1136.0,990.0,Valid,Valid,Fixation
2022-11-16 15:57:10.306688,,Eye Tracker,1137.0,990.0,Valid,Valid,Fixation
2022-11-16 15:57:10.323343,,Eye Tracker,1138.0,987.0,Valid,Valid,Fixation
2022-11-16 15:57:10.339997,,Eye Tracker,1137.0,984.0,Valid,Valid,Fixation
2022-11-16 15:57:10.356652,,Eye Tracker,1141.0,986.0,Valid,Valid,Fixation
2022-11-16 15:57:10.373308,,Eye Tracker,1146.0,984.0,Valid,Valid,Fixation
2022-11-16 15:57:10.389962,,Eye Tracker,1144.0,982.0,Valid,Valid,Fixation
2022-11-16 15:57:10.406618,,Eye Tracker,1141.0,980.0,Valid,Valid,Fixation
2022-11-16 15:57:10.423273,,Eye Tracker,1138.0,978.0,Valid,Valid,Fixation
2022-11-16 15:57:10.439927,,Eye Tracker,1133.0,982.0,Valid,Valid,Fixation
2022-11-16 15:57:10.456582,,Eye Tracker,1135.0,979.0,Valid,Valid,Fixation
2022-11-16 15:57:10.473237,,Eye Tracker,1128.0,987.0,Valid,Valid,Fixation
2022-11-16 15:57:10.489891,,Eye Tracker,1125.0,992.0,Valid,Valid,Fixation
2022-11-16 15:57:10.506547,,Eye Tracker,1127.0,989.0,Valid,Valid,Fixation
2022-11-16 15:57:10.523202,,Eye Tracker,1129.0,990.0,Valid,Valid,Fixation
2022-11-16 15:57:10.539857,,Eye Tracker,1130.0,990.0,Valid,Valid,Fixation
2022-11-16 15:57:10.556512,,Eye Tracker,1126.0,986.0,Valid,Valid,Fixation
2022-11-16 15:57:10.573167,,Eye Tracker,1122.0,989.0,Valid,Valid,Fixation
2022-11-16 15:57:10.589822,,Eye Tracker,1123.0,994.0,Valid,Valid,Fixation
2022-11-16 15:57:10.606476,,Eye Tracker,1126.0,997.0,Valid,Valid,Fixation
2022-11-16 15:57:10.623131,,Eye Tracker,1122.0,998.0,Valid,Valid,Fixation
2022-11-16 15:57:10.639786,,Eye Tracker,1117.0,997.0,Valid,Valid,Fixation
2022-11-16 15:57:10.656440,,Eye Tracker,1120.0,998.0,Valid,Valid,Fixation
2022-11-16 15:57:10.673095,,Eye Tracker,1126.0,993.0,Valid,Valid,Fixation
2022-11-16 15:57:10.689750,,Eye Tracker,1126.0,998.0,Valid,Valid,Fixation
2022-11-16 15:57:10.706405,,Eye Tracker,1124.0,998.0,Valid,Valid,Fixation
2022-11-16 15:57:10.723060,,Eye Tracker,1123.0,992.0,Valid,Valid,Fixation
2022-11-16 15:57:10.739715,,Eye Tracker,1121.0,990.0,Valid,Valid,Fixation
2022-11-16 15:57:10.756369,,Eye Tracker,1124.0,987.0,Valid,Valid,Fixation
2022-11-16 15:57:10.773024,,Eye Tracker,1128.0,990.0,Valid,Valid,Fixation
2022-11-16 15:57:10.789679,,Eye Tracker,1132.0,992.0,Valid,Valid,Fixation
2022-11-16 15:57:10.806334,,Eye Tracker,1132.0,992.0,Valid,Valid,Fixation
2022-11-16 15:57:10.822988,,Eye Tracker,1104.0,994.0,Valid,Valid,Saccade
2022-11-16 15:57:10.839643,,Eye Tracker,1078.0,991.0,Valid,Valid,Fixation
2022-11-16 15:57:10.856299,,Eye Tracker,1087.0,991.0,Valid,Valid,Fixation
2022-11-16 15:57:10.872953,,Eye Tracker,1080.0,991.0,Valid,Valid,Fixation
2022-11-16 15:57:10.889608,,Eye Tracker,1069.0,994.0,Valid,Valid,Fixation
2022-11-16 15:57:10.906263,,Eye Tracker,1074.0,990.0,Valid,Valid,Fixation
2022-11-16 15:57:10.922917,,Eye Tracker,1079.0,986.0,Valid,Valid,Fixation
2022-11-16 15:57:10.939572,,Eye Tracker,1073.0,992.0,Valid,Valid,Fixation
2022-11-16 15:57:10.956227,,Eye Tracker,1069.0,991.0,Valid,Valid,Fixation
2022-11-16 15:57:10.972881,,Eye Tracker,1068.0,987.0,Valid,Valid,Fixation
2022-11-16 15:57:10.989537,,Eye Tracker,1063.0,979.0,Valid,Valid,Fixation
2022-11-16 15:57:11.006192,,Eye Tracker,1060.0,990.0,Valid,Valid,Fixation
2022-11-16 15:57:11.022847,,Eye Tracker,1086.0,1047.0,Valid,Invalid,Saccade
2022-11-16 15:57:11.039501,,Eye Tracker,1004.0,1241.0,Valid,Valid,Saccade
2022-11-16 15:57:11.056156,,Eye Tracker,1004.0,1241.0,Valid,Valid,Unclassified
2022-11-16 15:57:11.072811,,Eye Tracker,1081.0,1053.0,Valid,Valid,Saccade
2022-11-16 15:57:11.089465,,Eye Tracker,1091.0,1064.0,Valid,Valid,Unclassified
2022-11-16 15:57:11.106120,,Eye Tracker,1085.0,1051.0,Valid,Valid,Unclassified
2022-11-16 15:57:11.122775,,Eye Tracker,1083.0,1045.0,Valid,Valid,Unclassified
2022-11-16 15:57:11.139430,,Eye Tracker,1093.0,1098.0,Valid,Valid,Saccade
2022-11-16 15:57:11.156085,,Eye Tracker,1092.0,1086.0,Valid,Valid,Unclassified
2022-11-16 15:57:11.172740,,Eye Tracker,1088.0,1076.0,Valid,Valid,Unclassified
2022-11-16 15:57:11.189394,,Eye Tracker,1085.0,1072.0,Valid,Valid,Unclassified
2022-11-16 15:57:11.206049,,Eye Tracker,1086.0,1039.0,Valid,Valid,Saccade
2022-11-16 15:57:11.222704,,Eye Tracker,1092.0,1049.0,Valid,Valid,Unclassified
2022-11-16 15:57:11.239358,,Eye Tracker,1072.0,1070.0,Valid,Valid,Saccade
2022-11-16 15:57:11.256013,,Eye Tracker,1065.0,1072.0,Valid,Valid,Unclassified
2022-11-16 15:57:11.272668,,Eye Tracker,1075.0,1058.0,Valid,Valid,Unclassified
2022-11-16 15:57:11.289323,,Eye Tracker,1079.0,1078.0,Valid,Valid,Unclassified
2022-11-16 15:57:11.305978,,Eye Tracker,,,Invalid,Invalid,EyesNotFound
2022-11-16 15:57:11.322633,,Eye Tracker,,,Invalid,Invalid,EyesNotFound
2022-11-16 15:57:11.339288,,Eye Tracker,,,Invalid,Invalid,EyesNotFound
2022-11-16 15:57:11.355942,,Eye Tracker,,,Invalid,Invalid,EyesNotFound
2022-11-16 15:57:11.372597,,Eye Tracker,,,Invalid,Invalid,EyesNotFound
2022-11-16 15:57:11.389252,,Eye Tracker,,,Invalid,Invalid,EyesNotFound
2022-11-16 15:57:11.405906,,Eye Tracker,,,Invalid,Invalid,EyesNotFound
2022-11-16 15:57:11.422561,,Eye Tracker,,,Invalid,Invalid,EyesNotFound
2022-11-16 15:57:11.439217,,Eye Tracker,,,Invalid,Invalid,EyesNotFound
2022-11-16 15:57:11.455871,,Eye Tracker,1250.0,1129.0,Valid,Valid,Saccade
2022-11-16 15:57:11.472526,,Eye Tracker,1138.0,1089.0,Valid,Valid,Saccade
2022-11-16 15:57:11.489181,,Eye Tracker,1058.0,1045.0,Valid,Valid,Saccade
2022-11-16 15:57:11.505835,,Eye Tracker,1052.0,1052.0,Valid,Valid,Fixation
2022-11-16 15:57:11.522490,,Eye Tracker,1051.0,1055.0,Valid,Valid,Fixation
2022-11-16 15:57:11.539145,,Eye Tracker,1053.0,1051.0,Valid,Valid,Fixation
2022-11-16 15:57:11.555799,,Eye Tracker,1057.0,1050.0,Valid,Valid,Fixation
2022-11-16 15:57:11.572454,,Eye Tracker,1048.0,1065.0,Valid,Valid,Fixation
2022-11-16 15:57:11.589110,,Eye Tracker,1056.0,1036.0,Valid,Valid,Fixation
2022-11-16 15:57:11.605765,,Eye Tracker,1066.0,1017.0,Valid,Valid,Fixation
2022-11-16 15:57:11.622419,,Eye Tracker,1061.0,1037.0,Valid,Valid,Fixation
2022-11-16 15:57:11.639074,,Eye Tracker,1055.0,1034.0,Valid,Valid,Fixation
2022-11-16 15:57:11.655729,,Eye Tracker,1048.0,1027.0,Valid,Valid,Fixation
2022-11-16 15:57:11.672383,,Eye Tracker,1048.0,1029.0,Valid,Valid,Fixation
2022-11-16 15:57:11.689038,,Eye Tracker,1010.0,1043.0,Valid,Valid,Saccade
2022-11-16 15:57:11.705693,,Eye Tracker,990.0,1053.0,Valid,Valid,Fixation
2022-11-16 15:57:11.722348,,Eye Tracker,991.0,1049.0,Valid,Valid,Fixation
2022-11-16 15:57:11.739003,,Eye Tracker,991.0,1050.0,Valid,Valid,Fixation
2022-11-16 15:57:11.755658,,Eye Tracker,981.0,1046.0,Valid,Valid,Fixation
2022-11-16 15:57:11.772312,,Eye Tracker,963.0,1031.0,Valid,Valid,Fixation
2022-11-16 15:57:11.788967,,Eye Tracker,989.0,1027.0,Valid,Valid,Fixation
2022-11-16 15:57:11.805622,,Eye Tracker,990.0,1024.0,Valid,Valid,Fixation
2022-11-16 15:57:11.822276,,Eye Tracker,993.0,1023.0,Valid,Valid,Fixation
2022-11-16 15:57:11.838931,,Eye Tracker,988.0,1030.0,Valid,Valid,Fixation
2022-11-16 15:57:11.855586,,Eye Tracker,993.0,1025.0,Valid,Valid,Fixation
2022-11-16 15:57:11.872242,,Eye Tracker,992.0,1020.0,Valid,Valid,Fixation
2022-11-16 15:57:11.888896,,Eye Tracker,990.0,1039.0,Valid,Valid,Fixation
2022-11-16 15:57:11.905551,,Eye Tracker,987.0,1040.0,Valid,Valid,Fixation
2022-11-16 15:57:11.922206,,Eye Tracker,985.0,1038.0,Valid,Valid,Fixation
2022-11-16 15:57:11.938860,,Eye Tracker,984.0,1038.0,Valid,Valid,Fixation
2022-11-16 15:57:11.955515,,Eye Tracker,976.0,1032.0,Valid,Valid,Fixation
2022-11-16 15:57:11.972170,,Eye Tracker,974.0,1033.0,Valid,Valid,Fixation
2022-11-16 15:57:11.988824,,Eye Tracker,973.0,1031.0,Valid,Valid,Fixation
2022-11-16 15:57:12.005479,,Eye Tracker,971.0,1032.0,Valid,Valid,Fixation
2022-11-16 15:57:12.022135,,Eye Tracker,971.0,1029.0,Valid,Valid,Fixation
2022-11-16 15:57:12.038789,,Eye Tracker,975.0,1024.0,Valid,Valid,Fixation
2022-11-16 15:57:12.055444,,Eye Tracker,976.0,1026.0,Valid,Valid,Fixation
2022-11-16 15:57:12.072099,,Eye Tracker,977.0,1026.0,Valid,Valid,Fixation
2022-11-16 15:57:12.088753,,Eye Tracker,977.0,1018.0,Valid,Valid,Fixation
2022-11-16 15:57:12.105408,,Eye Tracker,978.0,1019.0,Valid,Valid,Fixation
2022-11-16 15:57:12.122063,,Eye Tracker,984.0,1025.0,Valid,Valid,Fixation
2022-11-16 15:57:12.138718,,Eye Tracker,980.0,1021.0,Valid,Valid,Fixation
2022-11-16 15:57:12.155372,,Eye Tracker,981.0,1013.0,Valid,Valid,Fixation
2022-11-16 15:57:12.172028,,Eye Tracker,980.0,1014.0,Valid,Valid,Fixation
2022-11-16 15:57:12.188683,,Eye Tracker,977.0,1009.0,Valid,Valid,Fixation
2022-11-16 15:57:12.205337,,Eye Tracker,993.0,1006.0,Valid,Valid,Fixation
2022-11-16 15:57:12.221992,,Eye Tracker,985.0,1027.0,Valid,Valid,Fixation
2022-11-16 15:57:12.238647,,Eye Tracker,979.0,1029.0,Valid,Valid,Fixation
2022-11-16 15:57:12.255301,,Eye Tracker,979.0,1015.0,Valid,Valid,Fixation
2022-11-16 15:57:12.271956,,Eye Tracker,979.0,1013.0,Valid,Valid,Fixation
2022-11-16 15:57:12.288611,,Eye Tracker,980.0,1017.0,Valid,Valid,Fixation
2022-11-16 15:57:12.305265,,Eye Tracker,980.0,1017.0,Valid,Valid,Fixation
2022-11-16 15:57:12.321921,,Eye Tracker,980.0,1013.0,Valid,Valid,Fixation
2022-11-16 15:57:12.338576,,Eye Tracker,979.0,1009.0,Valid,Valid,Fixation
2022-11-16 15:57:12.355230,,Eye Tracker,949.0,1015.0,Valid,Valid,Saccade
2022-11-16 15:57:12.371885,,Eye Tracker,917.0,1019.0,Valid,Valid,Fixation
2022-11-16 15:57:12.388540,,Eye Tracker,927.0,1029.0,Valid,Valid,Fixation
2022-11-16 15:57:12.405195,,Eye Tracker,931.0,1027.0,Valid,Valid,Fixation
2022-11-16 15:57:12.421849,,Eye Tracker,927.0,1020.0,Valid,Valid,Fixation
2022-11-16 15:57:12.438504,,Eye Tracker,929.0,1019.0,Valid,Valid,Fixation
2022-11-16 15:57:12.455160,,Eye Tracker,928.0,1025.0,Valid,Valid,Fixation
2022-11-16 15:57:12.471814,,Eye Tracker,926.0,1027.0,Valid,Valid,Fixation
2022-11-16 15:57:12.488469,,Eye Tracker,920.0,1013.0,Valid,Valid,Fixation
2022-11-16 15:57:12.505124,,Eye Tracker,923.0,1001.0,Valid,Valid,Fixation
2022-11-16 15:57:12.521778,,Eye Tracker,933.0,993.0,Valid,Valid,Fixation
2022-11-16 15:57:12.538433,,Eye Tracker,925.0,1012.0,Valid,Valid,Fixation
2022-11-16 15:57:12.555088,,Eye Tracker,925.0,1020.0,Valid,Valid,Fixation
2022-11-16 15:57:12.571742,,Eye Tracker,927.0,1013.0,Valid,Valid,Fixation
2022-11-16 15:57:12.588397,,Eye Tracker,917.0,1006.0,Valid,Valid,Fixation
2022-11-16 15:57:12.605053,,Eye Tracker,910.0,1011.0,Valid,Valid,Fixation
2022-11-16 15:57:12.621707,,Eye Tracker,916.0,1024.0,Valid,Valid,Fixation
2022-11-16 15:57:12.638362,,Eye Tracker,922.0,1021.0,Valid,Valid,Fixation
2022-11-16 15:57:12.655017,,Eye Tracker,914.0,1013.0,Valid,Valid,Fixation
2022-11-16 15:57:12.671672,,Eye Tracker,909.0,1014.0,Valid,Valid,Fixation
2022-11-16 15:57:12.688326,,Eye Tracker,897.0,1013.0,Valid,Valid,Fixation
2022-11-16 15:57:12.704981,,Eye Tracker,876.0,1014.0,Valid,Valid,Saccade
2022-11-16 15:57:12.721636,,Eye Tracker,864.0,1016.0,Valid,Valid,Fixation
2022-11-16 15:57:12.738290,,Eye Tracker,858.0,1015.0,Valid,Valid,Fixation
2022-11-16 15:57:12.754946,,Eye Tracker,860.0,1017.0,Valid,Valid,Fixation
2022-11-16 15:57:12.771601,,Eye Tracker,862.0,1016.0,Valid,Valid,Fixation
2022-11-16 15:57:12.788255,,Eye Tracker,862.0,1015.0,Valid,Valid,Fixation
2022-11-16 15:57:12.804910,,Eye Tracker,860.0,1015.0,Valid,Valid,Fixation
2022-11-16 15:57:12.821565,,Eye Tracker,861.0,1010.0,Valid,Valid,Fixation
2022-11-16 15:57:12.838219,,Eye Tracker,861.0,1008.0,Valid,Valid,Fixation
2022-11-16 15:57:12.854874,,Eye Tracker,854.0,1014.0,Valid,Valid,Fixation
2022-11-16 15:57:12.871529,,Eye Tracker,843.0,1003.0,Valid,Valid,Fixation
2022-11-16 15:57:12.888183,,Eye Tracker,850.0,1003.0,Valid,Valid,Fixation
2022-11-16 15:57:12.904839,,Eye Tracker,852.0,1010.0,Valid,Valid,Fixation
2022-11-16 15:57:12.921494,,Eye Tracker,851.0,1013.0,Valid,Valid,Fixation
2022-11-16 15:57:12.938149,,Eye Tracker,852.0,1008.0,Valid,Valid,Fixation
2022-11-16 15:57:12.954803,,Eye Tracker,850.0,1008.0,Valid,Valid,Fixation
2022-11-16 15:57:12.971458,,Eye Tracker,849.0,1010.0,Valid,Valid,Fixation
2022-11-16 15:57:12.988113,,Eye Tracker,852.0,1005.0,Valid,Valid,Fixation
2022-11-16 15:57:13.004767,,Eye Tracker,851.0,1004.0,Valid,Valid,Fixation
2022-11-16 15:57:13.021422,,Eye Tracker,849.0,1008.0,Valid,Valid,Fixation
2022-11-16 15:57:13.038077,,Eye Tracker,846.0,1012.0,Valid,Valid,Fixation
2022-11-16 15:57:13.054732,,Eye Tracker,839.0,1014.0,Valid,Valid,Fixation
2022-11-16 15:57:13.071387,,Eye Tracker,839.0,1018.0,Valid,Valid,Fixation
2022-11-16 15:57:13.088042,,Eye Tracker,848.0,1012.0,Valid,Valid,Fixation
2022-11-16 15:57:13.104696,,Eye Tracker,850.0,1007.0,Valid,Valid,Fixation
2022-11-16 15:57:13.121351,,Eye Tracker,852.0,1014.0,Valid,Valid,Fixation
2022-11-16 15:57:13.138006,,Eye Tracker,850.0,1014.0,Valid,Valid,Fixation
2022-11-16 15:57:13.154660,,Eye Tracker,820.0,1008.0,Valid,Valid,Saccade
2022-11-16 15:57:13.171315,,Eye Tracker,775.0,1001.0,Valid,Valid,Saccade
2022-11-16 15:57:13.187971,,Eye Tracker,764.0,994.0,Valid,Valid,Fixation
2022-11-16 15:57:13.204626,,Eye Tracker,766.0,991.0,Valid,Valid,Fixation
2022-11-16 15:57:13.221280,,Eye Tracker,777.0,986.0,Valid,Valid,Fixation
2022-11-16 15:57:13.237935,,Eye Tracker,772.0,988.0,Valid,Valid,Fixation
2022-11-16 15:57:13.254590,,Eye Tracker,757.0,992.0,Valid,Valid,Fixation
2022-11-16 15:57:13.271244,,Eye Tracker,761.0,993.0,Valid,Valid,Fixation
2022-11-16 15:57:13.287899,,Eye Tracker,762.0,995.0,Valid,Valid,Fixation
2022-11-16 15:57:13.304554,,Eye Tracker,759.0,995.0,Valid,Valid,Fixation
2022-11-16 15:57:13.321208,,Eye Tracker,753.0,997.0,Valid,Valid,Fixation
2022-11-16 15:57:13.337864,,Eye Tracker,756.0,995.0,Valid,Valid,Fixation
2022-11-16 15:57:13.354519,,Eye Tracker,762.0,997.0,Valid,Valid,Fixation
2022-11-16 15:57:13.371173,,Eye Tracker,761.0,995.0,Valid,Valid,Fixation
2022-11-16 15:57:13.387828,,Eye Tracker,764.0,990.0,Valid,Valid,Fixation
2022-11-16 15:57:13.404483,,Eye Tracker,764.0,986.0,Valid,Valid,Fixation
2022-11-16 15:57:13.421138,,Eye Tracker,771.0,982.0,Valid,Valid,Fixation
2022-11-16 15:57:13.437792,,Eye Tracker,767.0,980.0,Valid,Valid,Fixation
2022-11-16 15:57:13.454447,,Eye Tracker,763.0,979.0,Valid,Valid,Fixation
2022-11-16 15:57:13.471102,,Eye Tracker,767.0,979.0,Valid,Valid,Fixation
2022-11-16 15:57:13.487757,,Eye Tracker,767.0,976.0,Valid,Valid,Fixation
2022-11-16 15:57:13.504412,,Eye Tracker,765.0,973.0,Valid,Valid,Fixation
2022-11-16 15:57:13.521067,,Eye Tracker,737.0,970.0,Valid,Valid,Saccade
2022-11-16 15:57:13.537721,,Eye Tracker,696.0,974.0,Valid,Valid,Saccade
2022-11-16 15:57:13.554376,,Eye Tracker,691.0,976.0,Valid,Valid,Fixation
2022-11-16 15:57:13.571031,,Eye Tracker,693.0,974.0,Valid,Valid,Fixation
2022-11-16 15:57:13.587685,,Eye Tracker,693.0,981.0,Valid,Valid,Fixation
2022-11-16 15:57:13.604340,,Eye Tracker,694.0,983.0,Valid,Valid,Fixation
2022-11-16 15:57:13.620995,,Eye Tracker,692.0,978.0,Valid,Valid,Fixation
2022-11-16 15:57:13.637650,,Eye Tracker,690.0,974.0,Valid,Valid,Fixation
2022-11-16 15:57:13.654305,,Eye Tracker,689.0,977.0,Valid,Valid,Fixation
2022-11-16 15:57:13.670960,,Eye Tracker,689.0,977.0,Valid,Valid,Fixation
2022-11-16 15:57:13.687614,,Eye Tracker,698.0,976.0,Valid,Valid,Fixation
2022-11-16 15:57:13.704269,,Eye Tracker,699.0,977.0,Valid,Valid,Fixation
2022-11-16 15:57:13.720924,,Eye Tracker,692.0,976.0,Valid,Valid,Fixation
2022-11-16 15:57:13.737579,,Eye Tracker,691.0,973.0,Valid,Valid,Fixation
2022-11-16 15:57:13.754233,,Eye Tracker,695.0,978.0,Valid,Valid,Fixation
2022-11-16 15:57:13.770888,,Eye Tracker,694.0,978.0,Valid,Valid,Fixation
2022-11-16 15:57:13.787544,,Eye Tracker,685.0,981.0,Valid,Valid,Fixation
2022-11-16 15:57:13.804198,,Eye Tracker,686.0,981.0,Valid,Valid,Fixation
2022-11-16 15:57:13.820853,,Eye Tracker,694.0,979.0,Valid,Valid,Fixation
2022-11-16 15:57:13.837508,,Eye Tracker,693.0,980.0,Valid,Valid,Fixation
2022-11-16 15:57:13.854162,,Eye Tracker,698.0,978.0,Valid,Valid,Fixation
2022-11-16 15:57:13.870817,,Eye Tracker,697.0,980.0,Valid,Valid,Fixation
2022-11-16 15:57:13.887472,,Eye Tracker,674.0,980.0,Valid,Valid,Saccade
2022-11-16 15:57:13.904126,,Eye Tracker,666.0,982.0,Valid,Valid,Fixation
2022-11-16 15:57:13.920781,,Eye Tracker,669.0,987.0,Valid,Valid,Fixation
2022-11-16 15:57:13.937437,,Eye Tracker,663.0,986.0,Valid,Valid,Fixation
2022-11-16 15:57:13.954091,,Eye Tracker,658.0,989.0,Valid,Valid,Fixation
2022-11-16 15:57:13.970746,,Eye Tracker,661.0,987.0,Valid,Valid,Fixation
2022-11-16 15:57:13.987401,,Eye Tracker,673.0,981.0,Valid,Valid,Fixation
2022-11-16 15:57:14.004056,,Eye Tracker,669.0,980.0,Valid,Valid,Fixation
2022-11-16 15:57:14.020710,,Eye Tracker,666.0,978.0,Valid,Valid,Fixation
2022-11-16 15:57:14.037365,,Eye Tracker,663.0,978.0,Valid,Valid,Fixation
2022-11-16 15:57:14.054020,,Eye Tracker,664.0,976.0,Valid,Valid,Fixation
2022-11-16 15:57:14.070675,,Eye Tracker,666.0,973.0,Valid,Valid,Fixation
2022-11-16 15:57:14.087330,,Eye Tracker,666.0,974.0,Valid,Valid,Fixation
2022-11-16 15:57:14.103985,,Eye Tracker,673.0,975.0,Valid,Valid,Fixation
2022-11-16 15:57:14.120639,,Eye Tracker,662.0,974.0,Valid,Valid,Fixation
2022-11-16 15:57:14.137294,,Eye Tracker,656.0,976.0,Valid,Valid,Fixation
2022-11-16 15:57:14.153949,,Eye Tracker,669.0,972.0,Valid,Valid,Fixation
2022-11-16 15:57:14.170603,,Eye Tracker,671.0,975.0,Valid,Valid,Fixation
2022-11-16 15:57:14.187258,,Eye Tracker,662.0,974.0,Valid,Valid,Fixation
2022-11-16 15:57:14.203913,,Eye Tracker,664.0,972.0,Valid,Valid,Fixation
2022-11-16 15:57:14.220568,,Eye Tracker,672.0,972.0,Valid,Valid,Fixation
2022-11-16 15:57:14.237223,,Eye Tracker,670.0,969.0,Valid,Valid,Fixation
2022-11-16 15:57:14.253878,,Eye Tracker,661.0,971.0,Valid,Valid,Fixation
2022-11-16 15:57:14.270533,,Eye Tracker,629.0,976.0,Valid,Valid,Saccade
2022-11-16 15:57:14.287187,,Eye Tracker,623.0,989.0,Valid,Valid,Fixation
2022-11-16 15:57:14.303842,,Eye Tracker,625.0,987.0,Valid,Valid,Fixation
2022-11-16 15:57:14.320497,,Eye Tracker,621.0,982.0,Valid,Valid,Fixation
2022-11-16 15:57:14.337151,,Eye Tracker,623.0,984.0,Valid,Valid,Fixation
2022-11-16 15:57:14.353806,,Eye Tracker,615.0,980.0,Valid,Valid,Fixation
2022-11-16 15:57:14.370462,,Eye Tracker,616.0,980.0,Valid,Valid,Fixation
2022-11-16 15:57:14.387116,,Eye Tracker,623.0,984.0,Valid,Valid,Fixation
2022-11-16 15:57:14.403771,,Eye Tracker,621.0,982.0,Valid,Valid,Fixation
2022-11-16 15:57:14.420426,,Eye Tracker,616.0,988.0,Valid,Valid,Fixation
2022-11-16 15:57:14.437080,,Eye Tracker,618.0,986.0,Valid,Valid,Fixation
2022-11-16 15:57:14.453735,,Eye Tracker,618.0,985.0,Valid,Valid,Fixation
2022-11-16 15:57:14.470390,,Eye Tracker,617.0,988.0,Valid,Valid,Fixation
2022-11-16 15:57:14.487044,,Eye Tracker,618.0,989.0,Valid,Valid,Fixation
2022-11-16 15:57:14.503699,,Eye Tracker,619.0,990.0,Valid,Valid,Fixation
2022-11-16 15:57:14.520355,,Eye Tracker,620.0,986.0,Valid,Valid,Fixation
2022-11-16 15:57:14.537010,,Eye Tracker,620.0,987.0,Valid,Valid,Fixation
2022-11-16 15:57:14.553664,,Eye Tracker,622.0,987.0,Valid,Valid,Fixation
2022-11-16 15:57:14.570319,,Eye Tracker,621.0,986.0,Valid,Valid,Fixation
2022-11-16 15:57:14.586974,,Eye Tracker,619.0,986.0,Valid,Valid,Fixation
2022-11-16 15:57:14.603628,,Eye Tracker,620.0,986.0,Valid,Valid,Fixation
2022-11-16 15:57:14.620283,,Eye Tracker,622.0,987.0,Valid,Valid,Fixation
2022-11-16 15:57:14.636938,,Eye Tracker,622.0,984.0,Valid,Valid,Fixation
2022-11-16 15:57:14.653592,,Eye Tracker,615.0,985.0,Valid,Valid,Fixation
2022-11-16 15:57:14.670248,,Eye Tracker,613.0,985.0,Valid,Valid,Fixation
2022-11-16 15:57:14.686903,,Eye Tracker,616.0,990.0,Valid,Valid,Fixation
2022-11-16 15:57:14.703557,,Eye Tracker,615.0,991.0,Valid,Valid,Fixation
2022-11-16 15:57:14.720212,,Eye Tracker,619.0,987.0,Valid,Valid,Fixation
2022-11-16 15:57:14.736867,,Eye Tracker,619.0,986.0,Valid,Valid,Fixation
2022-11-16 15:57:14.753521,,Eye Tracker,614.0,989.0,Valid,Valid,Fixation
2022-11-16 15:57:14.770176,,Eye Tracker,616.0,985.0,Valid,Valid,Fixation
2022-11-16 15:57:14.786831,,Eye Tracker,619.0,975.0,Valid,Valid,Fixation
2022-11-16 15:57:14.803487,,Eye Tracker,615.0,979.0,Valid,Valid,Fixation
2022-11-16 15:57:14.820141,,Eye Tracker,615.0,982.0,Valid,Valid,Fixation
2022-11-16 15:57:14.836796,,Eye Tracker,616.0,980.0,Valid,Valid,Fixation
2022-11-16 15:57:14.853451,,Eye Tracker,612.0,974.0,Valid,Valid,Fixation
2022-11-16 15:57:14.870105,,Eye Tracker,611.0,975.0,Valid,Valid,Fixation
2022-11-16 15:57:14.886760,,Eye Tracker,614.0,977.0,Valid,Valid,Fixation
2022-11-16 15:57:14.903415,,Eye Tracker,613.0,978.0,Valid,Valid,Fixation
2022-11-16 15:57:14.920069,,Eye Tracker,619.0,982.0,Valid,Valid,Fixation
2022-11-16 15:57:14.936724,,Eye Tracker,618.0,978.0,Valid,Valid,Fixation
2022-11-16 15:57:14.953380,,Eye Tracker,610.0,974.0,Valid,Valid,Fixation
2022-11-16 15:57:14.970034,,Eye Tracker,615.0,969.0,Valid,Valid,Fixation
2022-11-16 15:57:14.986689,,Eye Tracker,615.0,968.0,Valid,Valid,Fixation
2022-11-16 15:57:15.003344,,Eye Tracker,612.0,977.0,Valid,Valid,Fixation
2022-11-16 15:57:15.019998,,Eye Tracker,607.0,975.0,Valid,Valid,Fixation
2022-11-16 15:57:15.036653,,Eye Tracker,612.0,972.0,Valid,Valid,Fixation
2022-11-16 15:57:15.053308,,Eye Tracker,620.0,974.0,Valid,Valid,Fixation
2022-11-16 15:57:15.069963,,Eye Tracker,614.0,975.0,Valid,Valid,Fixation
2022-11-16 15:57:15.086617,,Eye Tracker,624.0,949.0,Valid,Valid,Saccade
2022-11-16 15:57:15.103273,,Eye Tracker,633.0,923.0,Valid,Valid,Saccade
2022-11-16 15:57:15.119928,,Eye Tracker,629.0,920.0,Valid,Valid,Fixation
2022-11-16 15:57:15.136582,,Eye Tracker,631.0,919.0,Valid,Valid,Fixation
2022-11-16 15:57:15.153237,,Eye Tracker,629.0,918.0,Valid,Valid,Fixation
2022-11-16 15:57:15.169892,,Eye Tracker,627.0,914.0,Valid,Valid,Fixation
2022-11-16 15:57:15.186546,,Eye Tracker,631.0,915.0,Valid,Valid,Fixation
2022-11-16 15:57:15.203201,,Eye Tracker,628.0,912.0,Valid,Valid,Fixation
2022-11-16 15:57:15.219856,,Eye Tracker,630.0,911.0,Valid,Valid,Fixation
2022-11-16 15:57:15.236510,,Eye Tracker,635.0,911.0,Valid,Valid,Fixation
2022-11-16 15:57:15.253166,,Eye Tracker,629.0,907.0,Valid,Valid,Fixation
2022-11-16 15:57:15.269821,,Eye Tracker,630.0,905.0,Valid,Valid,Fixation
2022-11-16 15:57:15.286476,,Eye Tracker,639.0,899.0,Valid,Valid,Fixation
2022-11-16 15:57:15.303130,,Eye Tracker,636.0,897.0,Valid,Valid,Fixation
2022-11-16 15:57:15.319785,,Eye Tracker,598.0,903.0,Valid,Valid,Saccade
2022-11-16 15:57:15.336440,,Eye Tracker,572.0,906.0,Valid,Valid,Fixation
2022-11-16 15:57:15.353094,,Eye Tracker,583.0,901.0,Valid,Valid,Fixation
2022-11-16 15:57:15.369749,,Eye Tracker,583.0,899.0,Valid,Valid,Fixation
2022-11-16 15:57:15.386404,,Eye Tracker,585.0,894.0,Valid,Valid,Fixation
2022-11-16 15:57:15.403059,,Eye Tracker,583.0,888.0,Valid,Valid,Fixation
2022-11-16 15:57:15.419714,,Eye Tracker,577.0,891.0,Valid,Valid,Fixation
2022-11-16 15:57:15.436369,,Eye Tracker,579.0,891.0,Valid,Valid,Fixation
2022-11-16 15:57:15.453023,,Eye Tracker,582.0,895.0,Valid,Valid,Fixation
2022-11-16 15:57:15.469678,,Eye Tracker,576.0,898.0,Valid,Valid,Fixation
2022-11-16 15:57:15.486333,,Eye Tracker,576.0,892.0,Valid,Valid,Fixation
2022-11-16 15:57:15.502987,,Eye Tracker,581.0,891.0,Valid,Valid,Fixation
2022-11-16 15:57:15.519642,,Eye Tracker,582.0,893.0,Valid,Valid,Fixation
2022-11-16 15:57:15.536298,,Eye Tracker,577.0,891.0,Valid,Valid,Fixation
2022-11-16 15:57:15.552952,,Eye Tracker,578.0,898.0,Valid,Valid,Fixation
2022-11-16 15:57:15.569607,,Eye Tracker,593.0,903.0,Valid,Valid,Fixation
2022-11-16 15:57:15.586262,,Eye Tracker,595.0,901.0,Valid,Valid,Fixation
2022-11-16 15:57:15.602917,,Eye Tracker,593.0,901.0,Valid,Valid,Fixation
2022-11-16 15:57:15.619571,,Eye Tracker,595.0,901.0,Valid,Valid,Fixation
2022-11-16 15:57:15.636226,,Eye Tracker,596.0,898.0,Valid,Valid,Fixation
2022-11-16 15:57:15.652881,,Eye Tracker,597.0,899.0,Valid,Valid,Fixation
2022-11-16 15:57:15.669535,,Eye Tracker,593.0,898.0,Valid,Valid,Fixation
2022-11-16 15:57:15.686191,,Eye Tracker,598.0,897.0,Valid,Valid,Fixation
2022-11-16 15:57:15.702846,,Eye Tracker,599.0,899.0,Valid,Valid,Fixation
2022-11-16 15:57:15.719500,,Eye Tracker,599.0,894.0,Valid,Valid,Fixation
2022-11-16 15:57:15.736155,,Eye Tracker,599.0,893.0,Valid,Valid,Fixation
2022-11-16 15:57:15.752810,,Eye Tracker,599.0,894.0,Valid,Valid,Fixation
2022-11-16 15:57:15.769464,,Eye Tracker,600.0,893.0,Valid,Valid,Fixation
2022-11-16 15:57:15.786119,,Eye Tracker,601.0,893.0,Valid,Valid,Fixation
2022-11-16 15:57:15.802774,,Eye Tracker,602.0,895.0,Valid,Valid,Fixation
2022-11-16 15:57:15.819428,,Eye Tracker,596.0,893.0,Valid,Valid,Fixation
2022-11-16 15:57:15.836084,,Eye Tracker,595.0,895.0,Valid,Valid,Fixation
2022-11-16 15:57:15.852739,,Eye Tracker,596.0,897.0,Valid,Valid,Fixation
2022-11-16 15:57:15.869394,,Eye Tracker,599.0,900.0,Valid,Valid,Fixation
2022-11-16 15:57:15.886048,,Eye Tracker,602.0,890.0,Valid,Valid,Fixation
2022-11-16 15:57:15.902703,,Eye Tracker,602.0,887.0,Valid,Valid,Fixation
2022-11-16 15:57:15.919358,,Eye Tracker,599.0,896.0,Valid,Valid,Fixation
2022-11-16 15:57:15.936012,,Eye Tracker,599.0,895.0,Valid,Valid,Fixation
2022-11-16 15:57:15.952667,,Eye Tracker,596.0,894.0,Valid,Valid,Fixation
2022-11-16 15:57:15.969322,,Eye Tracker,600.0,894.0,Valid,Valid,Fixation
2022-11-16 15:57:15.985977,,Eye Tracker,604.0,882.0,Valid,Valid,Fixation
2022-11-16 15:57:16.002632,,Eye Tracker,602.0,884.0,Valid,Valid,Fixation
2022-11-16 15:57:16.019287,,Eye Tracker,599.0,889.0,Valid,Valid,Fixation
2022-11-16 15:57:16.035941,,Eye Tracker,600.0,890.0,Valid,Valid,Fixation
2022-11-16 15:57:16.052596,,Eye Tracker,606.0,899.0,Valid,Valid,Fixation
2022-11-16 15:57:16.069251,,Eye Tracker,605.0,898.0,Valid,Valid,Fixation
2022-11-16 15:57:16.085906,,Eye Tracker,600.0,890.0,Valid,Valid,Fixation
2022-11-16 15:57:16.102560,,Eye Tracker,602.0,891.0,Valid,Valid,Fixation
2022-11-16 15:57:16.119215,,Eye Tracker,598.0,893.0,Valid,Valid,Fixation
2022-11-16 15:57:16.135871,,Eye Tracker,599.0,897.0,Valid,Valid,Fixation
2022-11-16 15:57:16.152525,,Eye Tracker,598.0,900.0,Valid,Valid,Fixation
2022-11-16 15:57:16.169180,,Eye Tracker,600.0,903.0,Valid,Valid,Fixation
2022-11-16 15:57:16.185835,,Eye Tracker,610.0,912.0,Valid,Valid,Fixation
2022-11-16 15:57:16.202489,,Eye Tracker,610.0,930.0,Valid,Valid,Fixation
2022-11-16 15:57:16.219144,,Eye Tracker,586.0,953.0,Valid,Valid,Saccade
2022-11-16 15:57:16.235799,,Eye Tracker,588.0,1006.0,Valid,Valid,Saccade
2022-11-16 15:57:16.252453,,Eye Tracker,603.0,1078.0,Valid,Valid,Saccade
2022-11-16 15:57:16.269109,,Eye Tracker,,,Invalid,Invalid,EyesNotFound
2022-11-16 15:57:16.285764,,Eye Tracker,,,Invalid,Invalid,EyesNotFound
2022-11-16 15:57:16.302418,,Eye Tracker,,,Invalid,Invalid,EyesNotFound
2022-11-16 15:57:16.319073,,Eye Tracker,,,Invalid,Invalid,EyesNotFound
2022-11-16 15:57:16.335728,,Eye Tracker,,,Invalid,Invalid,EyesNotFound
2022-11-16 15:57:16.352383,,Eye Tracker,,,Invalid,Invalid,EyesNotFound
2022-11-16 15:57:16.369037,,Eye Tracker,,,Invalid,Invalid,EyesNotFound
2022-11-16 15:57:16.385692,,Eye Tracker,497.0,1485.0,Valid,Invalid,Unclassified
2022-11-16 15:57:16.402347,,Eye Tracker,497.0,1485.0,Valid,Invalid,Unclassified
2022-11-16 15:57:16.419002,,Eye Tracker,577.0,1120.0,Valid,Invalid,Saccade
2022-11-16 15:57:16.435657,,Eye Tracker,597.0,1069.0,Valid,Valid,Saccade
2022-11-16 15:57:16.452312,,Eye Tracker,610.0,1119.0,Valid,Valid,Unclassified
2022-11-16 15:57:16.468966,,Eye Tracker,602.0,1086.0,Valid,Valid,Saccade
2022-11-16 15:57:16.485621,,Eye Tracker,593.0,1120.0,Valid,Valid,Saccade
2022-11-16 15:57:16.502276,,Eye Tracker,604.0,1038.0,Valid,Valid,Saccade
2022-11-16 15:57:16.518930,,Eye Tracker,612.0,1014.0,Valid,Valid,Saccade
2022-11-16 15:57:16.535585,,Eye Tracker,608.0,988.0,Valid,Valid,Saccade
2022-11-16 15:57:16.552241,,Eye Tracker,603.0,969.0,Valid,Valid,Saccade
2022-11-16 15:57:16.568895,,Eye Tracker,601.0,954.0,Valid,Valid,Fixation
2022-11-16 15:57:16.585550,,Eye Tracker,597.0,951.0,Valid,Valid,Fixation
2022-11-16 15:57:16.602205,,Eye Tracker,597.0,944.0,Valid,Valid,Fixation
2022-11-16 15:57:16.618859,,Eye Tracker,596.0,946.0,Valid,Valid,Fixation
2022-11-16 15:57:16.635514,,Eye Tracker,596.0,942.0,Valid,Valid,Fixation
2022-11-16 15:57:16.652170,,Eye Tracker,600.0,931.0,Valid,Valid,Fixation
2022-11-16 15:57:16.668825,,Eye Tracker,596.0,919.0,Valid,Valid,Fixation
2022-11-16 15:57:16.685479,,Eye Tracker,594.0,904.0,Valid,Valid,Fixation
2022-11-16 15:57:16.702134,,Eye Tracker,599.0,910.0,Valid,Valid,Fixation
2022-11-16 15:57:16.718789,,Eye Tracker,604.0,912.0,Valid,Valid,Fixation
2022-11-16 15:57:16.735443,,Eye Tracker,605.0,914.0,Valid,Valid,Fixation
2022-11-16 15:57:16.752098,,Eye Tracker,607.0,912.0,Valid,Valid,Fixation
2022-11-16 15:57:16.768753,,Eye Tracker,606.0,910.0,Valid,Valid,Fixation
2022-11-16 15:57:16.785407,,Eye Tracker,606.0,911.0,Valid,Valid,Fixation
2022-11-16 15:57:16.802063,,Eye Tracker,608.0,907.0,Valid,Valid,Fixation
2022-11-16 15:57:16.818718,,Eye Tracker,610.0,904.0,Valid,Valid,Fixation
2022-11-16 15:57:16.835372,,Eye Tracker,605.0,903.0,Valid,Valid,Fixation
2022-11-16 15:57:16.852027,,Eye Tracker,609.0,903.0,Valid,Valid,Fixation
2022-11-16 15:57:16.868683,,Eye Tracker,611.0,903.0,Valid,Valid,Fixation
2022-11-16 15:57:16.885337,,Eye Tracker,607.0,908.0,Valid,Valid,Fixation
2022-11-16 15:57:16.901992,,Eye Tracker,604.0,903.0,Valid,Valid,Fixation
2022-11-16 15:57:16.918647,,Eye Tracker,608.0,904.0,Valid,Valid,Fixation
2022-11-16 15:57:16.935302,,Eye Tracker,607.0,903.0,Valid,Valid,Fixation
2022-11-16 15:57:16.951956,,Eye Tracker,601.0,901.0,Valid,Valid,Fixation
2022-11-16 15:57:16.968611,,Eye Tracker,599.0,898.0,Valid,Valid,Fixation
2022-11-16 15:57:16.985266,,Eye Tracker,599.0,896.0,Valid,Valid,Fixation
2022-11-16 15:57:17.001921,,Eye Tracker,603.0,896.0,Valid,Valid,Fixation
2022-11-16 15:57:17.018576,,Eye Tracker,598.0,907.0,Valid,Valid,Fixation
2022-11-16 15:57:17.035231,,Eye Tracker,595.0,908.0,Valid,Valid,Fixation
2022-11-16 15:57:17.051885,,Eye Tracker,596.0,907.0,Valid,Valid,Fixation
2022-11-16 15:57:17.068540,,Eye Tracker,597.0,906.0,Valid,Valid,Fixation
2022-11-16 15:57:17.085195,,Eye Tracker,598.0,905.0,Valid,Valid,Fixation
2022-11-16 15:57:17.101849,,Eye Tracker,600.0,902.0,Valid,Valid,Fixation
2022-11-16 15:57:17.118504,,Eye Tracker,600.0,906.0,Valid,Valid,Fixation
2022-11-16 15:57:17.135159,,Eye Tracker,595.0,909.0,Valid,Valid,Fixation
2022-11-16 15:57:17.151814,,Eye Tracker,594.0,905.0,Valid,Valid,Fixation
2022-11-16 15:57:17.168469,,Eye Tracker,597.0,901.0,Valid,Valid,Fixation
2022-11-16 15:57:17.185124,,Eye Tracker,591.0,904.0,Valid,Valid,Fixation
2022-11-16 15:57:17.201779,,Eye Tracker,594.0,906.0,Valid,Valid,Fixation
2022-11-16 15:57:17.218433,,Eye Tracker,607.0,902.0,Valid,Valid,Fixation
2022-11-16 15:57:17.235088,,Eye Tracker,604.0,902.0,Valid,Valid,Fixation
2022-11-16 15:57:17.251743,,Eye Tracker,598.0,903.0,Valid,Valid,Fixation
2022-11-16 15:57:17.268397,,Eye Tracker,603.0,910.0,Valid,Valid,Fixation
2022-11-16 15:57:17.285052,,Eye Tracker,603.0,912.0,Valid,Valid,Fixation
2022-11-16 15:57:17.301708,,Eye Tracker,601.0,909.0,Valid,Valid,Fixation
2022-11-16 15:57:17.318362,,Eye Tracker,605.0,906.0,Valid,Valid,Fixation
2022-11-16 15:57:17.335017,,Eye Tracker,606.0,904.0,Valid,Valid,Fixation
2022-11-16 15:57:17.351672,,Eye Tracker,600.0,910.0,Valid,Valid,Fixation
2022-11-16 15:57:17.368326,,Eye Tracker,601.0,908.0,Valid,Valid,Fixation
2022-11-16 15:57:17.384981,,Eye Tracker,610.0,910.0,Valid,Valid,Fixation
2022-11-16 15:57:17.401636,,Eye Tracker,614.0,908.0,Valid,Valid,Fixation
2022-11-16 15:57:17.418290,,Eye Tracker,609.0,907.0,Valid,Valid,Fixation
2022-11-16 15:57:17.434945,,Eye Tracker,610.0,911.0,Valid,Valid,Fixation
2022-11-16 15:57:17.451601,,Eye Tracker,610.0,911.0,Valid,Valid,Fixation
2022-11-16 15:57:17.468256,,Eye Tracker,610.0,911.0,Valid,Valid,Fixation
2022-11-16 15:57:17.484910,,Eye Tracker,613.0,910.0,Valid,Valid,Fixation
2022-11-16 15:57:17.501565,,Eye Tracker,609.0,910.0,Valid,Valid,Fixation
2022-11-16 15:57:17.518220,,Eye Tracker,601.0,910.0,Valid,Valid,Fixation
2022-11-16 15:57:17.534874,,Eye Tracker,603.0,908.0,Valid,Valid,Fixation
2022-11-16 15:57:17.551530,,Eye Tracker,608.0,908.0,Valid,Valid,Fixation
2022-11-16 15:57:17.568185,,Eye Tracker,609.0,906.0,Valid,Valid,Fixation
2022-11-16 15:57:17.584839,,Eye Tracker,610.0,903.0,Valid,Valid,Fixation
2022-11-16 15:57:17.601494,,Eye Tracker,593.0,891.0,Valid,Valid,Saccade
2022-11-16 15:57:17.618149,,Eye Tracker,586.0,883.0,Valid,Valid,Fixation
2022-11-16 15:57:17.634803,,Eye Tracker,592.0,880.0,Valid,Valid,Fixation
2022-11-16 15:57:17.651458,,Eye Tracker,594.0,879.0,Valid,Valid,Fixation
2022-11-16 15:57:17.668114,,Eye Tracker,596.0,881.0,Valid,Valid,Fixation
2022-11-16 15:57:17.684768,,Eye Tracker,594.0,885.0,Valid,Valid,Fixation
2022-11-16 15:57:17.701423,,Eye Tracker,592.0,881.0,Valid,Valid,Fixation
2022-11-16 15:57:17.718078,,Eye Tracker,593.0,879.0,Valid,Valid,Fixation
2022-11-16 15:57:17.734733,,Eye Tracker,592.0,879.0,Valid,Valid,Fixation
2022-11-16 15:57:17.751387,,Eye Tracker,593.0,875.0,Valid,Valid,Fixation
2022-11-16 15:57:17.768042,,Eye Tracker,592.0,876.0,Valid,Valid,Fixation
2022-11-16 15:57:17.784697,,Eye Tracker,600.0,875.0,Valid,Valid,Fixation
2022-11-16 15:57:17.801351,,Eye Tracker,601.0,872.0,Valid,Valid,Fixation
2022-11-16 15:57:17.818007,,Eye Tracker,591.0,874.0,Valid,Valid,Fixation
2022-11-16 15:57:17.834662,,Eye Tracker,589.0,876.0,Valid,Valid,Fixation
2022-11-16 15:57:17.851316,,Eye Tracker,594.0,877.0,Valid,Valid,Fixation
2022-11-16 15:57:17.867971,,Eye Tracker,594.0,869.0,Valid,Valid,Fixation
2022-11-16 15:57:17.884626,,Eye Tracker,595.0,866.0,Valid,Valid,Fixation
2022-11-16 15:57:17.901280,,Eye Tracker,599.0,866.0,Valid,Valid,Fixation
2022-11-16 15:57:17.917935,,Eye Tracker,598.0,868.0,Valid,Valid,Fixation
2022-11-16 15:57:17.934590,,Eye Tracker,593.0,869.0,Valid,Valid,Fixation
2022-11-16 15:57:17.951245,,Eye Tracker,595.0,865.0,Valid,Valid,Fixation
2022-11-16 15:57:17.967900,,Eye Tracker,595.0,865.0,Valid,Valid,Fixation
2022-11-16 15:57:17.984555,,Eye Tracker,591.0,866.0,Valid,Valid,Fixation
2022-11-16 15:57:18.001210,,Eye Tracker,594.0,863.0,Valid,Valid,Fixation
2022-11-16 15:57:18.017864,,Eye Tracker,588.0,862.0,Valid,Valid,Fixation
2022-11-16 15:57:18.034519,,Eye Tracker,586.0,866.0,Valid,Valid,Fixation
2022-11-16 15:57:18.051175,,Eye Tracker,594.0,869.0,Valid,Valid,Fixation
2022-11-16 15:57:18.067829,,Eye Tracker,594.0,866.0,Valid,Valid,Fixation
2022-11-16 15:57:18.084484,,Eye Tracker,600.0,848.0,Valid,Valid,Fixation
2022-11-16 15:57:18.101139,,Eye Tracker,612.0,837.0,Valid,Valid,Fixation
2022-11-16 15:57:18.117793,,Eye Tracker,612.0,843.0,Valid,Valid,Fixation
2022-11-16 15:57:18.134448,,Eye Tracker,616.0,842.0,Valid,Valid,Fixation
2022-11-16 15:57:18.151103,,Eye Tracker,625.0,840.0,Valid,Valid,Fixation
2022-11-16 15:57:18.167757,,Eye Tracker,629.0,837.0,Valid,Valid,Fixation
2022-11-16 15:57:18.184413,,Eye Tracker,620.0,837.0,Valid,Valid,Fixation
2022-11-16 15:57:18.201068,,Eye Tracker,616.0,837.0,Valid,Valid,Fixation
2022-11-16 15:57:18.217722,,Eye Tracker,624.0,840.0,Valid,Valid,Fixation
2022-11-16 15:57:18.234377,,Eye Tracker,628.0,840.0,Valid,Valid,Fixation
2022-11-16 15:57:18.251032,,Eye Tracker,621.0,835.0,Valid,Valid,Fixation
2022-11-16 15:57:18.267687,,Eye Tracker,617.0,834.0,Valid,Valid,Fixation
2022-11-16 15:57:18.284341,,Eye Tracker,619.0,832.0,Valid,Valid,Fixation
2022-11-16 15:57:18.300996,,Eye Tracker,622.0,832.0,Valid,Valid,Fixation
2022-11-16 15:57:18.317651,,Eye Tracker,601.0,834.0,Valid,Valid,Fixation
2022-11-16 15:57:18.334306,,Eye Tracker,576.0,832.0,Valid,Valid,Saccade
2022-11-16 15:57:18.350961,,Eye Tracker,577.0,827.0,Valid,Valid,Fixation
2022-11-16 15:57:18.367616,,Eye Tracker,577.0,825.0,Valid,Valid,Fixation
2022-11-16 15:57:18.384270,,Eye Tracker,577.0,827.0,Valid,Valid,Fixation
2022-11-16 15:57:18.400925,,Eye Tracker,576.0,825.0,Valid,Valid,Fixation
2022-11-16 15:57:18.417580,,Eye Tracker,575.0,826.0,Valid,Valid,Fixation
2022-11-16 15:57:18.434234,,Eye Tracker,575.0,824.0,Valid,Valid,Fixation
2022-11-16 15:57:18.450889,,Eye Tracker,574.0,822.0,Valid,Valid,Fixation
2022-11-16 15:57:18.467545,,Eye Tracker,575.0,823.0,Valid,Valid,Fixation
2022-11-16 15:57:18.484199,,Eye Tracker,577.0,823.0,Valid,Valid,Fixation
2022-11-16 15:57:18.500854,,Eye Tracker,577.0,822.0,Valid,Valid,Fixation
2022-11-16 15:57:18.517509,,Eye Tracker,574.0,823.0,Valid,Valid,Fixation
2022-11-16 15:57:18.534164,,Eye Tracker,574.0,827.0,Valid,Valid,Fixation
2022-11-16 15:57:18.550819,,Eye Tracker,576.0,825.0,Valid,Valid,Fixation
2022-11-16 15:57:18.567474,,Eye Tracker,578.0,826.0,Valid,Valid,Fixation
2022-11-16 15:57:18.584129,,Eye Tracker,579.0,827.0,Valid,Valid,Fixation
2022-11-16 15:57:18.600783,,Eye Tracker,579.0,825.0,Valid,Valid,Fixation
2022-11-16 15:57:18.617438,,Eye Tracker,576.0,822.0,Valid,Valid,Fixation
2022-11-16 15:57:18.634093,,Eye Tracker,575.0,820.0,Valid,Valid,Fixation
2022-11-16 15:57:18.650747,,Eye Tracker,574.0,818.0,Valid,Valid,Fixation
2022-11-16 15:57:18.667402,,Eye Tracker,575.0,820.0,Valid,Valid,Fixation
2022-11-16 15:57:18.684058,,Eye Tracker,575.0,817.0,Valid,Valid,Fixation
2022-11-16 15:57:18.700712,,Eye Tracker,573.0,814.0,Valid,Valid,Fixation
2022-11-16 15:57:18.717367,,Eye Tracker,569.0,813.0,Valid,Valid,Fixation
2022-11-16 15:57:18.734022,,Eye Tracker,572.0,810.0,Valid,Valid,Fixation
2022-11-16 15:57:18.750676,,Eye Tracker,583.0,815.0,Valid,Valid,Fixation
2022-11-16 15:57:18.767331,,Eye Tracker,581.0,817.0,Valid,Valid,Fixation
2022-11-16 15:57:18.783986,,Eye Tracker,572.0,817.0,Valid,Valid,Fixation
2022-11-16 15:57:18.800641,,Eye Tracker,577.0,815.0,Valid,Valid,Fixation
2022-11-16 15:57:18.817295,,Eye Tracker,591.0,797.0,Valid,Valid,Saccade
2022-11-16 15:57:18.833951,,Eye Tracker,598.0,783.0,Valid,Valid,Fixation
2022-11-16 15:57:18.850606,,Eye Tracker,598.0,786.0,Valid,Valid,Fixation
2022-11-16 15:57:18.867260,,Eye Tracker,597.0,786.0,Valid,Valid,Fixation
2022-11-16 15:57:18.883915,,Eye Tracker,592.0,787.0,Valid,Valid,Fixation
2022-11-16 15:57:18.900570,,Eye Tracker,592.0,783.0,Valid,Valid,Fixation
2022-11-16 15:57:18.917224,,Eye Tracker,596.0,779.0,Valid,Valid,Fixation
2022-11-16 15:57:18.933879,,Eye Tracker,597.0,779.0,Valid,Valid,Fixation
2022-11-16 15:57:18.950534,,Eye Tracker,596.0,776.0,Valid,Valid,Fixation
2022-11-16 15:57:18.967188,,Eye Tracker,598.0,778.0,Valid,Valid,Fixation
2022-11-16 15:57:18.983844,,Eye Tracker,597.0,777.0,Valid,Valid,Fixation
2022-11-16 15:57:19.000499,,Eye Tracker,594.0,773.0,Valid,Valid,Fixation
2022-11-16 15:57:19.017154,,Eye Tracker,599.0,772.0,Valid,Valid,Fixation
2022-11-16 15:57:19.033808,,Eye Tracker,602.0,769.0,Valid,Valid,Fixation
2022-11-16 15:57:19.050463,,Eye Tracker,596.0,772.0,Valid,Valid,Fixation
2022-11-16 15:57:19.067118,,Eye Tracker,593.0,772.0,Valid,Valid,Fixation
2022-11-16 15:57:19.083772,,Eye Tracker,597.0,775.0,Valid,Valid,Fixation
2022-11-16 15:57:19.100427,,Eye Tracker,600.0,777.0,Valid,Valid,Fixation
2022-11-16 15:57:19.117082,,Eye Tracker,597.0,774.0,Valid,Valid,Fixation
2022-11-16 15:57:19.133737,,Eye Tracker,593.0,772.0,Valid,Valid,Fixation
2022-11-16 15:57:19.150392,,Eye Tracker,598.0,772.0,Valid,Valid,Fixation
2022-11-16 15:57:19.167047,,Eye Tracker,599.0,771.0,Valid,Valid,Fixation
2022-11-16 15:57:19.183701,,Eye Tracker,603.0,770.0,Valid,Valid,Fixation
2022-11-16 15:57:19.200356,,Eye Tracker,603.0,772.0,Valid,Valid,Fixation
2022-11-16 15:57:19.217011,,Eye Tracker,597.0,769.0,Valid,Valid,Fixation
2022-11-16 15:57:19.233665,,Eye Tracker,598.0,766.0,Valid,Valid,Fixation
2022-11-16 15:57:19.250320,,Eye Tracker,599.0,767.0,Valid,Valid,Fixation
2022-11-16 15:57:19.266976,,Eye Tracker,599.0,770.0,Valid,Valid,Fixation
2022-11-16 15:57:19.283630,,Eye Tracker,597.0,769.0,Valid,Valid,Fixation
2022-11-16 15:57:19.300285,,Eye Tracker,598.0,765.0,Valid,Valid,Fixation
2022-11-16 15:57:19.316940,,Eye Tracker,597.0,764.0,Valid,Valid,Fixation
2022-11-16 15:57:19.333595,,Eye Tracker,597.0,761.0,Valid,Valid,Fixation
2022-11-16 15:57:19.350250,,Eye Tracker,595.0,756.0,Valid,Valid,Fixation
2022-11-16 15:57:19.366905,,Eye Tracker,591.0,756.0,Valid,Valid,Fixation
2022-11-16 15:57:19.383560,,Eye Tracker,594.0,754.0,Valid,Valid,Fixation
2022-11-16 15:57:19.400214,,Eye Tracker,596.0,755.0,Valid,Valid,Fixation
2022-11-16 15:57:19.416869,,Eye Tracker,593.0,757.0,Valid,Valid,Fixation
2022-11-16 15:57:19.433524,,Eye Tracker,595.0,757.0,Valid,Valid,Fixation
2022-11-16 15:57:19.450178,,Eye Tracker,597.0,757.0,Valid,Valid,Fixation
2022-11-16 15:57:19.466833,,Eye Tracker,590.0,758.0,Valid,Valid,Fixation
2022-11-16 15:57:19.483488,,Eye Tracker,587.0,756.0,Valid,Valid,Fixation
2022-11-16 15:57:19.500143,,Eye Tracker,589.0,754.0,Valid,Valid,Fixation
2022-11-16 15:57:19.516798,,Eye Tracker,582.0,751.0,Valid,Valid,Fixation
2022-11-16 15:57:19.533453,,Eye Tracker,582.0,752.0,Valid,Valid,Fixation
2022-11-16 15:57:19.550107,,Eye Tracker,582.0,751.0,Valid,Valid,Fixation
2022-11-16 15:57:19.566763,,Eye Tracker,582.0,752.0,Valid,Valid,Fixation
2022-11-16 15:57:19.583418,,Eye Tracker,584.0,751.0,Valid,Valid,Fixation
2022-11-16 15:57:19.600073,,Eye Tracker,584.0,751.0,Valid,Valid,Fixation
2022-11-16 15:57:19.616727,,Eye Tracker,583.0,753.0,Valid,Valid,Fixation
2022-11-16 15:57:19.633382,,Eye Tracker,583.0,752.0,Valid,Valid,Fixation
2022-11-16 15:57:19.650037,,Eye Tracker,587.0,753.0,Valid,Valid,Fixation
2022-11-16 15:57:19.666691,,Eye Tracker,591.0,752.0,Valid,Valid,Fixation
2022-11-16 15:57:19.683346,,Eye Tracker,589.0,752.0,Valid,Valid,Fixation
2022-11-16 15:57:19.700002,,Eye Tracker,588.0,750.0,Valid,Valid,Fixation
2022-11-16 15:57:19.716656,,Eye Tracker,590.0,753.0,Valid,Valid,Fixation
2022-11-16 15:57:19.733311,,Eye Tracker,591.0,754.0,Valid,Valid,Fixation
2022-11-16 15:57:19.749966,,Eye Tracker,592.0,755.0,Valid,Valid,Fixation
2022-11-16 15:57:19.766620,,Eye Tracker,588.0,763.0,Valid,Valid,Fixation
2022-11-16 15:57:19.783275,,Eye Tracker,598.0,760.0,Valid,Valid,Fixation
2022-11-16 15:57:19.799930,,Eye Tracker,594.0,784.0,Valid,Valid,Saccade
2022-11-16 15:57:19.816584,,Eye Tracker,569.0,809.0,Valid,Valid,Saccade
2022-11-16 15:57:19.833239,,Eye Tracker,,,Invalid,Invalid,EyesNotFound
2022-11-16 15:57:19.849895,,Eye Tracker,,,Invalid,Invalid,EyesNotFound
2022-11-16 15:57:19.866550,,Eye Tracker,,,Invalid,Invalid,EyesNotFound
2022-11-16 15:57:19.883204,,Eye Tracker,,,Invalid,Invalid,EyesNotFound
2022-11-16 15:57:19.899859,,Eye Tracker,,,Invalid,Invalid,EyesNotFound
2022-11-16 15:57:19.916514,,Eye Tracker,,,Invalid,Invalid,EyesNotFound
2022-11-16 15:57:19.933168,,Eye Tracker,,,Invalid,Invalid,EyesNotFound
2022-11-16 15:57:19.949823,,Eye Tracker,394.0,1170.0,Valid,Valid,Saccade
2022-11-16 15:57:19.966478,,Eye Tracker,428.0,1125.0,Valid,Valid,Saccade
2022-11-16 15:57:19.983132,,Eye Tracker,535.0,917.0,Valid,Valid,Saccade
2022-11-16 15:57:19.999788,,Eye Tracker,522.0,971.0,Valid,Valid,Unclassified
2022-11-16 15:57:20.016443,,Eye Tracker,531.0,971.0,Valid,Valid,Unclassified
2022-11-16 15:57:20.033097,,Eye Tracker,590.0,850.0,Valid,Valid,Saccade
2022-11-16 15:57:20.049752,,Eye Tracker,589.0,815.0,Valid,Valid,Saccade
2022-11-16 15:57:20.066407,,Eye Tracker,604.0,794.0,Valid,Valid,Unclassified
2022-11-16 15:57:20.083061,,Eye Tracker,628.0,814.0,Valid,Valid,Saccade
2022-11-16 15:57:20.099716,,Eye Tracker,622.0,804.0,Valid,Valid,Fixation
2022-11-16 15:57:20.116371,,Eye Tracker,617.0,800.0,Valid,Valid,Fixation
2022-11-16 15:57:20.133026,,Eye Tracker,625.0,784.0,Valid,Valid,Fixation
2022-11-16 15:57:20.149681,,Eye Tracker,615.0,767.0,Valid,Valid,Fixation
2022-11-16 15:57:20.166336,,Eye Tracker,614.0,764.0,Valid,Valid,Fixation
2022-11-16 15:57:20.182991,,Eye Tracker,622.0,773.0,Valid,Valid,Fixation
2022-11-16 15:57:20.199645,,Eye Tracker,619.0,771.0,Valid,Valid,Fixation
2022-11-16 15:57:20.216300,,Eye Tracker,624.0,766.0,Valid,Valid,Fixation
2022-11-16 15:57:20.232955,,Eye Tracker,622.0,763.0,Valid,Valid,Fixation
2022-11-16 15:57:20.249609,,Eye Tracker,613.0,762.0,Valid,Valid,Fixation
2022-11-16 15:57:20.266264,,Eye Tracker,610.0,761.0,Valid,Valid,Fixation
2022-11-16 15:57:20.282920,,Eye Tracker,610.0,762.0,Valid,Valid,Fixation
2022-11-16 15:57:20.299574,,Eye Tracker,611.0,761.0,Valid,Valid,Fixation
2022-11-16 15:57:20.316229,,Eye Tracker,609.0,769.0,Valid,Valid,Fixation
2022-11-16 15:57:20.332884,,Eye Tracker,607.0,771.0,Valid,Valid,Fixation
2022-11-16 15:57:20.349538,,Eye Tracker,596.0,770.0,Valid,Valid,Fixation
2022-11-16 15:57:20.366193,,Eye Tracker,581.0,776.0,Valid,Valid,Fixation
2022-11-16 15:57:20.382848,,Eye Tracker,586.0,782.0,Valid,Valid,Fixation
2022-11-16 15:57:20.399503,,Eye Tracker,586.0,780.0,Valid,Valid,Fixation
2022-11-16 15:57:20.416157,,Eye Tracker,589.0,777.0,Valid,Valid,Fixation
2022-11-16 15:57:20.432813,,Eye Tracker,585.0,775.0,Valid,Valid,Fixation
2022-11-16 15:57:20.449468,,Eye Tracker,585.0,773.0,Valid,Valid,Fixation
2022-11-16 15:57:20.466122,,Eye Tracker,585.0,771.0,Valid,Valid,Fixation
2022-11-16 15:57:20.482777,,Eye Tracker,576.0,768.0,Valid,Valid,Fixation
2022-11-16 15:57:20.499432,,Eye Tracker,575.0,768.0,Valid,Valid,Fixation
2022-11-16 15:57:20.516086,,Eye Tracker,584.0,771.0,Valid,Valid,Fixation
2022-11-16 15:57:20.532741,,Eye Tracker,584.0,769.0,Valid,Valid,Fixation
2022-11-16 15:57:20.549397,,Eye Tracker,580.0,772.0,Valid,Valid,Fixation
2022-11-16 15:57:20.566051,,Eye Tracker,582.0,776.0,Valid,Valid,Fixation
2022-11-16 15:57:20.582707,,Eye Tracker,592.0,770.0,Valid,Valid,Fixation
2022-11-16 15:57:20.599362,,Eye Tracker,597.0,768.0,Valid,Valid,Fixation
2022-11-16 15:57:20.616016,,Eye Tracker,589.0,770.0,Valid,Valid,Fixation
2022-11-16 15:57:20.632671,,Eye Tracker,593.0,770.0,Valid,Valid,Fixation
2022-11-16 15:57:20.649326,,Eye Tracker,592.0,767.0,Valid,Valid,Fixation
2022-11-16 15:57:20.665981,,Eye Tracker,592.0,768.0,Valid,Valid,Fixation
2022-11-16 15:57:20.682635,,Eye Tracker,596.0,768.0,Valid,Valid,Fixation
2022-11-16 15:57:20.699290,,Eye Tracker,595.0,769.0,Valid,Valid,Fixation
2022-11-16 15:57:20.715946,,Eye Tracker,599.0,774.0,Valid,Valid,Fixation
2022-11-16 15:57:20.732600,,Eye Tracker,599.0,775.0,Valid,Valid,Fixation
2022-11-16 15:57:20.749255,,Eye Tracker,591.0,767.0,Valid,Valid,Fixation
2022-11-16 15:57:20.765910,,Eye Tracker,591.0,767.0,Valid,Valid,Fixation
2022-11-16 15:57:20.782564,,Eye Tracker,597.0,775.0,Valid,Valid,Fixation
2022-11-16 15:57:20.799219,,Eye Tracker,596.0,775.0,Valid,Valid,Fixation
2022-11-16 15:57:20.815874,,Eye Tracker,595.0,771.0,Valid,Valid,Fixation
2022-11-16 15:57:20.832528,,Eye Tracker,596.0,769.0,Valid,Valid,Fixation
2022-11-16 15:57:20.849183,,Eye Tracker,602.0,765.0,Valid,Valid,Fixation
2022-11-16 15:57:20.865839,,Eye Tracker,601.0,766.0,Valid,Valid,Fixation
2022-11-16 15:57:20.882493,,Eye Tracker,600.0,771.0,Valid,Valid,Fixation
2022-11-16 15:57:20.899148,,Eye Tracker,600.0,769.0,Valid,Valid,Fixation
2022-11-16 15:57:20.915803,,Eye Tracker,598.0,767.0,Valid,Valid,Fixation
2022-11-16 15:57:20.932458,,Eye Tracker,599.0,770.0,Valid,Valid,Fixation
2022-11-16 15:57:20.949112,,Eye Tracker,597.0,769.0,Valid,Valid,Fixation
2022-11-16 15:57:20.965767,,Eye Tracker,600.0,770.0,Valid,Valid,Fixation
2022-11-16 15:57:20.982422,,Eye Tracker,609.0,772.0,Valid,Valid,Fixation
2022-11-16 15:57:20.999076,,Eye Tracker,610.0,772.0,Valid,Valid,Fixation
2022-11-16 15:57:21.015732,,Eye Tracker,602.0,768.0,Valid,Valid,Fixation
2022-11-16 15:57:21.032387,,Eye Tracker,602.0,769.0,Valid,Valid,Fixation
2022-11-16 15:57:21.049041,,Eye Tracker,606.0,772.0,Valid,Valid,Fixation
2022-11-16 15:57:21.065696,,Eye Tracker,608.0,771.0,Valid,Valid,Fixation
2022-11-16 15:57:21.082351,,Eye Tracker,614.0,772.0,Valid,Valid,Fixation
2022-11-16 15:57:21.099005,,Eye Tracker,610.0,775.0,Valid,Valid,Fixation
2022-11-16 15:57:21.115660,,Eye Tracker,600.0,776.0,Valid,Valid,Fixation
2022-11-16 15:57:21.132315,,Eye Tracker,601.0,769.0,Valid,Valid,Fixation
2022-11-16 15:57:21.148969,,Eye Tracker,599.0,762.0,Valid,Valid,Fixation
2022-11-16 15:57:21.165625,,Eye Tracker,598.0,766.0,Valid,Valid,Fixation
2022-11-16 15:57:21.182280,,Eye Tracker,603.0,773.0,Valid,Valid,Fixation
2022-11-16 15:57:21.198935,,Eye Tracker,605.0,771.0,Valid,Valid,Fixation
2022-11-16 15:57:21.215589,,Eye Tracker,609.0,767.0,Valid,Valid,Fixation
2022-11-16 15:57:21.232244,,Eye Tracker,608.0,765.0,Valid,Valid,Fixation
2022-11-16 15:57:21.248899,,Eye Tracker,604.0,766.0,Valid,Valid,Fixation
2022-11-16 15:57:21.265553,,Eye Tracker,603.0,769.0,Valid,Valid,Fixation
2022-11-16 15:57:21.282208,,Eye Tracker,603.0,771.0,Valid,Valid,Fixation
2022-11-16 15:57:21.298864,,Eye Tracker,604.0,771.0,Valid,Valid,Fixation
2022-11-16 15:57:21.315518,,Eye Tracker,605.0,768.0,Valid,Valid,Fixation
2022-11-16 15:57:21.332173,,Eye Tracker,604.0,767.0,Valid,Valid,Fixation
2022-11-16 15:57:21.348828,,Eye Tracker,600.0,768.0,Valid,Valid,Fixation
2022-11-16 15:57:21.365482,,Eye Tracker,606.0,765.0,Valid,Valid,Fixation
2022-11-16 15:57:21.382137,,Eye Tracker,609.0,767.0,Valid,Valid,Fixation
2022-11-16 15:57:21.398792,,Eye Tracker,607.0,769.0,Valid,Valid,Fixation
2022-11-16 15:57:21.415446,,Eye Tracker,607.0,767.0,Valid,Valid,Fixation
2022-11-16 15:57:21.432101,,Eye Tracker,605.0,763.0,Valid,Valid,Fixation
2022-11-16 15:57:21.448757,,Eye Tracker,603.0,760.0,Valid,Valid,Fixation
2022-11-16 15:57:21.465412,,Eye Tracker,603.0,762.0,Valid,Valid,Fixation
2022-11-16 15:57:21.482066,,Eye Tracker,601.0,758.0,Valid,Valid,Fixation
2022-11-16 15:57:21.498721,,Eye Tracker,604.0,751.0,Valid,Valid,Fixation
2022-11-16 15:57:21.515376,,Eye Tracker,600.0,752.0,Valid,Valid,Fixation
2022-11-16 15:57:21.532030,,Eye Tracker,597.0,755.0,Valid,Valid,Fixation
2022-11-16 15:57:21.548685,,Eye Tracker,602.0,759.0,Valid,Valid,Fixation
2022-11-16 15:57:21.565340,,Eye Tracker,599.0,763.0,Valid,Valid,Fixation
2022-11-16 15:57:21.581994,,Eye Tracker,608.0,765.0,Valid,Valid,Fixation
2022-11-16 15:57:21.598650,,Eye Tracker,614.0,761.0,Valid,Valid,Fixation
2022-11-16 15:57:21.615305,,Eye Tracker,607.0,758.0,Valid,Valid,Fixation
2022-11-16 15:57:21.631959,,Eye Tracker,604.0,756.0,Valid,Valid,Fixation
2022-11-16 15:57:21.648614,,Eye Tracker,600.0,759.0,Valid,Valid,Fixation
2022-11-16 15:57:21.665269,,Eye Tracker,602.0,761.0,Valid,Valid,Fixation
2022-11-16 15:57:21.681923,,Eye Tracker,603.0,764.0,Valid,Valid,Fixation
2022-11-16 15:57:21.698578,,Eye Tracker,601.0,764.0,Valid,Valid,Fixation
2022-11-16 15:57:21.715233,,Eye Tracker,609.0,759.0,Valid,Valid,Fixation
2022-11-16 15:57:21.731888,,Eye Tracker,610.0,757.0,Valid,Valid,Fixation
2022-11-16 15:57:21.748543,,Eye Tracker,605.0,762.0,Valid,Valid,Fixation
2022-11-16 15:57:21.765198,,Eye Tracker,605.0,765.0,Valid,Valid,Fixation
2022-11-16 15:57:21.781853,,Eye Tracker,596.0,759.0,Valid,Valid,Fixation
2022-11-16 15:57:21.798507,,Eye Tracker,587.0,758.0,Valid,Valid,Fixation
2022-11-16 15:57:21.815162,,Eye Tracker,591.0,757.0,Valid,Valid,Fixation
2022-11-16 15:57:21.831817,,Eye Tracker,593.0,750.0,Valid,Valid,Fixation
2022-11-16 15:57:21.848471,,Eye Tracker,590.0,751.0,Valid,Valid,Fixation
2022-11-16 15:57:21.865126,,Eye Tracker,590.0,756.0,Valid,Valid,Fixation
2022-11-16 15:57:21.881782,,Eye Tracker,593.0,755.0,Valid,Valid,Fixation
2022-11-16 15:57:21.898436,,Eye Tracker,590.0,752.0,Valid,Valid,Fixation
2022-11-16 15:57:21.915091,,Eye Tracker,587.0,753.0,Valid,Valid,Fixation
2022-11-16 15:57:21.931746,,Eye Tracker,587.0,752.0,Valid,Valid,Fixation
2022-11-16 15:57:21.948400,,Eye Tracker,597.0,755.0,Valid,Valid,Fixation
2022-11-16 15:57:21.965055,,Eye Tracker,596.0,755.0,Valid,Valid,Fixation
2022-11-16 15:57:21.981710,,Eye Tracker,591.0,752.0,Valid,Valid,Fixation
2022-11-16 15:57:21.998365,,Eye Tracker,593.0,753.0,Valid,Valid,Fixation
2022-11-16 15:57:22.015019,,Eye Tracker,592.0,749.0,Valid,Valid,Fixation
2022-11-16 15:57:22.031675,,Eye Tracker,592.0,748.0,Valid,Valid,Fixation
2022-11-16 15:57:22.048330,,Eye Tracker,591.0,748.0,Valid,Valid,Fixation
2022-11-16 15:57:22.064984,,Eye Tracker,588.0,747.0,Valid,Valid,Fixation
2022-11-16 15:57:22.081639,,Eye Tracker,590.0,748.0,Valid,Valid,Fixation
2022-11-16 15:57:22.098294,,Eye Tracker,591.0,749.0,Valid,Valid,Fixation
2022-11-16 15:57:22.114948,,Eye Tracker,590.0,752.0,Valid,Valid,Fixation
2022-11-16 15:57:22.131603,,Eye Tracker,591.0,752.0,Valid,Valid,Fixation
2022-11-16 15:57:22.148258,,Eye Tracker,588.0,747.0,Valid,Valid,Fixation
2022-11-16 15:57:22.164912,,Eye Tracker,588.0,745.0,Valid,Valid,Fixation
2022-11-16 15:57:22.181568,,Eye Tracker,584.0,745.0,Valid,Valid,Fixation
2022-11-16 15:57:22.198223,,Eye Tracker,582.0,749.0,Valid,Valid,Fixation
2022-11-16 15:57:22.214877,,Eye Tracker,599.0,751.0,Valid,Valid,Fixation
2022-11-16 15:57:22.231532,,Eye Tracker,609.0,748.0,Valid,Valid,Fixation
2022-11-16 15:57:22.248187,,Eye Tracker,608.0,751.0,Valid,Valid,Fixation
2022-11-16 15:57:22.264842,,Eye Tracker,609.0,749.0,Valid,Valid,Fixation
2022-11-16 15:57:22.281496,,Eye Tracker,608.0,749.0,Valid,Valid,Fixation
2022-11-16 15:57:22.298151,,Eye Tracker,607.0,751.0,Valid,Valid,Fixation
2022-11-16 15:57:22.314807,,Eye Tracker,608.0,753.0,Valid,Valid,Fixation
2022-11-16 15:57:22.331461,,Eye Tracker,610.0,752.0,Valid,Valid,Fixation
2022-11-16 15:57:22.348116,,Eye Tracker,609.0,749.0,Valid,Valid,Fixation
2022-11-16 15:57:22.364771,,Eye Tracker,608.0,749.0,Valid,Valid,Fixation
2022-11-16 15:57:22.381425,,Eye Tracker,607.0,747.0,Valid,Valid,Fixation
2022-11-16 15:57:22.398080,,Eye Tracker,606.0,750.0,Valid,Valid,Fixation
2022-11-16 15:57:22.414735,,Eye Tracker,603.0,753.0,Valid,Valid,Fixation
2022-11-16 15:57:22.431389,,Eye Tracker,602.0,749.0,Valid,Valid,Fixation
2022-11-16 15:57:22.448044,,Eye Tracker,604.0,746.0,Valid,Valid,Fixation
2022-11-16 15:57:22.464700,,Eye Tracker,607.0,749.0,Valid,Valid,Fixation
2022-11-16 15:57:22.481354,,Eye Tracker,610.0,747.0,Valid,Valid,Fixation
2022-11-16 15:57:22.498009,,Eye Tracker,610.0,747.0,Valid,Valid,Fixation
2022-11-16 15:57:22.514664,,Eye Tracker,604.0,750.0,Valid,Valid,Fixation
2022-11-16 15:57:22.531319,,Eye Tracker,605.0,748.0,Valid,Valid,Fixation
2022-11-16 15:57:22.547973,,Eye Tracker,604.0,748.0,Valid,Valid,Fixation
2022-11-16 15:57:22.564628,,Eye Tracker,602.0,746.0,Valid,Valid,Fixation
2022-11-16 15:57:22.581283,,Eye Tracker,605.0,749.0,Valid,Valid,Fixation
2022-11-16 15:57:22.597937,,Eye Tracker,607.0,755.0,Valid,Valid,Fixation
2022-11-16 15:57:22.614593,,Eye Tracker,604.0,755.0,Valid,Valid,Fixation
2022-11-16 15:57:22.631248,,Eye Tracker,606.0,752.0,Valid,Valid,Fixation
2022-11-16 15:57:22.647902,,Eye Tracker,608.0,753.0,Valid,Valid,Fixation
2022-11-16 15:57:22.664557,,Eye Tracker,608.0,752.0,Valid,Valid,Fixation
2022-11-16 15:57:22.681212,,Eye Tracker,617.0,752.0,Valid,Valid,Fixation
2022-11-16 15:57:22.697866,,Eye Tracker,615.0,759.0,Valid,Valid,Fixation
2022-11-16 15:57:22.714521,,Eye Tracker,607.0,756.0,Valid,Valid,Fixation
2022-11-16 15:57:22.731176,,Eye Tracker,605.0,752.0,Valid,Valid,Fixation
2022-11-16 15:57:22.747830,,Eye Tracker,605.0,750.0,Valid,Valid,Fixation
2022-11-16 15:57:22.764486,,Eye Tracker,607.0,750.0,Valid,Valid,Fixation
2022-11-16 15:57:22.781141,,Eye Tracker,608.0,752.0,Valid,Valid,Fixation
2022-11-16 15:57:22.797796,,Eye Tracker,598.0,761.0,Valid,Valid,Fixation
2022-11-16 15:57:22.814450,,Eye Tracker,597.0,767.0,Valid,Valid,Fixation
2022-11-16 15:57:22.831105,,Eye Tracker,599.0,764.0,Valid,Valid,Fixation
2022-11-16 15:57:22.847760,,Eye Tracker,603.0,761.0,Valid,Valid,Fixation
2022-11-16 15:57:22.864414,,Eye Tracker,603.0,762.0,Valid,Valid,Fixation
2022-11-16 15:57:22.881069,,Eye Tracker,600.0,761.0,Valid,Valid,Fixation
2022-11-16 15:57:22.897725,,Eye Tracker,599.0,763.0,Valid,Valid,Fixation
2022-11-16 15:57:22.914379,,Eye Tracker,605.0,763.0,Valid,Valid,Fixation
2022-11-16 15:57:22.931034,,Eye Tracker,609.0,762.0,Valid,Valid,Fixation
2022-11-16 15:57:22.947689,,Eye Tracker,603.0,764.0,Valid,Valid,Fixation
2022-11-16 15:57:22.964343,,Eye Tracker,601.0,760.0,Valid,Valid,Fixation
2022-11-16 15:57:22.980998,,Eye Tracker,600.0,761.0,Valid,Valid,Fixation
2022-11-16 15:57:22.997653,,Eye Tracker,601.0,759.0,Valid,Valid,Fixation
2022-11-16 15:57:23.014307,,Eye Tracker,597.0,760.0,Valid,Valid,Fixation
2022-11-16 15:57:23.030962,,Eye Tracker,598.0,764.0,Valid,Valid,Fixation
2022-11-16 15:57:23.047618,,Eye Tracker,598.0,762.0,Valid,Valid,Fixation
2022-11-16 15:57:23.064273,,Eye Tracker,596.0,762.0,Valid,Valid,Fixation
2022-11-16 15:57:23.080927,,Eye Tracker,599.0,761.0,Valid,Valid,Fixation
2022-11-16 15:57:23.097582,,Eye Tracker,601.0,756.0,Valid,Valid,Fixation
2022-11-16 15:57:23.114237,,Eye Tracker,595.0,759.0,Valid,Valid,Fixation
2022-11-16 15:57:23.130891,,Eye Tracker,591.0,757.0,Valid,Valid,Fixation
2022-11-16 15:57:23.147546,,Eye Tracker,587.0,756.0,Valid,Valid,Fixation
2022-11-16 15:57:23.164201,,Eye Tracker,589.0,756.0,Valid,Valid,Fixation
2022-11-16 15:57:23.180855,,Eye Tracker,595.0,754.0,Valid,Valid,Fixation
2022-11-16 15:57:23.197511,,Eye Tracker,589.0,755.0,Valid,Valid,Fixation
2022-11-16 15:57:23.214166,,Eye Tracker,588.0,749.0,Valid,Valid,Fixation
2022-11-16 15:57:23.230820,,Eye Tracker,596.0,749.0,Valid,Valid,Fixation
2022-11-16 15:57:23.247475,,Eye Tracker,599.0,756.0,Valid,Valid,Fixation
2022-11-16 15:57:23.264130,,Eye Tracker,594.0,758.0,Valid,Valid,Fixation
2022-11-16 15:57:23.280784,,Eye Tracker,597.0,756.0,Valid,Valid,Fixation
2022-11-16 15:57:23.297439,,Eye Tracker,598.0,750.0,Valid,Valid,Fixation
2022-11-16 15:57:23.314094,,Eye Tracker,594.0,749.0,Valid,Valid,Fixation
2022-11-16 15:57:23.330749,,Eye Tracker,596.0,748.0,Valid,Valid,Fixation
2022-11-16 15:57:23.347404,,Eye Tracker,597.0,746.0,Valid,Valid,Fixation
2022-11-16 15:57:23.364059,,Eye Tracker,598.0,749.0,Valid,Valid,Fixation
2022-11-16 15:57:23.380714,,Eye Tracker,593.0,744.0,Valid,Valid,Fixation
2022-11-16 15:57:23.397368,,Eye Tracker,583.0,725.0,Valid,Valid,Saccade
2022-11-16 15:57:23.414023,,Eye Tracker,583.0,721.0,Valid,Valid,Fixation
2022-11-16 15:57:23.430678,,Eye Tracker,583.0,723.0,Valid,Valid,Fixation
2022-11-16 15:57:23.447332,,Eye Tracker,583.0,721.0,Valid,Valid,Fixation
2022-11-16 15:57:23.463987,,Eye Tracker,584.0,721.0,Valid,Valid,Fixation
2022-11-16 15:57:23.480643,,Eye Tracker,579.0,717.0,Valid,Valid,Fixation
2022-11-16 15:57:23.497297,,Eye Tracker,575.0,716.0,Valid,Valid,Fixation
2022-11-16 15:57:23.513952,,Eye Tracker,581.0,717.0,Valid,Valid,Fixation
2022-11-16 15:57:23.530607,,Eye Tracker,584.0,712.0,Valid,Valid,Fixation
2022-11-16 15:57:23.547261,,Eye Tracker,583.0,713.0,Valid,Valid,Fixation
2022-11-16 15:57:23.563916,,Eye Tracker,585.0,715.0,Valid,Valid,Fixation
2022-11-16 15:57:23.580571,,Eye Tracker,582.0,713.0,Valid,Valid,Fixation
2022-11-16 15:57:23.597226,,Eye Tracker,578.0,710.0,Valid,Valid,Fixation
2022-11-16 15:57:23.613880,,Eye Tracker,586.0,711.0,Valid,Valid,Fixation
2022-11-16 15:57:23.630536,,Eye Tracker,589.0,712.0,Valid,Valid,Fixation
2022-11-16 15:57:23.647191,,Eye Tracker,579.0,711.0,Valid,Valid,Fixation
2022-11-16 15:57:23.663845,,Eye Tracker,577.0,712.0,Valid,Valid,Fixation
2022-11-16 15:57:23.680500,,Eye Tracker,579.0,704.0,Valid,Valid,Fixation
2022-11-16 15:57:23.697155,,Eye Tracker,581.0,705.0,Valid,Valid,Fixation
2022-11-16 15:57:23.713809,,Eye Tracker,585.0,705.0,Valid,Valid,Fixation
2022-11-16 15:57:23.730464,,Eye Tracker,591.0,704.0,Valid,Valid,Fixation
2022-11-16 15:57:23.747119,,Eye Tracker,594.0,709.0,Valid,Valid,Fixation
2022-11-16 15:57:23.763773,,Eye Tracker,599.0,733.0,Valid,Valid,Saccade
2022-11-16 15:57:23.780429,,Eye Tracker,579.0,739.0,Valid,Valid,Unclassified
2022-11-16 15:57:23.797084,,Eye Tracker,597.0,790.0,Valid,Valid,Saccade
2022-11-16 15:57:23.813738,,Eye Tracker,675.0,906.0,Valid,Valid,Saccade
2022-11-16 15:57:23.830393,,Eye Tracker,,,Invalid,Invalid,EyesNotFound
2022-11-16 15:57:23.847048,,Eye Tracker,389.0,1041.0,Valid,Valid,Saccade
2022-11-16 15:57:23.863703,,Eye Tracker,431.0,985.0,Valid,Valid,Saccade
2022-11-16 15:57:23.880357,,Eye Tracker,565.0,786.0,Valid,Valid,Saccade
2022-11-16 15:57:23.897012,,Eye Tracker,567.0,828.0,Valid,Valid,Fixation
2022-11-16 15:57:23.913668,,Eye Tracker,573.0,858.0,Valid,Valid,Fixation
2022-11-16 15:57:23.930322,,Eye Tracker,577.0,820.0,Valid,Valid,Fixation
2022-11-16 15:57:23.946977,,Eye Tracker,580.0,811.0,Valid,Valid,Fixation
2022-11-16 15:57:23.963632,,Eye Tracker,614.0,765.0,Valid,Valid,Saccade
2022-11-16 15:57:23.980286,,Eye Tracker,615.0,763.0,Valid,Valid,Unclassified
2022-11-16 15:57:23.996941,,Eye Tracker,615.0,759.0,Valid,Valid,Unclassified
2022-11-16 15:57:24.013596,,Eye Tracker,620.0,764.0,Valid,Valid,Unclassified
2022-11-16 15:57:24.030250,,Eye Tracker,634.0,820.0,Valid,Valid,Saccade
2022-11-16 15:57:24.046905,,Eye Tracker,627.0,834.0,Valid,Valid,Unclassified
2022-11-16 15:57:24.063561,,Eye Tracker,,,Invalid,Invalid,EyesNotFound
2022-11-16 15:57:24.080215,,Eye Tracker,,,Invalid,Invalid,EyesNotFound
2022-11-16 15:57:24.096870,,Eye Tracker,,,Invalid,Invalid,EyesNotFound
2022-11-16 15:57:24.113525,,Eye Tracker,,,Invalid,Invalid,EyesNotFound
2022-11-16 15:57:24.130180,,Eye Tracker,,,Invalid,Invalid,EyesNotFound
2022-11-16 15:57:24.146834,,Eye Tracker,,,Invalid,Invalid,EyesNotFound
2022-11-16 15:57:24.163489,,Eye Tracker,,,Invalid,Invalid,EyesNotFound
2022-11-16 15:57:24.180144,,Eye Tracker,372.0,1056.0,Valid,Valid,Unclassified
2022-11-16 15:57:24.196798,,Eye Tracker,372.0,1056.0,Valid,Valid,Unclassified
2022-11-16 15:57:24.213454,,Eye Tracker,567.0,740.0,Valid,Valid,Saccade
2022-11-16 15:57:24.230109,,Eye Tracker,570.0,759.0,Valid,Valid,Unclassified
2022-11-16 15:57:24.246763,,Eye Tracker,589.0,733.0,Valid,Valid,Saccade
2022-11-16 15:57:24.263418,,Eye Tracker,607.0,702.0,Valid,Valid,Saccade
2022-11-16 15:57:24.280073,,Eye Tracker,616.0,692.0,Valid,Valid,Fixation
2022-11-16 15:57:24.296727,,Eye Tracker,614.0,678.0,Valid,Valid,Fixation
2022-11-16 15:57:24.313382,,Eye Tracker,608.0,686.0,Valid,Valid,Fixation
2022-11-16 15:57:24.330037,,Eye Tracker,606.0,681.0,Valid,Valid,Fixation
2022-11-16 15:57:24.346691,,Eye Tracker,610.0,685.0,Valid,Valid,Fixation
2022-11-16 15:57:24.363347,,Eye Tracker,608.0,686.0,Valid,Valid,Fixation
2022-11-16 15:57:24.380002,,Eye Tracker,602.0,682.0,Valid,Valid,Fixation
2022-11-16 15:57:24.396657,,Eye Tracker,602.0,678.0,Valid,Valid,Fixation
2022-11-16 15:57:24.413311,,Eye Tracker,602.0,678.0,Valid,Valid,Fixation
2022-11-16 15:57:24.429966,,Eye Tracker,602.0,678.0,Valid,Valid,Fixation
2022-11-16 15:57:24.446621,,Eye Tracker,608.0,682.0,Valid,Valid,Fixation
2022-11-16 15:57:24.463275,,Eye Tracker,598.0,691.0,Valid,Valid,Fixation
2022-11-16 15:57:24.479930,,Eye Tracker,589.0,686.0,Valid,Valid,Fixation
2022-11-16 15:57:24.496586,,Eye Tracker,592.0,680.0,Valid,Valid,Fixation
2022-11-16 15:57:24.513240,,Eye Tracker,599.0,678.0,Valid,Valid,Fixation
2022-11-16 15:57:24.529895,,Eye Tracker,598.0,680.0,Valid,Valid,Fixation
2022-11-16 15:57:24.546550,,Eye Tracker,596.0,682.0,Valid,Valid,Fixation
2022-11-16 15:57:24.563204,,Eye Tracker,596.0,681.0,Valid,Valid,Fixation
2022-11-16 15:57:24.579859,,Eye Tracker,599.0,680.0,Valid,Valid,Fixation
2022-11-16 15:57:24.596514,,Eye Tracker,601.0,680.0,Valid,Valid,Fixation
2022-11-16 15:57:24.613169,,Eye Tracker,603.0,686.0,Valid,Valid,Fixation
2022-11-16 15:57:24.629823,,Eye Tracker,604.0,684.0,Valid,Valid,Fixation
2022-11-16 15:57:24.646479,,Eye Tracker,598.0,679.0,Valid,Valid,Fixation
2022-11-16 15:57:24.663134,,Eye Tracker,599.0,679.0,Valid,Valid,Fixation
2022-11-16 15:57:24.679788,,Eye Tracker,608.0,680.0,Valid,Valid,Fixation
2022-11-16 15:57:24.696443,,Eye Tracker,605.0,681.0,Valid,Valid,Fixation
2022-11-16 15:57:24.713098,,Eye Tracker,598.0,678.0,Valid,Valid,Fixation
2022-11-16 15:57:24.729752,,Eye Tracker,600.0,678.0,Valid,Valid,Fixation
2022-11-16 15:57:24.746407,,Eye Tracker,594.0,679.0,Valid,Valid,Fixation
2022-11-16 15:57:24.763062,,Eye Tracker,597.0,682.0,Valid,Valid,Fixation
2022-11-16 15:57:24.779716,,Eye Tracker,599.0,684.0,Valid,Valid,Fixation
2022-11-16 15:57:24.796372,,Eye Tracker,599.0,685.0,Valid,Valid,Fixation
2022-11-16 15:57:24.813027,,Eye Tracker,602.0,685.0,Valid,Valid,Fixation
2022-11-16 15:57:24.829681,,Eye Tracker,602.0,686.0,Valid,Valid,Fixation
2022-11-16 15:57:24.846336,,Eye Tracker,605.0,690.0,Valid,Valid,Fixation
2022-11-16 15:57:24.862991,,Eye Tracker,604.0,690.0,Valid,Valid,Fixation
2022-11-16 15:57:24.879645,,Eye Tracker,602.0,686.0,Valid,Valid,Fixation
2022-11-16 15:57:24.896300,,Eye Tracker,605.0,682.0,Valid,Valid,Fixation
2022-11-16 15:57:24.912955,,Eye Tracker,605.0,679.0,Valid,Valid,Fixation
2022-11-16 15:57:24.929611,,Eye Tracker,603.0,676.0,Valid,Valid,Fixation
2022-11-16 15:57:24.946265,,Eye Tracker,602.0,681.0,Valid,Valid,Fixation
2022-11-16 15:57:24.962920,,Eye Tracker,601.0,683.0,Valid,Valid,Fixation
2022-11-16 15:57:24.979575,,Eye Tracker,604.0,683.0,Valid,Valid,Fixation
2022-11-16 15:57:24.996229,,Eye Tracker,602.0,683.0,Valid,Valid,Fixation
2022-11-16 15:57:25.012884,,Eye Tracker,595.0,680.0,Valid,Valid,Fixation
2022-11-16 15:57:25.029539,,Eye Tracker,599.0,682.0,Valid,Valid,Fixation
2022-11-16 15:57:25.046193,,Eye Tracker,602.0,683.0,Valid,Valid,Fixation
2022-11-16 15:57:25.062848,,Eye Tracker,598.0,682.0,Valid,Valid,Fixation
2022-11-16 15:57:25.079504,,Eye Tracker,595.0,684.0,Valid,Valid,Fixation
2022-11-16 15:57:25.096158,,Eye Tracker,597.0,684.0,Valid,Valid,Fixation
2022-11-16 15:57:25.112813,,Eye Tracker,593.0,684.0,Valid,Valid,Fixation
2022-11-16 15:57:25.129468,,Eye Tracker,596.0,683.0,Valid,Valid,Fixation
2022-11-16 15:57:25.146122,,Eye Tracker,596.0,685.0,Valid,Valid,Fixation
2022-11-16 15:57:25.162777,,Eye Tracker,594.0,686.0,Valid,Valid,Fixation
2022-11-16 15:57:25.179432,,Eye Tracker,594.0,686.0,Valid,Valid,Fixation
2022-11-16 15:57:25.196087,,Eye Tracker,591.0,682.0,Valid,Valid,Fixation
2022-11-16 15:57:25.212741,,Eye Tracker,597.0,679.0,Valid,Valid,Fixation
2022-11-16 15:57:25.229397,,Eye Tracker,600.0,678.0,Valid,Valid,Fixation
2022-11-16 15:57:25.246052,,Eye Tracker,594.0,676.0,Valid,Valid,Fixation
2022-11-16 15:57:25.262706,,Eye Tracker,594.0,678.0,Valid,Valid,Fixation
2022-11-16 15:57:25.279361,,Eye Tracker,596.0,679.0,Valid,Valid,Fixation
2022-11-16 15:57:25.296016,,Eye Tracker,597.0,678.0,Valid,Valid,Fixation
2022-11-16 15:57:25.312670,,Eye Tracker,594.0,677.0,Valid,Valid,Fixation
2022-11-16 15:57:25.329325,,Eye Tracker,595.0,683.0,Valid,Valid,Fixation
2022-11-16 15:57:25.345980,,Eye Tracker,594.0,685.0,Valid,Valid,Fixation
2022-11-16 15:57:25.362634,,Eye Tracker,592.0,685.0,Valid,Valid,Fixation
2022-11-16 15:57:25.379290,,Eye Tracker,592.0,683.0,Valid,Valid,Fixation
2022-11-16 15:57:25.395945,,Eye Tracker,592.0,682.0,Valid,Valid,Fixation
2022-11-16 15:57:25.412599,,Eye Tracker,594.0,681.0,Valid,Valid,Fixation
2022-11-16 15:57:25.429254,,Eye Tracker,597.0,679.0,Valid,Valid,Fixation
2022-11-16 15:57:25.445909,,Eye Tracker,599.0,676.0,Valid,Valid,Fixation
2022-11-16 15:57:25.462564,,Eye Tracker,596.0,677.0,Valid,Valid,Fixation
2022-11-16 15:57:25.479218,,Eye Tracker,597.0,678.0,Valid,Valid,Fixation
2022-11-16 15:57:25.495873,,Eye Tracker,596.0,680.0,Valid,Valid,Fixation
2022-11-16 15:57:25.512529,,Eye Tracker,590.0,680.0,Valid,Valid,Fixation
2022-11-16 15:57:25.529183,,Eye Tracker,597.0,677.0,Valid,Valid,Fixation
2022-11-16 15:57:25.545838,,Eye Tracker,590.0,666.0,Valid,Valid,Fixation
2022-11-16 15:57:25.562493,,Eye Tracker,582.0,662.0,Valid,Valid,Fixation
2022-11-16 15:57:25.579147,,Eye Tracker,586.0,657.0,Valid,Valid,Fixation
2022-11-16 15:57:25.595802,,Eye Tracker,588.0,657.0,Valid,Valid,Fixation
2022-11-16 15:57:25.612457,,Eye Tracker,589.0,667.0,Valid,Valid,Fixation
2022-11-16 15:57:25.629111,,Eye Tracker,587.0,663.0,Valid,Valid,Fixation
2022-11-16 15:57:25.645766,,Eye Tracker,588.0,658.0,Valid,Valid,Fixation
2022-11-16 15:57:25.662421,,Eye Tracker,591.0,660.0,Valid,Valid,Fixation
2022-11-16 15:57:25.679076,,Eye Tracker,588.0,654.0,Valid,Valid,Fixation
2022-11-16 15:57:25.695730,,Eye Tracker,585.0,652.0,Valid,Valid,Fixation
2022-11-16 15:57:25.712385,,Eye Tracker,582.0,655.0,Valid,Valid,Fixation
2022-11-16 15:57:25.729040,,Eye Tracker,580.0,652.0,Valid,Valid,Fixation
2022-11-16 15:57:25.745695,,Eye Tracker,583.0,653.0,Valid,Valid,Fixation
2022-11-16 15:57:25.762350,,Eye Tracker,586.0,657.0,Valid,Valid,Fixation
2022-11-16 15:57:25.779005,,Eye Tracker,588.0,656.0,Valid,Valid,Fixation
2022-11-16 15:57:25.795659,,Eye Tracker,589.0,651.0,Valid,Valid,Fixation
2022-11-16 15:57:25.812314,,Eye Tracker,589.0,651.0,Valid,Valid,Fixation
2022-11-16 15:57:25.828969,,Eye Tracker,587.0,650.0,Valid,Valid,Fixation
2022-11-16 15:57:25.845623,,Eye Tracker,587.0,657.0,Valid,Valid,Fixation
2022-11-16 15:57:25.862278,,Eye Tracker,588.0,654.0,Valid,Valid,Fixation
2022-11-16 15:57:25.878933,,Eye Tracker,589.0,650.0,Valid,Valid,Fixation
2022-11-16 15:57:25.895588,,Eye Tracker,590.0,651.0,Valid,Valid,Fixation
2022-11-16 15:57:25.912243,,Eye Tracker,587.0,656.0,Valid,Valid,Fixation
2022-11-16 15:57:25.928898,,Eye Tracker,584.0,651.0,Valid,Valid,Fixation
2022-11-16 15:57:25.945551,,Eye Tracker,586.0,644.0,Valid,Valid,Fixation
2022-11-16 15:57:25.962207,,Eye Tracker,588.0,647.0,Valid,Valid,Fixation
2022-11-16 15:57:25.978862,,Eye Tracker,587.0,644.0,Valid,Valid,Fixation
2022-11-16 15:57:25.995517,,Eye Tracker,585.0,643.0,Valid,Valid,Fixation
2022-11-16 15:57:26.012171,,Eye Tracker,583.0,647.0,Valid,Valid,Fixation
2022-11-16 15:57:26.028826,,Eye Tracker,585.0,642.0,Valid,Valid,Fixation
2022-11-16 15:57:26.045482,,Eye Tracker,589.0,644.0,Valid,Valid,Fixation
2022-11-16 15:57:26.062136,,Eye Tracker,586.0,643.0,Valid,Valid,Fixation
2022-11-16 15:57:26.078791,,Eye Tracker,583.0,639.0,Valid,Valid,Fixation
2022-11-16 15:57:26.095446,,Eye Tracker,582.0,642.0,Valid,Valid,Fixation
2022-11-16 15:57:26.112100,,Eye Tracker,582.0,646.0,Valid,Valid,Fixation
2022-11-16 15:57:26.128755,,Eye Tracker,582.0,641.0,Valid,Valid,Fixation
2022-11-16 15:57:26.145410,,Eye Tracker,581.0,639.0,Valid,Valid,Fixation
2022-11-16 15:57:26.162064,,Eye Tracker,583.0,644.0,Valid,Valid,Fixation
2022-11-16 15:57:26.178720,,Eye Tracker,584.0,643.0,Valid,Valid,Fixation
2022-11-16 15:57:26.195375,,Eye Tracker,583.0,636.0,Valid,Valid,Fixation
2022-11-16 15:57:26.212028,,Eye Tracker,584.0,642.0,Valid,Valid,Fixation
2022-11-16 15:57:26.228684,,Eye Tracker,585.0,636.0,Valid,Valid,Fixation
2022-11-16 15:57:26.245339,,Eye Tracker,584.0,639.0,Valid,Valid,Fixation
2022-11-16 15:57:26.261994,,Eye Tracker,583.0,638.0,Valid,Valid,Fixation
2022-11-16 15:57:26.278648,,Eye Tracker,582.0,648.0,Valid,Valid,Fixation
2022-11-16 15:57:26.295303,,Eye Tracker,587.0,649.0,Valid,Valid,Fixation
2022-11-16 15:57:26.311958,,Eye Tracker,583.0,612.0,Valid,Valid,Fixation
2022-11-16 15:57:26.328613,,Eye Tracker,654.0,702.0,Valid,Valid,Saccade
2022-11-16 15:57:26.345268,,Eye Tracker,751.0,817.0,Valid,Valid,Saccade
2022-11-16 15:57:26.361923,,Eye Tracker,,,Invalid,Invalid,EyesNotFound
2022-11-16 15:57:26.378577,,Eye Tracker,,,Invalid,Invalid,EyesNotFound
2022-11-16 15:57:26.395232,,Eye Tracker,,,Invalid,Invalid,EyesNotFound
2022-11-16 15:57:26.411887,,Eye Tracker,,,Invalid,Invalid,EyesNotFound
2022-11-16 15:57:26.428541,,Eye Tracker,,,Invalid,Invalid,EyesNotFound
2022-11-16 15:57:26.445196,,Eye Tracker,,,Invalid,Invalid,EyesNotFound
2022-11-16 15:57:26.461851,,Eye Tracker,404.0,975.0,Valid,Invalid,Unclassified
2022-11-16 15:57:26.478506,,Eye Tracker,404.0,975.0,Valid,Invalid,Unclassified
2022-11-16 15:57:26.495161,,Eye Tracker,551.0,822.0,Valid,Invalid,Saccade
2022-11-16 15:57:26.511816,,Eye Tracker,566.0,798.0,Valid,Invalid,Saccade
2022-11-16 15:57:26.528471,,Eye Tracker,516.0,778.0,Valid,Invalid,Saccade
2022-11-16 15:57:26.545125,,Eye Tracker,448.0,784.0,Valid,Invalid,Saccade
2022-11-16 15:57:26.561780,,Eye Tracker,,,Invalid,Invalid,EyesNotFound
2022-11-16 15:57:26.578435,,Eye Tracker,580.0,778.0,Valid,Invalid,Unclassified
2022-11-16 15:57:26.595089,,Eye Tracker,580.0,778.0,Valid,Invalid,Unclassified
2022-11-16 15:57:26.611745,,Eye Tracker,403.0,940.0,Valid,Invalid,Saccade
2022-11-16 15:57:26.628400,,Eye Tracker,403.0,940.0,Valid,Invalid,Unclassified
2022-11-16 15:57:26.645054,,Eye Tracker,,,Invalid,Invalid,EyesNotFound
2022-11-16 15:57:26.661709,,Eye Tracker,,,Invalid,Invalid,EyesNotFound
2022-11-16 15:57:26.678364,,Eye Tracker,,,Invalid,Invalid,EyesNotFound
2022-11-16 15:57:26.695018,,Eye Tracker,,,Invalid,Invalid,EyesNotFound
2022-11-16 15:57:26.711673,,Eye Tracker,,,Invalid,Invalid,EyesNotFound
2022-11-16 15:57:26.728328,,Eye Tracker,,,Invalid,Invalid,EyesNotFound
2022-11-16 15:57:26.744982,,Eye Tracker,,,Invalid,Invalid,EyesNotFound
2022-11-16 15:57:26.761638,,Eye Tracker,,,Invalid,Invalid,EyesNotFound
2022-11-16 15:57:26.778293,,Eye Tracker,,,Invalid,Invalid,EyesNotFound
2022-11-16 15:57:26.794947,,Eye Tracker,,,Invalid,Invalid,EyesNotFound
2022-11-16 15:57:26.811602,,Eye Tracker,,,Invalid,Invalid,EyesNotFound
2022-11-16 15:57:26.828257,,Eye Tracker,,,Invalid,Invalid,EyesNotFound
2022-11-16 15:57:26.844912,,Eye Tracker,,,Invalid,Invalid,EyesNotFound
2022-11-16 15:57:26.861566,,Eye Tracker,,,Invalid,Invalid,EyesNotFound
2022-11-16 15:57:26.878221,,Eye Tracker,,,Invalid,Invalid,EyesNotFound
2022-11-16 15:57:26.894876,,Eye Tracker,608.0,637.0,Valid,Valid,Unclassified
2022-11-16 15:57:26.911531,,Eye Tracker,608.0,637.0,Valid,Valid,Unclassified
2022-11-16 15:57:26.928186,,Eye Tracker,583.0,626.0,Invalid,Valid,Saccade
2022-11-16 15:57:26.944841,,Eye Tracker,583.0,626.0,Invalid,Valid,Unclassified
2022-11-16 15:57:26.961495,,Eye Tracker,597.0,638.0,Invalid,Valid,Unclassified
2022-11-16 15:57:26.978150,,Eye Tracker,604.0,664.0,Valid,Valid,Saccade
2022-11-16 15:57:26.994805,,Eye Tracker,598.0,655.0,Valid,Valid,Fixation
2022-11-16 15:57:27.011459,,Eye Tracker,599.0,639.0,Valid,Valid,Fixation
2022-11-16 15:57:27.028114,,Eye Tracker,604.0,618.0,Valid,Valid,Fixation
2022-11-16 15:57:27.044770,,Eye Tracker,609.0,635.0,Valid,Valid,Fixation
2022-11-16 15:57:27.061425,,Eye Tracker,643.0,677.0,Valid,Invalid,Fixation
2022-11-16 15:57:27.078079,,Eye Tracker,486.0,647.0,Valid,Valid,Fixation
2022-11-16 15:57:27.094734,,Eye Tracker,570.0,641.0,Valid,Valid,Fixation
2022-11-16 15:57:27.111389,,Eye Tracker,598.0,638.0,Valid,Valid,Saccade
2022-11-16 15:57:27.128043,,Eye Tracker,590.0,631.0,Valid,Valid,Fixation
2022-11-16 15:57:27.144698,,Eye Tracker,592.0,639.0,Valid,Valid,Fixation
2022-11-16 15:57:27.161353,,Eye Tracker,596.0,633.0,Valid,Valid,Fixation
2022-11-16 15:57:27.178007,,Eye Tracker,597.0,639.0,Valid,Valid,Fixation
2022-11-16 15:57:27.194663,,Eye Tracker,598.0,640.0,Valid,Valid,Fixation
2022-11-16 15:57:27.211318,,Eye Tracker,587.0,621.0,Valid,Valid,Fixation
2022-11-16 15:57:27.227972,,Eye Tracker,587.0,626.0,Valid,Valid,Fixation
2022-11-16 15:57:27.244627,,Eye Tracker,602.0,637.0,Valid,Valid,Fixation
2022-11-16 15:57:27.261282,,Eye Tracker,597.0,638.0,Valid,Valid,Fixation
2022-11-16 15:57:27.277936,,Eye Tracker,585.0,616.0,Valid,Valid,Fixation
2022-11-16 15:57:27.294591,,Eye Tracker,596.0,620.0,Valid,Valid,Fixation
2022-11-16 15:57:27.311246,,Eye Tracker,606.0,639.0,Valid,Valid,Saccade
2022-11-16 15:57:27.327901,,Eye Tracker,606.0,637.0,Valid,Valid,Fixation
2022-11-16 15:57:27.344556,,Eye Tracker,605.0,631.0,Valid,Valid,Fixation
2022-11-16 15:57:27.361210,,Eye Tracker,607.0,636.0,Valid,Valid,Fixation
2022-11-16 15:57:27.377866,,Eye Tracker,605.0,639.0,Valid,Valid,Fixation
2022-11-16 15:57:27.394520,,Eye Tracker,606.0,643.0,Valid,Valid,Fixation
2022-11-16 15:57:27.411175,,Eye Tracker,609.0,646.0,Valid,Valid,Fixation
2022-11-16 15:57:27.427830,,Eye Tracker,606.0,648.0,Valid,Valid,Fixation
2022-11-16 15:57:27.444484,,Eye Tracker,601.0,642.0,Valid,Valid,Fixation
2022-11-16 15:57:27.461139,,Eye Tracker,600.0,642.0,Valid,Valid,Fixation
2022-11-16 15:57:27.477794,,Eye Tracker,598.0,641.0,Valid,Valid,Fixation
2022-11-16 15:57:27.494449,,Eye Tracker,598.0,640.0,Valid,Valid,Fixation
2022-11-16 15:57:27.511104,,Eye Tracker,594.0,638.0,Valid,Valid,Fixation
2022-11-16 15:57:27.527759,,Eye Tracker,586.0,636.0,Valid,Valid,Fixation
2022-11-16 15:57:27.544413,,Eye Tracker,588.0,636.0,Valid,Valid,Fixation
2022-11-16 15:57:27.561068,,Eye Tracker,590.0,634.0,Valid,Valid,Fixation
2022-11-16 15:57:27.577723,,Eye Tracker,583.0,638.0,Valid,Valid,Fixation
2022-11-16 15:57:27.594378,,Eye Tracker,584.0,641.0,Valid,Valid,Fixation
2022-11-16 15:57:27.611032,,Eye Tracker,584.0,636.0,Valid,Valid,Fixation
2022-11-16 15:57:27.627688,,Eye Tracker,584.0,634.0,Valid,Valid,Fixation
2022-11-16 15:57:27.644343,,Eye Tracker,590.0,632.0,Valid,Valid,Fixation
2022-11-16 15:57:27.660997,,Eye Tracker,591.0,633.0,Valid,Valid,Fixation
2022-11-16 15:57:27.677652,,Eye Tracker,591.0,635.0,Valid,Valid,Fixation
2022-11-16 15:57:27.694307,,Eye Tracker,591.0,635.0,Valid,Valid,Fixation
2022-11-16 15:57:27.710961,,Eye Tracker,594.0,630.0,Valid,Valid,Fixation
2022-11-16 15:57:27.727616,,Eye Tracker,592.0,631.0,Valid,Valid,Fixation
2022-11-16 15:57:27.744271,,Eye Tracker,589.0,633.0,Valid,Valid,Fixation
2022-11-16 15:57:27.760925,,Eye Tracker,592.0,622.0,Valid,Valid,Fixation
2022-11-16 15:57:27.777581,,Eye Tracker,595.0,619.0,Valid,Valid,Fixation
2022-11-16 15:57:27.794236,,Eye Tracker,599.0,625.0,Valid,Valid,Fixation
2022-11-16 15:57:27.810889,,Eye Tracker,595.0,630.0,Valid,Valid,Fixation
2022-11-16 15:57:27.827545,,Eye Tracker,593.0,630.0,Valid,Valid,Fixation
2022-11-16 15:57:27.844200,,Eye Tracker,597.0,627.0,Valid,Valid,Fixation
2022-11-16 15:57:27.860855,,Eye Tracker,600.0,626.0,Valid,Valid,Fixation
2022-11-16 15:57:27.877509,,Eye Tracker,598.0,622.0,Valid,Valid,Fixation
2022-11-16 15:57:27.894164,,Eye Tracker,593.0,619.0,Valid,Valid,Fixation
2022-11-16 15:57:27.910820,,Eye Tracker,593.0,617.0,Valid,Valid,Fixation
2022-11-16 15:57:27.927474,,Eye Tracker,591.0,620.0,Valid,Valid,Fixation
2022-11-16 15:57:27.944129,,Eye Tracker,588.0,627.0,Valid,Valid,Fixation
2022-11-16 15:57:27.960784,,Eye Tracker,591.0,627.0,Valid,Valid,Fixation
2022-11-16 15:57:27.977438,,Eye Tracker,596.0,620.0,Valid,Valid,Fixation
2022-11-16 15:57:27.994093,,Eye Tracker,595.0,620.0,Valid,Valid,Fixation
2022-11-16 15:57:28.010748,,Eye Tracker,592.0,627.0,Valid,Valid,Fixation
2022-11-16 15:57:28.027402,,Eye Tracker,587.0,629.0,Valid,Valid,Fixation
2022-11-16 15:57:28.044057,,Eye Tracker,586.0,638.0,Valid,Valid,Fixation
2022-11-16 15:57:28.060713,,Eye Tracker,580.0,716.0,Valid,Valid,Saccade
2022-11-16 15:57:28.077368,,Eye Tracker,588.0,1040.0,Valid,Invalid,Saccade
2022-11-16 15:57:28.094022,,Eye Tracker,,,Invalid,Invalid,EyesNotFound
2022-11-16 15:57:28.110677,,Eye Tracker,,,Invalid,Invalid,EyesNotFound
2022-11-16 15:57:28.127332,,Eye Tracker,,,Invalid,Invalid,EyesNotFound
2022-11-16 15:57:28.143986,,Eye Tracker,,,Invalid,Invalid,EyesNotFound
2022-11-16 15:57:28.160641,,Eye Tracker,,,Invalid,Invalid,EyesNotFound
2022-11-16 15:57:28.177296,,Eye Tracker,551.0,849.0,Valid,Valid,Saccade
2022-11-16 15:57:28.193951,,Eye Tracker,528.0,887.0,Valid,Valid,Saccade
2022-11-16 15:57:28.210606,,Eye Tracker,492.0,951.0,Valid,Valid,Unclassified
2022-11-16 15:57:28.227261,,Eye Tracker,603.0,776.0,Valid,Valid,Saccade
2022-11-16 15:57:28.243915,,Eye Tracker,603.0,776.0,Valid,Valid,Unclassified
2022-11-16 15:57:28.260570,,Eye Tracker,602.0,684.0,Valid,Valid,Saccade
2022-11-16 15:57:28.277225,,Eye Tracker,618.0,661.0,Valid,Valid,Saccade
2022-11-16 15:57:28.293879,,Eye Tracker,619.0,639.0,Valid,Valid,Saccade
2022-11-16 15:57:28.310534,,Eye Tracker,609.0,638.0,Valid,Valid,Fixation
2022-11-16 15:57:28.327189,,Eye Tracker,608.0,631.0,Valid,Valid,Fixation
2022-11-16 15:57:28.343844,,Eye Tracker,612.0,642.0,Valid,Valid,Fixation
2022-11-16 15:57:28.360499,,Eye Tracker,617.0,637.0,Valid,Valid,Fixation
2022-11-16 15:57:28.377154,,Eye Tracker,614.0,637.0,Valid,Valid,Fixation
2022-11-16 15:57:28.393809,,Eye Tracker,615.0,634.0,Valid,Valid,Fixation
2022-11-16 15:57:28.410463,,Eye Tracker,619.0,634.0,Valid,Valid,Fixation
2022-11-16 15:57:28.427118,,Eye Tracker,613.0,633.0,Valid,Valid,Fixation
2022-11-16 15:57:28.443773,,Eye Tracker,610.0,629.0,Valid,Valid,Fixation
2022-11-16 15:57:28.460427,,Eye Tracker,615.0,628.0,Valid,Valid,Fixation
2022-11-16 15:57:28.477082,,Eye Tracker,618.0,629.0,Valid,Valid,Fixation
2022-11-16 15:57:28.493738,,Eye Tracker,616.0,628.0,Valid,Valid,Fixation
2022-11-16 15:57:28.510392,,Eye Tracker,611.0,631.0,Valid,Valid,Fixation
2022-11-16 15:57:28.527047,,Eye Tracker,608.0,628.0,Valid,Valid,Fixation
2022-11-16 15:57:28.543702,,Eye Tracker,608.0,624.0,Valid,Valid,Fixation
2022-11-16 15:57:28.560356,,Eye Tracker,613.0,629.0,Valid,Valid,Fixation
2022-11-16 15:57:28.577011,,Eye Tracker,617.0,626.0,Valid,Valid,Fixation
2022-11-16 15:57:28.593666,,Eye Tracker,617.0,624.0,Valid,Valid,Fixation
2022-11-16 15:57:28.610320,,Eye Tracker,611.0,640.0,Valid,Valid,Fixation
2022-11-16 15:57:28.626976,,Eye Tracker,595.0,654.0,Valid,Valid,Fixation
2022-11-16 15:57:28.643631,,Eye Tracker,582.0,644.0,Valid,Valid,Fixation
2022-11-16 15:57:28.660286,,Eye Tracker,585.0,643.0,Valid,Valid,Fixation
2022-11-16 15:57:28.676940,,Eye Tracker,591.0,641.0,Valid,Valid,Fixation
2022-11-16 15:57:28.693595,,Eye Tracker,591.0,644.0,Valid,Valid,Fixation
2022-11-16 15:57:28.710250,,Eye Tracker,590.0,640.0,Valid,Valid,Fixation
2022-11-16 15:57:28.726904,,Eye Tracker,594.0,636.0,Valid,Valid,Fixation
2022-11-16 15:57:28.743559,,Eye Tracker,594.0,643.0,Valid,Valid,Fixation
2022-11-16 15:57:28.760214,,Eye Tracker,591.0,650.0,Valid,Valid,Fixation
2022-11-16 15:57:28.776869,,Eye Tracker,590.0,648.0,Valid,Valid,Fixation
2022-11-16 15:57:28.793524,,Eye Tracker,591.0,646.0,Valid,Valid,Fixation
2022-11-16 15:57:28.810179,,Eye Tracker,587.0,645.0,Valid,Valid,Fixation
2022-11-16 15:57:28.826833,,Eye Tracker,589.0,643.0,Valid,Valid,Fixation
2022-11-16 15:57:28.843488,,Eye Tracker,589.0,639.0,Valid,Valid,Fixation
2022-11-16 15:57:28.860143,,Eye Tracker,586.0,643.0,Valid,Valid,Fixation
2022-11-16 15:57:28.876797,,Eye Tracker,585.0,646.0,Valid,Valid,Fixation
2022-11-16 15:57:28.893452,,Eye Tracker,586.0,646.0,Valid,Valid,Fixation
2022-11-16 15:57:28.910107,,Eye Tracker,589.0,644.0,Valid,Valid,Fixation
2022-11-16 15:57:28.926763,,Eye Tracker,590.0,639.0,Valid,Valid,Fixation
2022-11-16 15:57:28.943417,,Eye Tracker,589.0,640.0,Valid,Valid,Fixation
2022-11-16 15:57:28.960072,,Eye Tracker,590.0,639.0,Valid,Valid,Fixation
2022-11-16 15:57:28.976727,,Eye Tracker,593.0,641.0,Valid,Valid,Fixation
2022-11-16 15:57:28.993381,,Eye Tracker,593.0,644.0,Valid,Valid,Fixation
2022-11-16 15:57:29.010036,,Eye Tracker,594.0,645.0,Valid,Valid,Fixation
2022-11-16 15:57:29.026691,,Eye Tracker,595.0,641.0,Valid,Valid,Fixation
2022-11-16 15:57:29.043345,,Eye Tracker,596.0,637.0,Valid,Valid,Fixation
2022-11-16 15:57:29.060001,,Eye Tracker,597.0,642.0,Valid,Valid,Fixation
2022-11-16 15:57:29.076656,,Eye Tracker,597.0,642.0,Valid,Valid,Fixation
2022-11-16 15:57:29.093310,,Eye Tracker,597.0,635.0,Valid,Valid,Fixation
2022-11-16 15:57:29.109965,,Eye Tracker,599.0,644.0,Valid,Valid,Fixation
2022-11-16 15:57:29.126620,,Eye Tracker,601.0,645.0,Valid,Valid,Fixation
2022-11-16 15:57:29.143274,,Eye Tracker,602.0,638.0,Valid,Valid,Fixation
2022-11-16 15:57:29.159929,,Eye Tracker,598.0,639.0,Valid,Valid,Fixation
2022-11-16 15:57:29.176584,,Eye Tracker,601.0,639.0,Valid,Valid,Fixation
2022-11-16 15:57:29.193239,,Eye Tracker,602.0,638.0,Valid,Valid,Fixation
2022-11-16 15:57:29.209894,,Eye Tracker,602.0,639.0,Valid,Valid,Fixation
2022-11-16 15:57:29.226549,,Eye Tracker,599.0,638.0,Valid,Valid,Fixation
2022-11-16 15:57:29.243204,,Eye Tracker,601.0,641.0,Valid,Valid,Fixation
2022-11-16 15:57:29.259858,,Eye Tracker,604.0,640.0,Valid,Valid,Fixation
2022-11-16 15:57:29.276513,,Eye Tracker,603.0,643.0,Valid,Valid,Fixation
2022-11-16 15:57:29.293168,,Eye Tracker,603.0,640.0,Valid,Valid,Fixation
2022-11-16 15:57:29.309822,,Eye Tracker,601.0,638.0,Valid,Valid,Fixation
2022-11-16 15:57:29.326477,,Eye Tracker,600.0,638.0,Valid,Valid,Fixation
2022-11-16 15:57:29.343132,,Eye Tracker,606.0,638.0,Valid,Valid,Fixation
2022-11-16 15:57:29.359787,,Eye Tracker,608.0,641.0,Valid,Valid,Fixation
2022-11-16 15:57:29.376442,,Eye Tracker,601.0,637.0,Valid,Valid,Fixation
2022-11-16 15:57:29.393097,,Eye Tracker,601.0,638.0,Valid,Valid,Fixation
2022-11-16 15:57:29.409751,,Eye Tracker,600.0,635.0,Valid,Valid,Fixation
2022-11-16 15:57:29.426406,,Eye Tracker,600.0,635.0,Valid,Valid,Fixation
2022-11-16 15:57:29.443061,,Eye Tracker,597.0,630.0,Valid,Valid,Fixation
2022-11-16 15:57:29.459716,,Eye Tracker,597.0,629.0,Valid,Valid,Fixation
2022-11-16 15:57:29.476370,,Eye Tracker,601.0,630.0,Valid,Valid,Fixation
2022-11-16 15:57:29.493026,,Eye Tracker,601.0,630.0,Valid,Valid,Fixation
2022-11-16 15:57:29.509681,,Eye Tracker,601.0,625.0,Valid,Valid,Fixation
2022-11-16 15:57:29.526335,,Eye Tracker,601.0,625.0,Valid,Valid,Fixation
2022-11-16 15:57:29.542990,,Eye Tracker,596.0,627.0,Valid,Valid,Fixation
2022-11-16 15:57:29.559645,,Eye Tracker,598.0,627.0,Valid,Valid,Fixation
2022-11-16 15:57:29.576299,,Eye Tracker,602.0,627.0,Valid,Valid,Fixation
2022-11-16 15:57:29.592954,,Eye Tracker,602.0,626.0,Valid,Valid,Fixation
2022-11-16 15:57:29.609609,,Eye Tracker,606.0,632.0,Valid,Valid,Fixation
2022-11-16 15:57:29.626263,,Eye Tracker,609.0,632.0,Valid,Valid,Fixation
2022-11-16 15:57:29.642919,,Eye Tracker,606.0,624.0,Valid,Valid,Fixation
2022-11-16 15:57:29.659574,,Eye Tracker,602.0,626.0,Valid,Valid,Fixation
2022-11-16 15:57:29.676228,,Eye Tracker,599.0,629.0,Valid,Valid,Fixation
2022-11-16 15:57:29.692883,,Eye Tracker,599.0,628.0,Valid,Valid,Fixation
2022-11-16 15:57:29.709538,,Eye Tracker,599.0,630.0,Valid,Valid,Fixation
2022-11-16 15:57:29.726193,,Eye Tracker,597.0,633.0,Valid,Valid,Fixation
2022-11-16 15:57:29.742847,,Eye Tracker,595.0,634.0,Valid,Valid,Fixation
2022-11-16 15:57:29.759502,,Eye Tracker,592.0,639.0,Valid,Valid,Fixation
2022-11-16 15:57:29.776157,,Eye Tracker,590.0,638.0,Valid,Valid,Fixation
2022-11-16 15:57:29.792812,,Eye Tracker,594.0,638.0,Valid,Valid,Fixation
2022-11-16 15:57:29.809467,,Eye Tracker,594.0,638.0,Valid,Valid,Fixation
2022-11-16 15:57:29.826122,,Eye Tracker,596.0,638.0,Valid,Valid,Fixation
2022-11-16 15:57:29.842776,,Eye Tracker,602.0,644.0,Valid,Valid,Fixation
2022-11-16 15:57:29.859431,,Eye Tracker,604.0,647.0,Valid,Valid,Fixation
2022-11-16 15:57:29.876086,,Eye Tracker,604.0,647.0,Valid,Valid,Fixation
2022-11-16 15:57:29.892740,,Eye Tracker,602.0,648.0,Valid,Valid,Fixation
2022-11-16 15:57:29.909395,,Eye Tracker,600.0,647.0,Valid,Valid,Fixation
2022-11-16 15:57:29.926051,,Eye Tracker,598.0,643.0,Valid,Valid,Fixation
2022-11-16 15:57:29.942705,,Eye Tracker,596.0,645.0,Valid,Valid,Fixation
2022-11-16 15:57:29.959360,,Eye Tracker,597.0,648.0,Valid,Valid,Fixation
2022-11-16 15:57:29.976015,,Eye Tracker,607.0,642.0,Valid,Valid,Fixation
2022-11-16 15:57:29.992670,,Eye Tracker,614.0,632.0,Valid,Valid,Fixation
2022-11-16 15:57:30.009324,,Eye Tracker,614.0,631.0,Valid,Valid,Fixation
2022-11-16 15:57:30.025979,,Eye Tracker,614.0,633.0,Valid,Valid,Fixation
2022-11-16 15:57:30.042634,,Eye Tracker,620.0,628.0,Valid,Valid,Fixation
2022-11-16 15:57:30.059288,,Eye Tracker,620.0,627.0,Valid,Valid,Fixation
2022-11-16 15:57:30.075944,,Eye Tracker,614.0,625.0,Valid,Valid,Fixation
2022-11-16 15:57:30.092599,,Eye Tracker,615.0,624.0,Valid,Valid,Fixation
2022-11-16 15:57:30.109253,,Eye Tracker,615.0,625.0,Valid,Valid,Fixation
2022-11-16 15:57:30.125908,,Eye Tracker,615.0,624.0,Valid,Valid,Fixation
2022-11-16 15:57:30.142563,,Eye Tracker,620.0,626.0,Valid,Valid,Fixation
2022-11-16 15:57:30.159217,,Eye Tracker,621.0,626.0,Valid,Valid,Fixation
2022-11-16 15:57:30.175872,,Eye Tracker,621.0,623.0,Valid,Valid,Fixation
2022-11-16 15:57:30.192527,,Eye Tracker,620.0,620.0,Valid,Valid,Fixation
2022-11-16 15:57:30.209182,,Eye Tracker,624.0,623.0,Valid,Valid,Fixation
2022-11-16 15:57:30.225837,,Eye Tracker,625.0,622.0,Valid,Valid,Fixation
2022-11-16 15:57:30.242492,,Eye Tracker,621.0,622.0,Valid,Valid,Fixation
2022-11-16 15:57:30.259147,,Eye Tracker,619.0,620.0,Valid,Valid,Fixation
2022-11-16 15:57:30.275801,,Eye Tracker,600.0,614.0,Valid,Valid,Fixation
2022-11-16 15:57:30.292456,,Eye Tracker,586.0,608.0,Valid,Valid,Fixation
2022-11-16 15:57:30.309111,,Eye Tracker,589.0,608.0,Valid,Valid,Fixation
2022-11-16 15:57:30.325765,,Eye Tracker,587.0,608.0,Valid,Valid,Fixation
2022-11-16 15:57:30.342420,,Eye Tracker,590.0,608.0,Valid,Valid,Fixation
2022-11-16 15:57:30.359076,,Eye Tracker,595.0,609.0,Valid,Valid,Fixation
2022-11-16 15:57:30.375730,,Eye Tracker,596.0,609.0,Valid,Valid,Fixation
2022-11-16 15:57:30.392385,,Eye Tracker,594.0,608.0,Valid,Valid,Fixation
2022-11-16 15:57:30.409040,,Eye Tracker,589.0,604.0,Valid,Valid,Fixation
2022-11-16 15:57:30.425694,,Eye Tracker,587.0,603.0,Valid,Valid,Fixation
2022-11-16 15:57:30.442349,,Eye Tracker,589.0,601.0,Valid,Valid,Fixation
2022-11-16 15:57:30.459004,,Eye Tracker,591.0,601.0,Valid,Valid,Fixation
2022-11-16 15:57:30.475658,,Eye Tracker,591.0,603.0,Valid,Valid,Fixation
2022-11-16 15:57:30.492313,,Eye Tracker,594.0,606.0,Valid,Valid,Fixation
2022-11-16 15:57:30.508969,,Eye Tracker,596.0,604.0,Valid,Valid,Fixation
2022-11-16 15:57:30.525624,,Eye Tracker,594.0,602.0,Valid,Valid,Fixation
2022-11-16 15:57:30.542278,,Eye Tracker,589.0,607.0,Valid,Valid,Fixation
2022-11-16 15:57:30.558933,,Eye Tracker,588.0,606.0,Valid,Valid,Fixation
2022-11-16 15:57:30.575588,,Eye Tracker,592.0,605.0,Valid,Valid,Fixation
2022-11-16 15:57:30.592242,,Eye Tracker,590.0,609.0,Valid,Valid,Fixation
2022-11-16 15:57:30.608897,,Eye Tracker,591.0,605.0,Valid,Valid,Fixation
2022-11-16 15:57:30.625552,,Eye Tracker,591.0,603.0,Valid,Valid,Fixation
2022-11-16 15:57:30.642207,,Eye Tracker,589.0,610.0,Valid,Valid,Fixation
2022-11-16 15:57:30.658862,,Eye Tracker,591.0,609.0,Valid,Valid,Fixation
2022-11-16 15:57:30.675517,,Eye Tracker,590.0,603.0,Valid,Valid,Fixation
2022-11-16 15:57:30.692171,,Eye Tracker,588.0,604.0,Valid,Valid,Fixation
2022-11-16 15:57:30.708826,,Eye Tracker,588.0,604.0,Valid,Valid,Fixation
2022-11-16 15:57:30.725481,,Eye Tracker,588.0,599.0,Valid,Valid,Fixation
2022-11-16 15:57:30.742136,,Eye Tracker,586.0,599.0,Valid,Valid,Fixation
2022-11-16 15:57:30.758790,,Eye Tracker,588.0,602.0,Valid,Valid,Fixation
2022-11-16 15:57:30.775445,,Eye Tracker,586.0,607.0,Valid,Valid,Fixation
2022-11-16 15:57:30.792101,,Eye Tracker,585.0,606.0,Valid,Valid,Fixation
2022-11-16 15:57:30.808755,,Eye Tracker,589.0,605.0,Valid,Valid,Fixation
2022-11-16 15:57:30.825410,,Eye Tracker,585.0,608.0,Valid,Valid,Fixation
2022-11-16 15:57:30.842065,,Eye Tracker,586.0,602.0,Valid,Valid,Fixation
2022-11-16 15:57:30.858719,,Eye Tracker,587.0,595.0,Valid,Valid,Fixation
2022-11-16 15:57:30.875374,,Eye Tracker,580.0,601.0,Valid,Valid,Fixation
2022-11-16 15:57:30.892029,,Eye Tracker,583.0,603.0,Valid,Valid,Fixation
2022-11-16 15:57:30.908683,,Eye Tracker,589.0,602.0,Valid,Valid,Fixation
2022-11-16 15:57:30.925338,,Eye Tracker,589.0,603.0,Valid,Valid,Fixation
2022-11-16 15:57:30.941994,,Eye Tracker,594.0,600.0,Valid,Valid,Fixation
2022-11-16 15:57:30.958648,,Eye Tracker,593.0,595.0,Valid,Valid,Fixation
2022-11-16 15:57:30.975303,,Eye Tracker,587.0,598.0,Valid,Valid,Fixation
2022-11-16 15:57:30.991958,,Eye Tracker,588.0,598.0,Valid,Valid,Fixation
2022-11-16 15:57:31.008612,,Eye Tracker,589.0,595.0,Valid,Valid,Fixation
2022-11-16 15:57:31.025267,,Eye Tracker,589.0,599.0,Valid,Valid,Fixation
2022-11-16 15:57:31.041922,,Eye Tracker,591.0,598.0,Valid,Valid,Fixation
2022-11-16 15:57:31.058577,,Eye Tracker,593.0,598.0,Valid,Valid,Fixation
2022-11-16 15:57:31.075232,,Eye Tracker,593.0,602.0,Valid,Valid,Fixation
2022-11-16 15:57:31.091887,,Eye Tracker,592.0,605.0,Valid,Valid,Fixation
2022-11-16 15:57:31.108542,,Eye Tracker,595.0,603.0,Valid,Valid,Fixation
2022-11-16 15:57:31.125196,,Eye Tracker,596.0,599.0,Valid,Valid,Fixation
2022-11-16 15:57:31.141851,,Eye Tracker,591.0,599.0,Valid,Valid,Fixation
2022-11-16 15:57:31.158506,,Eye Tracker,586.0,603.0,Valid,Valid,Fixation
2022-11-16 15:57:31.175160,,Eye Tracker,586.0,601.0,Valid,Valid,Fixation
2022-11-16 15:57:31.191815,,Eye Tracker,589.0,600.0,Valid,Valid,Fixation
2022-11-16 15:57:31.208470,,Eye Tracker,589.0,599.0,Valid,Valid,Fixation
2022-11-16 15:57:31.225125,,Eye Tracker,588.0,599.0,Valid,Valid,Fixation
2022-11-16 15:57:31.241780,,Eye Tracker,592.0,598.0,Valid,Valid,Fixation
2022-11-16 15:57:31.258435,,Eye Tracker,589.0,597.0,Valid,Valid,Fixation
2022-11-16 15:57:31.275089,,Eye Tracker,585.0,603.0,Valid,Valid,Fixation
2022-11-16 15:57:31.291744,,Eye Tracker,587.0,603.0,Valid,Valid,Fixation
2022-11-16 15:57:31.308399,,Eye Tracker,593.0,596.0,Valid,Valid,Fixation
2022-11-16 15:57:31.325054,,Eye Tracker,592.0,590.0,Valid,Valid,Fixation
2022-11-16 15:57:31.341708,,Eye Tracker,586.0,594.0,Valid,Valid,Fixation
2022-11-16 15:57:31.358363,,Eye Tracker,586.0,595.0,Valid,Valid,Fixation
2022-11-16 15:57:31.375019,,Eye Tracker,589.0,594.0,Valid,Valid,Fixation
2022-11-16 15:57:31.391673,,Eye Tracker,585.0,593.0,Valid,Valid,Fixation
2022-11-16 15:57:31.408328,,Eye Tracker,575.0,588.0,Valid,Valid,Fixation
2022-11-16 15:57:31.424983,,Eye Tracker,578.0,584.0,Valid,Valid,Fixation
2022-11-16 15:57:31.441637,,Eye Tracker,584.0,580.0,Valid,Valid,Fixation
2022-11-16 15:57:31.458292,,Eye Tracker,583.0,582.0,Valid,Valid,Fixation
2022-11-16 15:57:31.474947,,Eye Tracker,581.0,587.0,Valid,Valid,Fixation
2022-11-16 15:57:31.491601,,Eye Tracker,580.0,589.0,Valid,Valid,Fixation
2022-11-16 15:57:31.508257,,Eye Tracker,586.0,585.0,Valid,Valid,Fixation
2022-11-16 15:57:31.524912,,Eye Tracker,588.0,582.0,Valid,Valid,Fixation
2022-11-16 15:57:31.541566,,Eye Tracker,590.0,585.0,Valid,Valid,Fixation
2022-11-16 15:57:31.558221,,Eye Tracker,589.0,586.0,Valid,Valid,Fixation
2022-11-16 15:57:31.574876,,Eye Tracker,581.0,585.0,Valid,Valid,Fixation
2022-11-16 15:57:31.591531,,Eye Tracker,582.0,585.0,Valid,Valid,Fixation
2022-11-16 15:57:31.608185,,Eye Tracker,580.0,582.0,Valid,Valid,Fixation
2022-11-16 15:57:31.624840,,Eye Tracker,577.0,581.0,Valid,Valid,Fixation
2022-11-16 15:57:31.641495,,Eye Tracker,581.0,581.0,Valid,Valid,Fixation
2022-11-16 15:57:31.658150,,Eye Tracker,581.0,585.0,Valid,Valid,Fixation
2022-11-16 15:57:31.674805,,Eye Tracker,577.0,584.0,Valid,Valid,Fixation
2022-11-16 15:57:31.691460,,Eye Tracker,579.0,581.0,Valid,Valid,Fixation
2022-11-16 15:57:31.708114,,Eye Tracker,589.0,581.0,Valid,Valid,Fixation
2022-11-16 15:57:31.724769,,Eye Tracker,596.0,571.0,Valid,Valid,Fixation
2022-11-16 15:57:31.741424,,Eye Tracker,599.0,560.0,Valid,Valid,Fixation
2022-11-16 15:57:31.758078,,Eye Tracker,596.0,560.0,Valid,Valid,Fixation
2022-11-16 15:57:31.774733,,Eye Tracker,596.0,562.0,Valid,Valid,Fixation
2022-11-16 15:57:31.791388,,Eye Tracker,598.0,556.0,Valid,Valid,Fixation
2022-11-16 15:57:31.808044,,Eye Tracker,600.0,559.0,Valid,Valid,Fixation
2022-11-16 15:57:31.824698,,Eye Tracker,600.0,559.0,Valid,Valid,Fixation
2022-11-16 15:57:31.841353,,Eye Tracker,598.0,558.0,Valid,Valid,Fixation
2022-11-16 15:57:31.858008,,Eye Tracker,599.0,560.0,Valid,Valid,Fixation
2022-11-16 15:57:31.874662,,Eye Tracker,596.0,552.0,Valid,Valid,Fixation
2022-11-16 15:57:31.891317,,Eye Tracker,596.0,554.0,Valid,Valid,Fixation
2022-11-16 15:57:31.907972,,Eye Tracker,594.0,561.0,Valid,Valid,Fixation
2022-11-16 15:57:31.924626,,Eye Tracker,593.0,560.0,Valid,Valid,Fixation
2022-11-16 15:57:31.941282,,Eye Tracker,595.0,558.0,Valid,Valid,Fixation
2022-11-16 15:57:31.957937,,Eye Tracker,595.0,560.0,Valid,Valid,Fixation
2022-11-16 15:57:31.974591,,Eye Tracker,598.0,562.0,Valid,Valid,Fixation
2022-11-16 15:57:31.991246,,Eye Tracker,598.0,561.0,Valid,Valid,Fixation
2022-11-16 15:57:32.007901,,Eye Tracker,597.0,562.0,Valid,Valid,Fixation
2022-11-16 15:57:32.024555,,Eye Tracker,594.0,559.0,Valid,Valid,Fixation
2022-11-16 15:57:32.041210,,Eye Tracker,592.0,556.0,Valid,Valid,Fixation
2022-11-16 15:57:32.057865,,Eye Tracker,596.0,558.0,Valid,Valid,Fixation
2022-11-16 15:57:32.074519,,Eye Tracker,597.0,554.0,Valid,Valid,Fixation
2022-11-16 15:57:32.091175,,Eye Tracker,594.0,552.0,Valid,Valid,Fixation
2022-11-16 15:57:32.107830,,Eye Tracker,588.0,553.0,Valid,Valid,Fixation
2022-11-16 15:57:32.124485,,Eye Tracker,587.0,548.0,Valid,Valid,Fixation
2022-11-16 15:57:32.141139,,Eye Tracker,587.0,547.0,Valid,Valid,Fixation
2022-11-16 15:57:32.157794,,Eye Tracker,586.0,550.0,Valid,Valid,Fixation
2022-11-16 15:57:32.174449,,Eye Tracker,588.0,552.0,Valid,Valid,Fixation
2022-11-16 15:57:32.191103,,Eye Tracker,589.0,552.0,Valid,Valid,Fixation
2022-11-16 15:57:32.207758,,Eye Tracker,588.0,549.0,Valid,Valid,Fixation
2022-11-16 15:57:32.224413,,Eye Tracker,589.0,547.0,Valid,Valid,Fixation
2022-11-16 15:57:32.241068,,Eye Tracker,592.0,551.0,Valid,Valid,Fixation
2022-11-16 15:57:32.257723,,Eye Tracker,590.0,551.0,Valid,Valid,Fixation
2022-11-16 15:57:32.274378,,Eye Tracker,590.0,550.0,Valid,Valid,Fixation
2022-11-16 15:57:32.291032,,Eye Tracker,590.0,548.0,Valid,Valid,Fixation
2022-11-16 15:57:32.307687,,Eye Tracker,584.0,547.0,Valid,Valid,Fixation
2022-11-16 15:57:32.324342,,Eye Tracker,582.0,547.0,Valid,Valid,Fixation
2022-11-16 15:57:32.340996,,Eye Tracker,580.0,545.0,Valid,Valid,Fixation
2022-11-16 15:57:32.357651,,Eye Tracker,582.0,547.0,Valid,Valid,Fixation
2022-11-16 15:57:32.374307,,Eye Tracker,589.0,554.0,Valid,Valid,Fixation
2022-11-16 15:57:32.390962,,Eye Tracker,588.0,553.0,Valid,Valid,Fixation
2022-11-16 15:57:32.407616,,Eye Tracker,584.0,552.0,Valid,Valid,Fixation
2022-11-16 15:57:32.424271,,Eye Tracker,584.0,550.0,Valid,Valid,Fixation
2022-11-16 15:57:32.440926,,Eye Tracker,585.0,543.0,Valid,Valid,Fixation
2022-11-16 15:57:32.457580,,Eye Tracker,585.0,544.0,Valid,Valid,Fixation
2022-11-16 15:57:32.474235,,Eye Tracker,584.0,548.0,Valid,Valid,Fixation
2022-11-16 15:57:32.490890,,Eye Tracker,586.0,545.0,Valid,Valid,Fixation
2022-11-16 15:57:32.507544,,Eye Tracker,585.0,546.0,Valid,Valid,Fixation
2022-11-16 15:57:32.524200,,Eye Tracker,582.0,544.0,Valid,Valid,Fixation
2022-11-16 15:57:32.540855,,Eye Tracker,564.0,544.0,Valid,Valid,Fixation
2022-11-16 15:57:32.557509,,Eye Tracker,549.0,544.0,Valid,Valid,Fixation
2022-11-16 15:57:32.574164,,Eye Tracker,552.0,543.0,Valid,Valid,Fixation
2022-11-16 15:57:32.590819,,Eye Tracker,548.0,547.0,Valid,Valid,Fixation
2022-11-16 15:57:32.607473,,Eye Tracker,545.0,548.0,Valid,Valid,Fixation
2022-11-16 15:57:32.624128,,Eye Tracker,543.0,543.0,Valid,Valid,Fixation
2022-11-16 15:57:32.640783,,Eye Tracker,543.0,540.0,Valid,Valid,Fixation
2022-11-16 15:57:32.657439,,Eye Tracker,547.0,543.0,Valid,Valid,Fixation
2022-11-16 15:57:32.674093,,Eye Tracker,546.0,549.0,Valid,Valid,Fixation
2022-11-16 15:57:32.690748,,Eye Tracker,545.0,546.0,Valid,Valid,Fixation
2022-11-16 15:57:32.707403,,Eye Tracker,546.0,542.0,Valid,Valid,Fixation
2022-11-16 15:57:32.724057,,Eye Tracker,546.0,543.0,Valid,Valid,Fixation
2022-11-16 15:57:32.740712,,Eye Tracker,545.0,545.0,Valid,Valid,Fixation
2022-11-16 15:57:32.757367,,Eye Tracker,542.0,540.0,Valid,Valid,Fixation
2022-11-16 15:57:32.774021,,Eye Tracker,539.0,531.0,Valid,Valid,Fixation
2022-11-16 15:57:32.790676,,Eye Tracker,538.0,532.0,Valid,Valid,Fixation
2022-11-16 15:57:32.807332,,Eye Tracker,536.0,540.0,Valid,Valid,Fixation
2022-11-16 15:57:32.823986,,Eye Tracker,534.0,541.0,Valid,Valid,Fixation
2022-11-16 15:57:32.840641,,Eye Tracker,533.0,540.0,Valid,Valid,Fixation
2022-11-16 15:57:32.857296,,Eye Tracker,535.0,542.0,Valid,Valid,Fixation
2022-11-16 15:57:32.873950,,Eye Tracker,525.0,543.0,Valid,Valid,Fixation
2022-11-16 15:57:32.890605,,Eye Tracker,499.0,546.0,Valid,Valid,Saccade
2022-11-16 15:57:32.907260,,Eye Tracker,491.0,544.0,Valid,Valid,Fixation
2022-11-16 15:57:32.923915,,Eye Tracker,492.0,544.0,Valid,Valid,Fixation
2022-11-16 15:57:32.940569,,Eye Tracker,489.0,547.0,Valid,Valid,Fixation
2022-11-16 15:57:32.957225,,Eye Tracker,488.0,546.0,Valid,Valid,Fixation
2022-11-16 15:57:32.973880,,Eye Tracker,490.0,545.0,Valid,Valid,Fixation
2022-11-16 15:57:32.990534,,Eye Tracker,489.0,545.0,Valid,Valid,Fixation
2022-11-16 15:57:33.007189,,Eye Tracker,490.0,538.0,Valid,Valid,Fixation
2022-11-16 15:57:33.023844,,Eye Tracker,492.0,537.0,Valid,Valid,Fixation
2022-11-16 15:57:33.040498,,Eye Tracker,485.0,539.0,Valid,Valid,Fixation
2022-11-16 15:57:33.057153,,Eye Tracker,483.0,540.0,Valid,Valid,Fixation
2022-11-16 15:57:33.073808,,Eye Tracker,489.0,547.0,Valid,Valid,Fixation
2022-11-16 15:57:33.090463,,Eye Tracker,486.0,545.0,Valid,Valid,Fixation
2022-11-16 15:57:33.107118,,Eye Tracker,476.0,539.0,Valid,Valid,Fixation
2022-11-16 15:57:33.123773,,Eye Tracker,475.0,540.0,Valid,Valid,Fixation
2022-11-16 15:57:33.140427,,Eye Tracker,481.0,540.0,Valid,Valid,Fixation
2022-11-16 15:57:33.157082,,Eye Tracker,482.0,542.0,Valid,Valid,Fixation
2022-11-16 15:57:33.173737,,Eye Tracker,479.0,544.0,Valid,Valid,Fixation
2022-11-16 15:57:33.190392,,Eye Tracker,480.0,542.0,Valid,Valid,Fixation
2022-11-16 15:57:33.207046,,Eye Tracker,479.0,533.0,Valid,Valid,Fixation
2022-11-16 15:57:33.223701,,Eye Tracker,478.0,534.0,Valid,Valid,Fixation
2022-11-16 15:57:33.240357,,Eye Tracker,478.0,537.0,Valid,Valid,Fixation
2022-11-16 15:57:33.257011,,Eye Tracker,478.0,534.0,Valid,Valid,Fixation
2022-11-16 15:57:33.273666,,Eye Tracker,470.0,533.0,Valid,Valid,Fixation
2022-11-16 15:57:33.290321,,Eye Tracker,464.0,538.0,Valid,Valid,Fixation
2022-11-16 15:57:33.306975,,Eye Tracker,459.0,540.0,Valid,Valid,Fixation
2022-11-16 15:57:33.323630,,Eye Tracker,429.0,541.0,Valid,Valid,Saccade
2022-11-16 15:57:33.340285,,Eye Tracker,417.0,540.0,Valid,Valid,Fixation
2022-11-16 15:57:33.356939,,Eye Tracker,421.0,540.0,Valid,Valid,Fixation
2022-11-16 15:57:33.373594,,Eye Tracker,422.0,544.0,Valid,Valid,Fixation
2022-11-16 15:57:33.390250,,Eye Tracker,420.0,546.0,Valid,Valid,Fixation
2022-11-16 15:57:33.406904,,Eye Tracker,418.0,544.0,Valid,Valid,Fixation
2022-11-16 15:57:33.423559,,Eye Tracker,416.0,537.0,Valid,Valid,Fixation
2022-11-16 15:57:33.440214,,Eye Tracker,417.0,536.0,Valid,Valid,Fixation
2022-11-16 15:57:33.456869,,Eye Tracker,420.0,536.0,Valid,Valid,Fixation
2022-11-16 15:57:33.473523,,Eye Tracker,421.0,539.0,Valid,Valid,Fixation
2022-11-16 15:57:33.490178,,Eye Tracker,421.0,544.0,Valid,Valid,Fixation
2022-11-16 15:57:33.506833,,Eye Tracker,417.0,546.0,Valid,Valid,Fixation
2022-11-16 15:57:33.523488,,Eye Tracker,414.0,547.0,Valid,Valid,Fixation
2022-11-16 15:57:33.540143,,Eye Tracker,418.0,542.0,Valid,Valid,Fixation
2022-11-16 15:57:33.556798,,Eye Tracker,416.0,534.0,Valid,Valid,Fixation
2022-11-16 15:57:33.573452,,Eye Tracker,412.0,534.0,Valid,Valid,Fixation
2022-11-16 15:57:33.590107,,Eye Tracker,414.0,542.0,Valid,Valid,Fixation
2022-11-16 15:57:33.606762,,Eye Tracker,414.0,545.0,Valid,Valid,Fixation
2022-11-16 15:57:33.623416,,Eye Tracker,412.0,542.0,Valid,Valid,Fixation
2022-11-16 15:57:33.640071,,Eye Tracker,414.0,539.0,Valid,Valid,Fixation
2022-11-16 15:57:33.656726,,Eye Tracker,416.0,537.0,Valid,Valid,Fixation
2022-11-16 15:57:33.673381,,Eye Tracker,414.0,536.0,Valid,Valid,Fixation
2022-11-16 15:57:33.690036,,Eye Tracker,408.0,534.0,Valid,Valid,Fixation
2022-11-16 15:57:33.706691,,Eye Tracker,408.0,537.0,Valid,Valid,Fixation
2022-11-16 15:57:33.723346,,Eye Tracker,410.0,536.0,Valid,Valid,Fixation
2022-11-16 15:57:33.740000,,Eye Tracker,409.0,536.0,Valid,Valid,Fixation
2022-11-16 15:57:33.756655,,Eye Tracker,410.0,540.0,Valid,Valid,Fixation
2022-11-16 15:57:33.773310,,Eye Tracker,409.0,543.0,Valid,Valid,Fixation
2022-11-16 15:57:33.789964,,Eye Tracker,405.0,538.0,Valid,Valid,Fixation
2022-11-16 15:57:33.806619,,Eye Tracker,379.0,539.0,Valid,Valid,Saccade
2022-11-16 15:57:33.823275,,Eye Tracker,353.0,543.0,Valid,Valid,Saccade
2022-11-16 15:57:33.839929,,Eye Tracker,351.0,536.0,Valid,Valid,Fixation
2022-11-16 15:57:33.856584,,Eye Tracker,350.0,537.0,Valid,Valid,Fixation
2022-11-16 15:57:33.873239,,Eye Tracker,353.0,535.0,Valid,Valid,Fixation
2022-11-16 15:57:33.889893,,Eye Tracker,352.0,536.0,Valid,Valid,Fixation
2022-11-16 15:57:33.906548,,Eye Tracker,347.0,540.0,Valid,Valid,Fixation
2022-11-16 15:57:33.923203,,Eye Tracker,343.0,534.0,Valid,Valid,Fixation
2022-11-16 15:57:33.939857,,Eye Tracker,339.0,530.0,Valid,Valid,Fixation
2022-11-16 15:57:33.956513,,Eye Tracker,339.0,531.0,Valid,Valid,Fixation
2022-11-16 15:57:33.973168,,Eye Tracker,340.0,537.0,Valid,Valid,Fixation
2022-11-16 15:57:33.989823,,Eye Tracker,339.0,538.0,Valid,Valid,Fixation
2022-11-16 15:57:34.006477,,Eye Tracker,342.0,531.0,Valid,Valid,Fixation
2022-11-16 15:57:34.023132,,Eye Tracker,344.0,533.0,Valid,Valid,Fixation
2022-11-16 15:57:34.039787,,Eye Tracker,346.0,539.0,Valid,Valid,Fixation
2022-11-16 15:57:34.056441,,Eye Tracker,347.0,539.0,Valid,Valid,Fixation
2022-11-16 15:57:34.073096,,Eye Tracker,346.0,540.0,Valid,Valid,Fixation
2022-11-16 15:57:34.089751,,Eye Tracker,346.0,540.0,Valid,Valid,Fixation
2022-11-16 15:57:34.106406,,Eye Tracker,349.0,538.0,Valid,Valid,Fixation
2022-11-16 15:57:34.123061,,Eye Tracker,349.0,537.0,Valid,Valid,Fixation
2022-11-16 15:57:34.139716,,Eye Tracker,345.0,533.0,Valid,Valid,Fixation
2022-11-16 15:57:34.156370,,Eye Tracker,341.0,532.0,Valid,Valid,Fixation
2022-11-16 15:57:34.173025,,Eye Tracker,337.0,529.0,Valid,Valid,Fixation
2022-11-16 15:57:34.189680,,Eye Tracker,336.0,530.0,Valid,Valid,Fixation
2022-11-16 15:57:34.206335,,Eye Tracker,339.0,532.0,Valid,Valid,Fixation
2022-11-16 15:57:34.222989,,Eye Tracker,339.0,532.0,Valid,Valid,Fixation
2022-11-16 15:57:34.239644,,Eye Tracker,337.0,532.0,Valid,Valid,Fixation
2022-11-16 15:57:34.256300,,Eye Tracker,338.0,534.0,Valid,Valid,Fixation
2022-11-16 15:57:34.272954,,Eye Tracker,335.0,533.0,Valid,Valid,Fixation
2022-11-16 15:57:34.289609,,Eye Tracker,333.0,533.0,Valid,Valid,Fixation
2022-11-16 15:57:34.306264,,Eye Tracker,335.0,539.0,Valid,Valid,Fixation
2022-11-16 15:57:34.322918,,Eye Tracker,335.0,534.0,Valid,Valid,Fixation
2022-11-16 15:57:34.339573,,Eye Tracker,328.0,532.0,Valid,Valid,Fixation
2022-11-16 15:57:34.356228,,Eye Tracker,329.0,534.0,Valid,Valid,Fixation
2022-11-16 15:57:34.372882,,Eye Tracker,335.0,536.0,Valid,Valid,Fixation
2022-11-16 15:57:34.389538,,Eye Tracker,331.0,536.0,Valid,Valid,Fixation
2022-11-16 15:57:34.406193,,Eye Tracker,328.0,534.0,Valid,Valid,Fixation
2022-11-16 15:57:34.422847,,Eye Tracker,331.0,536.0,Valid,Valid,Fixation
2022-11-16 15:57:34.439502,,Eye Tracker,330.0,539.0,Valid,Valid,Fixation
2022-11-16 15:57:34.456157,,Eye Tracker,296.0,538.0,Valid,Valid,Saccade
2022-11-16 15:57:34.472811,,Eye Tracker,271.0,537.0,Valid,Valid,Fixation
2022-11-16 15:57:34.489466,,Eye Tracker,276.0,539.0,Valid,Valid,Fixation
2022-11-16 15:57:34.506121,,Eye Tracker,278.0,541.0,Valid,Valid,Fixation
2022-11-16 15:57:34.522776,,Eye Tracker,278.0,540.0,Valid,Valid,Fixation
2022-11-16 15:57:34.539431,,Eye Tracker,282.0,546.0,Valid,Valid,Fixation
2022-11-16 15:57:34.556086,,Eye Tracker,282.0,545.0,Valid,Valid,Fixation
2022-11-16 15:57:34.572741,,Eye Tracker,284.0,535.0,Valid,Valid,Fixation
2022-11-16 15:57:34.589395,,Eye Tracker,283.0,537.0,Valid,Valid,Fixation
2022-11-16 15:57:34.606050,,Eye Tracker,279.0,542.0,Valid,Valid,Fixation
2022-11-16 15:57:34.622705,,Eye Tracker,276.0,539.0,Valid,Valid,Fixation
2022-11-16 15:57:34.639359,,Eye Tracker,276.0,535.0,Valid,Valid,Fixation
2022-11-16 15:57:34.656014,,Eye Tracker,277.0,533.0,Valid,Valid,Fixation
2022-11-16 15:57:34.672670,,Eye Tracker,274.0,534.0,Valid,Valid,Fixation
2022-11-16 15:57:34.689324,,Eye Tracker,275.0,538.0,Valid,Valid,Fixation
2022-11-16 15:57:34.705979,,Eye Tracker,278.0,541.0,Valid,Valid,Fixation
2022-11-16 15:57:34.722634,,Eye Tracker,275.0,543.0,Valid,Valid,Fixation
2022-11-16 15:57:34.739288,,Eye Tracker,270.0,542.0,Valid,Valid,Fixation
2022-11-16 15:57:34.755943,,Eye Tracker,272.0,543.0,Valid,Valid,Fixation
2022-11-16 15:57:34.772598,,Eye Tracker,276.0,545.0,Valid,Valid,Fixation
2022-11-16 15:57:34.789253,,Eye Tracker,274.0,544.0,Valid,Valid,Fixation
2022-11-16 15:57:34.805907,,Eye Tracker,275.0,540.0,Valid,Valid,Fixation
2022-11-16 15:57:34.822563,,Eye Tracker,272.0,541.0,Valid,Valid,Fixation
2022-11-16 15:57:34.839218,,Eye Tracker,269.0,545.0,Valid,Valid,Fixation
2022-11-16 15:57:34.855872,,Eye Tracker,271.0,544.0,Valid,Valid,Fixation
2022-11-16 15:57:34.872527,,Eye Tracker,272.0,545.0,Valid,Valid,Fixation
2022-11-16 15:57:34.889182,,Eye Tracker,272.0,544.0,Valid,Valid,Fixation
2022-11-16 15:57:34.905836,,Eye Tracker,271.0,542.0,Valid,Valid,Fixation
2022-11-16 15:57:34.922491,,Eye Tracker,267.0,540.0,Valid,Valid,Fixation
2022-11-16 15:57:34.939146,,Eye Tracker,250.0,531.0,Valid,Valid,Fixation
2022-11-16 15:57:34.955800,,Eye Tracker,221.0,534.0,Valid,Valid,Saccade
2022-11-16 15:57:34.972456,,Eye Tracker,215.0,543.0,Valid,Valid,Fixation
2022-11-16 15:57:34.989111,,Eye Tracker,214.0,542.0,Valid,Valid,Fixation
2022-11-16 15:57:35.005765,,Eye Tracker,212.0,541.0,Valid,Valid,Fixation
2022-11-16 15:57:35.022420,,Eye Tracker,212.0,538.0,Valid,Valid,Fixation
2022-11-16 15:57:35.039075,,Eye Tracker,207.0,530.0,Valid,Valid,Fixation
2022-11-16 15:57:35.055730,,Eye Tracker,209.0,530.0,Valid,Valid,Fixation
2022-11-16 15:57:35.072384,,Eye Tracker,212.0,533.0,Valid,Valid,Fixation
2022-11-16 15:57:35.089039,,Eye Tracker,209.0,531.0,Valid,Valid,Fixation
2022-11-16 15:57:35.105695,,Eye Tracker,215.0,536.0,Valid,Valid,Fixation
2022-11-16 15:57:35.122349,,Eye Tracker,216.0,535.0,Valid,Valid,Fixation
2022-11-16 15:57:35.139004,,Eye Tracker,215.0,531.0,Valid,Valid,Fixation
2022-11-16 15:57:35.155659,,Eye Tracker,214.0,535.0,Valid,Valid,Fixation
2022-11-16 15:57:35.172313,,Eye Tracker,210.0,534.0,Valid,Valid,Fixation
2022-11-16 15:57:35.188968,,Eye Tracker,210.0,535.0,Valid,Valid,Fixation
2022-11-16 15:57:35.205623,,Eye Tracker,214.0,541.0,Valid,Valid,Fixation
2022-11-16 15:57:35.222277,,Eye Tracker,214.0,540.0,Valid,Valid,Fixation
2022-11-16 15:57:35.238932,,Eye Tracker,216.0,532.0,Valid,Valid,Fixation
2022-11-16 15:57:35.255588,,Eye Tracker,216.0,533.0,Valid,Valid,Fixation
2022-11-16 15:57:35.272243,,Eye Tracker,212.0,537.0,Valid,Valid,Fixation
2022-11-16 15:57:35.288897,,Eye Tracker,210.0,533.0,Valid,Valid,Fixation
2022-11-16 15:57:35.305552,,Eye Tracker,214.0,534.0,Valid,Valid,Fixation
2022-11-16 15:57:35.322207,,Eye Tracker,214.0,537.0,Valid,Valid,Fixation
2022-11-16 15:57:35.338861,,Eye Tracker,211.0,531.0,Valid,Valid,Fixation
2022-11-16 15:57:35.355516,,Eye Tracker,211.0,530.0,Valid,Valid,Fixation
2022-11-16 15:57:35.372171,,Eye Tracker,208.0,533.0,Valid,Valid,Fixation
2022-11-16 15:57:35.388825,,Eye Tracker,208.0,530.0,Valid,Valid,Fixation
2022-11-16 15:57:35.405481,,Eye Tracker,203.0,527.0,Valid,Valid,Fixation
2022-11-16 15:57:35.422136,,Eye Tracker,207.0,527.0,Valid,Valid,Fixation
2022-11-16 15:57:35.438790,,Eye Tracker,208.0,531.0,Valid,Valid,Fixation
2022-11-16 15:57:35.455445,,Eye Tracker,205.0,529.0,Valid,Valid,Fixation
2022-11-16 15:57:35.472100,,Eye Tracker,207.0,525.0,Valid,Valid,Fixation
2022-11-16 15:57:35.488754,,Eye Tracker,204.0,523.0,Valid,Valid,Fixation
2022-11-16 15:57:35.505409,,Eye Tracker,203.0,522.0,Valid,Valid,Fixation
2022-11-16 15:57:35.522064,,Eye Tracker,201.0,527.0,Valid,Valid,Fixation
2022-11-16 15:57:35.538719,,Eye Tracker,200.0,529.0,Valid,Valid,Fixation
2022-11-16 15:57:35.555374,,Eye Tracker,204.0,527.0,Valid,Valid,Fixation
2022-11-16 15:57:35.572029,,Eye Tracker,203.0,528.0,Valid,Valid,Fixation
2022-11-16 15:57:35.588684,,Eye Tracker,202.0,530.0,Valid,Valid,Fixation
2022-11-16 15:57:35.605338,,Eye Tracker,202.0,529.0,Valid,Valid,Fixation
2022-11-16 15:57:35.621993,,Eye Tracker,200.0,529.0,Valid,Valid,Fixation
2022-11-16 15:57:35.638648,,Eye Tracker,199.0,530.0,Valid,Valid,Fixation
2022-11-16 15:57:35.655302,,Eye Tracker,202.0,528.0,Valid,Valid,Fixation
2022-11-16 15:57:35.671957,,Eye Tracker,199.0,517.0,Valid,Valid,Fixation
2022-11-16 15:57:35.688612,,Eye Tracker,200.0,517.0,Valid,Valid,Fixation
2022-11-16 15:57:35.705266,,Eye Tracker,206.0,525.0,Valid,Valid,Fixation
2022-11-16 15:57:35.721921,,Eye Tracker,207.0,527.0,Valid,Valid,Fixation
2022-11-16 15:57:35.738576,,Eye Tracker,206.0,532.0,Valid,Valid,Fixation
2022-11-16 15:57:35.755230,,Eye Tracker,207.0,532.0,Valid,Valid,Fixation
2022-11-16 15:57:35.771885,,Eye Tracker,212.0,527.0,Valid,Valid,Fixation
2022-11-16 15:57:35.788540,,Eye Tracker,208.0,527.0,Valid,Valid,Fixation
2022-11-16 15:57:35.805195,,Eye Tracker,207.0,535.0,Valid,Valid,Fixation
2022-11-16 15:57:35.821849,,Eye Tracker,209.0,533.0,Valid,Valid,Fixation
2022-11-16 15:57:35.838505,,Eye Tracker,209.0,525.0,Valid,Valid,Fixation
2022-11-16 15:57:35.855160,,Eye Tracker,205.0,525.0,Valid,Valid,Fixation
2022-11-16 15:57:35.871814,,Eye Tracker,208.0,532.0,Valid,Valid,Fixation
2022-11-16 15:57:35.888469,,Eye Tracker,209.0,533.0,Valid,Valid,Fixation
2022-11-16 15:57:35.905124,,Eye Tracker,193.0,533.0,Valid,Valid,Fixation
2022-11-16 15:57:35.921778,,Eye Tracker,176.0,537.0,Valid,Valid,Fixation
2022-11-16 15:57:35.938433,,Eye Tracker,173.0,540.0,Valid,Valid,Fixation
2022-11-16 15:57:35.955088,,Eye Tracker,176.0,539.0,Valid,Valid,Fixation
2022-11-16 15:57:35.971742,,Eye Tracker,181.0,532.0,Valid,Valid,Fixation
2022-11-16 15:57:35.988397,,Eye Tracker,181.0,532.0,Valid,Valid,Fixation
2022-11-16 15:57:36.005052,,Eye Tracker,177.0,534.0,Valid,Valid,Fixation
2022-11-16 15:57:36.021706,,Eye Tracker,175.0,533.0,Valid,Valid,Fixation
2022-11-16 15:57:36.038361,,Eye Tracker,178.0,537.0,Valid,Valid,Fixation
2022-11-16 15:57:36.055016,,Eye Tracker,176.0,537.0,Valid,Valid,Fixation
2022-11-16 15:57:36.071670,,Eye Tracker,175.0,532.0,Valid,Valid,Fixation
2022-11-16 15:57:36.088325,,Eye Tracker,174.0,533.0,Valid,Valid,Fixation
2022-11-16 15:57:36.104980,,Eye Tracker,176.0,531.0,Valid,Valid,Fixation
2022-11-16 15:57:36.121636,,Eye Tracker,175.0,528.0,Valid,Valid,Fixation
2022-11-16 15:57:36.138290,,Eye Tracker,172.0,531.0,Valid,Valid,Fixation
2022-11-16 15:57:36.154945,,Eye Tracker,172.0,534.0,Valid,Valid,Fixation
2022-11-16 15:57:36.171600,,Eye Tracker,174.0,532.0,Valid,Valid,Fixation
2022-11-16 15:57:36.188254,,Eye Tracker,175.0,531.0,Valid,Valid,Fixation
2022-11-16 15:57:36.204909,,Eye Tracker,168.0,529.0,Valid,Valid,Fixation
2022-11-16 15:57:36.221564,,Eye Tracker,164.0,529.0,Valid,Valid,Fixation
2022-11-16 15:57:36.238218,,Eye Tracker,163.0,530.0,Valid,Valid,Fixation
2022-11-16 15:57:36.254873,,Eye Tracker,164.0,533.0,Valid,Valid,Fixation
2022-11-16 15:57:36.271528,,Eye Tracker,166.0,533.0,Valid,Valid,Fixation
2022-11-16 15:57:36.288182,,Eye Tracker,165.0,532.0,Valid,Valid,Fixation
2022-11-16 15:57:36.304837,,Eye Tracker,165.0,536.0,Valid,Valid,Fixation
2022-11-16 15:57:36.321492,,Eye Tracker,168.0,536.0,Valid,Valid,Fixation
2022-11-16 15:57:36.338147,,Eye Tracker,169.0,530.0,Valid,Valid,Fixation
2022-11-16 15:57:36.354801,,Eye Tracker,168.0,530.0,Valid,Valid,Fixation
2022-11-16 15:57:36.371456,,Eye Tracker,167.0,536.0,Valid,Valid,Fixation
2022-11-16 15:57:36.388111,,Eye Tracker,165.0,535.0,Valid,Valid,Fixation
2022-11-16 15:57:36.404766,,Eye Tracker,165.0,531.0,Valid,Valid,Fixation
2022-11-16 15:57:36.421421,,Eye Tracker,164.0,531.0,Valid,Valid,Fixation
2022-11-16 15:57:36.438076,,Eye Tracker,162.0,529.0,Valid,Valid,Fixation
2022-11-16 15:57:36.454730,,Eye Tracker,161.0,532.0,Valid,Valid,Fixation
2022-11-16 15:57:36.471385,,Eye Tracker,163.0,531.0,Valid,Valid,Fixation
2022-11-16 15:57:36.488040,,Eye Tracker,162.0,532.0,Valid,Valid,Fixation
2022-11-16 15:57:36.504694,,Eye Tracker,164.0,535.0,Valid,Valid,Fixation
2022-11-16 15:57:36.521348,,Eye Tracker,167.0,536.0,Valid,Valid,Fixation
2022-11-16 15:57:36.538004,,Eye Tracker,169.0,536.0,Valid,Valid,Fixation
2022-11-16 15:57:36.554658,,Eye Tracker,168.0,535.0,Valid,Valid,Fixation
2022-11-16 15:57:36.571313,,Eye Tracker,170.0,534.0,Valid,Valid,Fixation
2022-11-16 15:57:36.587968,,Eye Tracker,169.0,532.0,Valid,Valid,Fixation
2022-11-16 15:57:36.604622,,Eye Tracker,168.0,527.0,Valid,Valid,Fixation
2022-11-16 15:57:36.621277,,Eye Tracker,168.0,527.0,Valid,Valid,Fixation
2022-11-16 15:57:36.637932,,Eye Tracker,167.0,534.0,Valid,Valid,Fixation
2022-11-16 15:57:36.654587,,Eye Tracker,167.0,534.0,Valid,Valid,Fixation
2022-11-16 15:57:36.671241,,Eye Tracker,168.0,531.0,Valid,Valid,Fixation
2022-11-16 15:57:36.687896,,Eye Tracker,169.0,530.0,Valid,Valid,Fixation
2022-11-16 15:57:36.704552,,Eye Tracker,168.0,529.0,Valid,Valid,Fixation
2022-11-16 15:57:36.721206,,Eye Tracker,168.0,529.0,Valid,Valid,Fixation
2022-11-16 15:57:36.737861,,Eye Tracker,163.0,530.0,Valid,Valid,Fixation
2022-11-16 15:57:36.754516,,Eye Tracker,162.0,531.0,Valid,Valid,Fixation
2022-11-16 15:57:36.771170,,Eye Tracker,161.0,535.0,Valid,Valid,Fixation
2022-11-16 15:57:36.787825,,Eye Tracker,157.0,533.0,Valid,Valid,Fixation
2022-11-16 15:57:36.804479,,Eye Tracker,160.0,534.0,Valid,Valid,Fixation
2022-11-16 15:57:36.821133,,Eye Tracker,163.0,536.0,Valid,Valid,Fixation
2022-11-16 15:57:36.837789,,Eye Tracker,167.0,531.0,Valid,Valid,Fixation
2022-11-16 15:57:36.854444,,Eye Tracker,169.0,532.0,Valid,Valid,Fixation
2022-11-16 15:57:36.871099,,Eye Tracker,166.0,533.0,Valid,Valid,Fixation
2022-11-16 15:57:36.887753,,Eye Tracker,167.0,532.0,Valid,Valid,Fixation
2022-11-16 15:57:36.904408,,Eye Tracker,165.0,532.0,Valid,Valid,Fixation
2022-11-16 15:57:36.921063,,Eye Tracker,146.0,543.0,Valid,Valid,Fixation
2022-11-16 15:57:36.937717,,Eye Tracker,144.0,550.0,Valid,Valid,Fixation
2022-11-16 15:57:36.954372,,Eye Tracker,149.0,548.0,Valid,Valid,Fixation
2022-11-16 15:57:36.971027,,Eye Tracker,139.0,540.0,Valid,Valid,Fixation
2022-11-16 15:57:36.987682,,Eye Tracker,142.0,543.0,Valid,Valid,Fixation
2022-11-16 15:57:37.004337,,Eye Tracker,149.0,545.0,Valid,Valid,Fixation
2022-11-16 15:57:37.020992,,Eye Tracker,151.0,545.0,Valid,Valid,Fixation
2022-11-16 15:57:37.037646,,Eye Tracker,142.0,546.0,Valid,Valid,Fixation
2022-11-16 15:57:37.054301,,Eye Tracker,143.0,548.0,Valid,Valid,Fixation
2022-11-16 15:57:37.070955,,Eye Tracker,149.0,552.0,Valid,Valid,Fixation
2022-11-16 15:57:37.087609,,Eye Tracker,149.0,553.0,Valid,Valid,Fixation
2022-11-16 15:57:37.104264,,Eye Tracker,148.0,546.0,Valid,Valid,Fixation
2022-11-16 15:57:37.120920,,Eye Tracker,149.0,546.0,Valid,Valid,Fixation
2022-11-16 15:57:37.137574,,Eye Tracker,141.0,557.0,Valid,Valid,Fixation
2022-11-16 15:57:37.154229,,Eye Tracker,145.0,640.0,Valid,Valid,Saccade
2022-11-16 15:57:37.170884,,Eye Tracker,152.0,730.0,Valid,Valid,Saccade
2022-11-16 15:57:37.187539,,Eye Tracker,,,Invalid,Invalid,EyesNotFound
2022-11-16 15:57:37.204193,,Eye Tracker,,,Invalid,Invalid,EyesNotFound
2022-11-16 15:57:37.220848,,Eye Tracker,,,Invalid,Invalid,EyesNotFound
2022-11-16 15:57:37.237503,,Eye Tracker,135.0,1277.0,Valid,Invalid,Unclassified
2022-11-16 15:57:37.254157,,Eye Tracker,135.0,1277.0,Valid,Invalid,Unclassified
2022-11-16 15:57:37.270812,,Eye Tracker,85.0,728.0,Valid,Valid,Saccade
2022-11-16 15:57:37.287467,,Eye Tracker,82.0,749.0,Valid,Valid,Unclassified
2022-11-16 15:57:37.304122,,Eye Tracker,85.0,761.0,Valid,Valid,Unclassified
2022-11-16 15:57:37.320777,,Eye Tracker,132.0,650.0,Valid,Valid,Saccade
2022-11-16 15:57:37.337432,,Eye Tracker,130.0,640.0,Valid,Valid,Unclassified
2022-11-16 15:57:37.354085,,Eye Tracker,133.0,571.0,Valid,Valid,Saccade
2022-11-16 15:57:37.370740,,Eye Tracker,136.0,559.0,Valid,Valid,Fixation
2022-11-16 15:57:37.387395,,Eye Tracker,137.0,543.0,Valid,Valid,Fixation
2022-11-16 15:57:37.404049,,Eye Tracker,135.0,549.0,Valid,Valid,Fixation
2022-11-16 15:57:37.420705,,Eye Tracker,130.0,550.0,Valid,Valid,Fixation
2022-11-16 15:57:37.437360,,Eye Tracker,132.0,554.0,Valid,Valid,Fixation
2022-11-16 15:57:37.454015,,Eye Tracker,102.0,560.0,Valid,Valid,Saccade
2022-11-16 15:57:37.470669,,Eye Tracker,84.0,554.0,Valid,Valid,Fixation
2022-11-16 15:57:37.487324,,Eye Tracker,93.0,557.0,Valid,Valid,Fixation
2022-11-16 15:57:37.503979,,Eye Tracker,90.0,560.0,Valid,Valid,Fixation
2022-11-16 15:57:37.520633,,Eye Tracker,88.0,563.0,Valid,Valid,Fixation
2022-11-16 15:57:37.537288,,Eye Tracker,92.0,565.0,Valid,Valid,Fixation
2022-11-16 15:57:37.553943,,Eye Tracker,97.0,569.0,Valid,Valid,Fixation
2022-11-16 15:57:37.570597,,Eye Tracker,94.0,565.0,Valid,Valid,Fixation
2022-11-16 15:57:37.587252,,Eye Tracker,91.0,559.0,Valid,Valid,Fixation
2022-11-16 15:57:37.603908,,Eye Tracker,90.0,562.0,Valid,Valid,Fixation
2022-11-16 15:57:37.620562,,Eye Tracker,89.0,564.0,Valid,Valid,Fixation
2022-11-16 15:57:37.637216,,Eye Tracker,89.0,563.0,Valid,Valid,Fixation
2022-11-16 15:57:37.653871,,Eye Tracker,92.0,562.0,Valid,Valid,Fixation
2022-11-16 15:57:37.670525,,Eye Tracker,90.0,569.0,Valid,Valid,Fixation
2022-11-16 15:57:37.687180,,Eye Tracker,91.0,574.0,Valid,Valid,Fixation
2022-11-16 15:57:37.703836,,Eye Tracker,93.0,564.0,Valid,Valid,Fixation
2022-11-16 15:57:37.720491,,Eye Tracker,117.0,553.0,Valid,Valid,Saccade
2022-11-16 15:57:37.737145,,Eye Tracker,130.0,551.0,Valid,Valid,Fixation
2022-11-16 15:57:37.753800,,Eye Tracker,124.0,550.0,Valid,Valid,Fixation
2022-11-16 15:57:37.770455,,Eye Tracker,127.0,548.0,Valid,Valid,Fixation
2022-11-16 15:57:37.787109,,Eye Tracker,131.0,549.0,Valid,Valid,Fixation
2022-11-16 15:57:37.803764,,Eye Tracker,138.0,551.0,Valid,Valid,Fixation
2022-11-16 15:57:37.820419,,Eye Tracker,135.0,551.0,Valid,Valid,Fixation
2022-11-16 15:57:37.837073,,Eye Tracker,128.0,548.0,Valid,Valid,Fixation
2022-11-16 15:57:37.853728,,Eye Tracker,130.0,549.0,Valid,Valid,Fixation
2022-11-16 15:57:37.870383,,Eye Tracker,127.0,548.0,Valid,Valid,Fixation
2022-11-16 15:57:37.887037,,Eye Tracker,125.0,545.0,Valid,Valid,Fixation
2022-11-16 15:57:37.903692,,Eye Tracker,131.0,544.0,Valid,Valid,Fixation
2022-11-16 15:57:37.920347,,Eye Tracker,130.0,544.0,Valid,Valid,Fixation
2022-11-16 15:57:37.937001,,Eye Tracker,119.0,544.0,Valid,Valid,Fixation
2022-11-16 15:57:37.953656,,Eye Tracker,119.0,540.0,Valid,Valid,Fixation
2022-11-16 15:57:37.970311,,Eye Tracker,126.0,542.0,Valid,Valid,Fixation
2022-11-16 15:57:37.986967,,Eye Tracker,128.0,545.0,Valid,Valid,Fixation
2022-11-16 15:57:38.003621,,Eye Tracker,105.0,549.0,Valid,Valid,Fixation
2022-11-16 15:57:38.020276,,Eye Tracker,85.0,548.0,Valid,Valid,Fixation
2022-11-16 15:57:38.036931,,Eye Tracker,87.0,548.0,Valid,Valid,Fixation
2022-11-16 15:57:38.053584,,Eye Tracker,88.0,550.0,Valid,Valid,Fixation
2022-11-16 15:57:38.070240,,Eye Tracker,90.0,548.0,Valid,Valid,Fixation
2022-11-16 15:57:38.086895,,Eye Tracker,92.0,550.0,Valid,Valid,Fixation
2022-11-16 15:57:38.103549,,Eye Tracker,90.0,549.0,Valid,Valid,Fixation
2022-11-16 15:57:38.120204,,Eye Tracker,89.0,543.0,Valid,Valid,Fixation
2022-11-16 15:57:38.136859,,Eye Tracker,89.0,544.0,Valid,Valid,Fixation
2022-11-16 15:57:38.153513,,Eye Tracker,90.0,547.0,Valid,Valid,Fixation
2022-11-16 15:57:38.170168,,Eye Tracker,90.0,544.0,Valid,Valid,Fixation
2022-11-16 15:57:38.186823,,Eye Tracker,89.0,541.0,Valid,Valid,Fixation
2022-11-16 15:57:38.203477,,Eye Tracker,88.0,543.0,Valid,Valid,Fixation
2022-11-16 15:57:38.220132,,Eye Tracker,92.0,547.0,Valid,Valid,Fixation
2022-11-16 15:57:38.236787,,Eye Tracker,93.0,548.0,Valid,Valid,Fixation
2022-11-16 15:57:38.253442,,Eye Tracker,90.0,546.0,Valid,Valid,Fixation
2022-11-16 15:57:38.270096,,Eye Tracker,93.0,544.0,Valid,Valid,Fixation
2022-11-16 15:57:38.286752,,Eye Tracker,96.0,540.0,Valid,Valid,Fixation
2022-11-16 15:57:38.303407,,Eye Tracker,92.0,539.0,Valid,Valid,Fixation
2022-11-16 15:57:38.320060,,Eye Tracker,91.0,543.0,Valid,Valid,Fixation
2022-11-16 15:57:38.336715,,Eye Tracker,94.0,548.0,Valid,Valid,Fixation
2022-11-16 15:57:38.353370,,Eye Tracker,96.0,549.0,Valid,Valid,Fixation
2022-11-16 15:57:38.370025,,Eye Tracker,98.0,543.0,Valid,Valid,Fixation
2022-11-16 15:57:38.386680,,Eye Tracker,98.0,542.0,Valid,Valid,Fixation
2022-11-16 15:57:38.403335,,Eye Tracker,93.0,539.0,Valid,Valid,Fixation
2022-11-16 15:57:38.419989,,Eye Tracker,93.0,536.0,Valid,Valid,Fixation
2022-11-16 15:57:38.436644,,Eye Tracker,94.0,535.0,Valid,Valid,Fixation
2022-11-16 15:57:38.453299,,Eye Tracker,93.0,531.0,Valid,Valid,Fixation
2022-11-16 15:57:38.469953,,Eye Tracker,93.0,530.0,Valid,Valid,Fixation
2022-11-16 15:57:38.486608,,Eye Tracker,95.0,530.0,Valid,Valid,Fixation
2022-11-16 15:57:38.503263,,Eye Tracker,95.0,531.0,Valid,Valid,Fixation
2022-11-16 15:57:38.519918,,Eye Tracker,95.0,533.0,Valid,Valid,Fixation
2022-11-16 15:57:38.536572,,Eye Tracker,91.0,534.0,Valid,Valid,Fixation
2022-11-16 15:57:38.553227,,Eye Tracker,91.0,533.0,Valid,Valid,Fixation
2022-11-16 15:57:38.569883,,Eye Tracker,96.0,526.0,Valid,Valid,Fixation
2022-11-16 15:57:38.586536,,Eye Tracker,94.0,523.0,Valid,Valid,Fixation
2022-11-16 15:57:38.603191,,Eye Tracker,96.0,527.0,Valid,Valid,Fixation
2022-11-16 15:57:38.619846,,Eye Tracker,97.0,525.0,Valid,Valid,Fixation
2022-11-16 15:57:38.636500,,Eye Tracker,99.0,526.0,Valid,Valid,Fixation
2022-11-16 15:57:38.653155,,Eye Tracker,99.0,529.0,Valid,Valid,Fixation
2022-11-16 15:57:38.669810,,Eye Tracker,92.0,529.0,Valid,Valid,Fixation
2022-11-16 15:57:38.686465,,Eye Tracker,92.0,529.0,Valid,Valid,Fixation
2022-11-16 15:57:38.703120,,Eye Tracker,93.0,527.0,Valid,Valid,Fixation
2022-11-16 15:57:38.719775,,Eye Tracker,93.0,524.0,Valid,Valid,Fixation
2022-11-16 15:57:38.736429,,Eye Tracker,93.0,520.0,Valid,Valid,Fixation
2022-11-16 15:57:38.753084,,Eye Tracker,95.0,523.0,Valid,Valid,Fixation
2022-11-16 15:57:38.769739,,Eye Tracker,100.0,531.0,Valid,Valid,Fixation
2022-11-16 15:57:38.786394,,Eye Tracker,102.0,529.0,Valid,Valid,Fixation
2022-11-16 15:57:38.803048,,Eye Tracker,97.0,526.0,Valid,Valid,Fixation
2022-11-16 15:57:38.819703,,Eye Tracker,95.0,524.0,Valid,Valid,Fixation
2022-11-16 15:57:38.836358,,Eye Tracker,94.0,523.0,Valid,Valid,Fixation
2022-11-16 15:57:38.853012,,Eye Tracker,83.0,516.0,Valid,Valid,Fixation
2022-11-16 15:57:38.869667,,Eye Tracker,83.0,506.0,Valid,Valid,Fixation
2022-11-16 15:57:38.886322,,Eye Tracker,89.0,504.0,Valid,Valid,Fixation
2022-11-16 15:57:38.902976,,Eye Tracker,86.0,497.0,Valid,Valid,Fixation
2022-11-16 15:57:38.919631,,Eye Tracker,84.0,496.0,Valid,Valid,Fixation
2022-11-16 15:57:38.936286,,Eye Tracker,85.0,500.0,Valid,Valid,Fixation
2022-11-16 15:57:38.952940,,Eye Tracker,85.0,500.0,Valid,Valid,Fixation
2022-11-16 15:57:38.969595,,Eye Tracker,85.0,493.0,Valid,Valid,Fixation
2022-11-16 15:57:38.986251,,Eye Tracker,89.0,490.0,Valid,Valid,Fixation
2022-11-16 15:57:39.002905,,Eye Tracker,87.0,491.0,Valid,Valid,Fixation
2022-11-16 15:57:39.019560,,Eye Tracker,81.0,487.0,Valid,Valid,Fixation
2022-11-16 15:57:39.036215,,Eye Tracker,81.0,486.0,Valid,Valid,Fixation
2022-11-16 15:57:39.052870,,Eye Tracker,83.0,490.0,Valid,Valid,Fixation
2022-11-16 15:57:39.069524,,Eye Tracker,83.0,491.0,Valid,Valid,Fixation
2022-11-16 15:57:39.086179,,Eye Tracker,84.0,485.0,Valid,Valid,Fixation
2022-11-16 15:57:39.102833,,Eye Tracker,89.0,483.0,Valid,Valid,Fixation
2022-11-16 15:57:39.119487,,Eye Tracker,87.0,483.0,Valid,Valid,Fixation
2022-11-16 15:57:39.136143,,Eye Tracker,83.0,480.0,Valid,Valid,Fixation
2022-11-16 15:57:39.152798,,Eye Tracker,86.0,480.0,Valid,Valid,Fixation
2022-11-16 15:57:39.169452,,Eye Tracker,86.0,480.0,Valid,Valid,Fixation
2022-11-16 15:57:39.186107,,Eye Tracker,82.0,475.0,Valid,Valid,Fixation
2022-11-16 15:57:39.202762,,Eye Tracker,79.0,474.0,Valid,Valid,Fixation
2022-11-16 15:57:39.219416,,Eye Tracker,80.0,476.0,Valid,Valid,Fixation
2022-11-16 15:57:39.236071,,Eye Tracker,80.0,478.0,Valid,Valid,Fixation
2022-11-16 15:57:39.252726,,Eye Tracker,77.0,478.0,Valid,Valid,Fixation
2022-11-16 15:57:39.269381,,Eye Tracker,85.0,476.0,Valid,Valid,Fixation
2022-11-16 15:57:39.286036,,Eye Tracker,81.0,524.0,Valid,Valid,Saccade
2022-11-16 15:57:39.302691,,Eye Tracker,7.0,673.0,Invalid,Valid,Saccade
2022-11-16 15:57:39.319346,,Eye Tracker,,,Invalid,Invalid,EyesNotFound
2022-11-16 15:57:39.336000,,Eye Tracker,-157.0,1255.0,Invalid,Valid,Unclassified
2022-11-16 15:57:39.352655,,Eye Tracker,-157.0,1255.0,Invalid,Valid,Unclassified
2022-11-16 15:57:39.369309,,Eye Tracker,-19.0,769.0,Valid,Valid,Saccade
2022-11-16 15:57:39.385963,,Eye Tracker,-20.0,789.0,Valid,Valid,Unclassified
2022-11-16 15:57:39.402618,,Eye Tracker,26.0,660.0,Valid,Valid,Saccade
2022-11-16 15:57:39.419273,,Eye Tracker,72.0,564.0,Valid,Valid,Saccade
2022-11-16 15:57:39.435928,,Eye Tracker,81.0,539.0,Valid,Valid,Saccade
2022-11-16 15:57:39.452583,,Eye Tracker,83.0,491.0,Valid,Valid,Saccade
2022-11-16 15:57:39.469238,,Eye Tracker,81.0,475.0,Valid,Valid,Fixation
2022-11-16 15:57:39.485892,,Eye Tracker,86.0,471.0,Valid,Valid,Fixation
2022-11-16 15:57:39.502547,,Eye Tracker,85.0,477.0,Valid,Valid,Fixation
2022-11-16 15:57:39.519202,,Eye Tracker,86.0,467.0,Valid,Valid,Fixation
2022-11-16 15:57:39.535856,,Eye Tracker,85.0,465.0,Valid,Valid,Fixation
2022-11-16 15:57:39.552511,,Eye Tracker,83.0,461.0,Valid,Valid,Fixation
2022-11-16 15:57:39.569166,,Eye Tracker,86.0,460.0,Valid,Valid,Fixation
2022-11-16 15:57:39.585821,,Eye Tracker,84.0,461.0,Valid,Valid,Fixation
2022-11-16 15:57:39.602476,,Eye Tracker,85.0,455.0,Valid,Valid,Fixation
2022-11-16 15:57:39.619131,,Eye Tracker,85.0,449.0,Valid,Valid,Fixation
2022-11-16 15:57:39.635785,,Eye Tracker,78.0,449.0,Valid,Valid,Fixation
2022-11-16 15:57:39.652439,,Eye Tracker,76.0,449.0,Valid,Valid,Fixation
2022-11-16 15:57:39.669094,,Eye Tracker,80.0,441.0,Valid,Valid,Fixation
2022-11-16 15:57:39.685749,,Eye Tracker,79.0,440.0,Valid,Valid,Fixation
2022-11-16 15:57:39.702403,,Eye Tracker,78.0,433.0,Valid,Valid,Fixation
2022-11-16 15:57:39.719058,,Eye Tracker,79.0,429.0,Valid,Valid,Fixation
2022-11-16 15:57:39.735713,,Eye Tracker,76.0,431.0,Valid,Valid,Fixation
2022-11-16 15:57:39.752368,,Eye Tracker,75.0,429.0,Valid,Valid,Fixation
2022-11-16 15:57:39.769023,,Eye Tracker,74.0,431.0,Valid,Valid,Fixation
2022-11-16 15:57:39.785678,,Eye Tracker,73.0,434.0,Valid,Valid,Fixation
2022-11-16 15:57:39.802333,,Eye Tracker,77.0,428.0,Valid,Valid,Fixation
2022-11-16 15:57:39.818987,,Eye Tracker,77.0,425.0,Valid,Valid,Fixation
2022-11-16 15:57:39.835642,,Eye Tracker,78.0,424.0,Valid,Valid,Fixation
2022-11-16 15:57:39.852297,,Eye Tracker,75.0,421.0,Valid,Valid,Fixation
2022-11-16 15:57:39.868951,,Eye Tracker,71.0,420.0,Valid,Valid,Fixation
2022-11-16 15:57:39.885606,,Eye Tracker,72.0,415.0,Valid,Valid,Fixation
2022-11-16 15:57:39.902261,,Eye Tracker,72.0,416.0,Valid,Valid,Fixation
2022-11-16 15:57:39.918915,,Eye Tracker,72.0,420.0,Valid,Valid,Fixation
2022-11-16 15:57:39.935570,,Eye Tracker,72.0,417.0,Valid,Valid,Fixation
2022-11-16 15:57:39.952225,,Eye Tracker,71.0,414.0,Valid,Valid,Fixation
2022-11-16 15:57:39.968879,,Eye Tracker,68.0,414.0,Valid,Valid,Fixation
2022-11-16 15:57:39.985534,,Eye Tracker,69.0,412.0,Valid,Valid,Fixation
2022-11-16 15:57:40.002189,,Eye Tracker,68.0,410.0,Valid,Valid,Fixation
2022-11-16 15:57:40.018843,,Eye Tracker,70.0,408.0,Valid,Valid,Fixation
2022-11-16 15:57:40.035498,,Eye Tracker,75.0,407.0,Valid,Valid,Fixation
2022-11-16 15:57:40.052154,,Eye Tracker,70.0,407.0,Valid,Valid,Fixation
2022-11-16 15:57:40.068809,,Eye Tracker,68.0,404.0,Valid,Valid,Fixation
2022-11-16 15:57:40.085463,,Eye Tracker,70.0,403.0,Valid,Valid,Fixation
2022-11-16 15:57:40.102118,,Eye Tracker,65.0,406.0,Valid,Valid,Fixation
2022-11-16 15:57:40.118773,,Eye Tracker,64.0,405.0,Valid,Valid,Fixation
2022-11-16 15:57:40.135427,,Eye Tracker,64.0,405.0,Valid,Valid,Fixation
2022-11-16 15:57:40.152082,,Eye Tracker,64.0,401.0,Valid,Valid,Fixation
2022-11-16 15:57:40.168737,,Eye Tracker,63.0,399.0,Valid,Valid,Fixation
2022-11-16 15:57:40.185390,,Eye Tracker,71.0,396.0,Valid,Valid,Fixation
2022-11-16 15:57:40.202046,,Eye Tracker,90.0,386.0,Valid,Valid,Fixation
2022-11-16 15:57:40.218701,,Eye Tracker,96.0,381.0,Valid,Valid,Fixation
2022-11-16 15:57:40.235355,,Eye Tracker,92.0,380.0,Valid,Valid,Fixation
2022-11-16 15:57:40.252010,,Eye Tracker,93.0,377.0,Valid,Valid,Fixation
2022-11-16 15:57:40.268665,,Eye Tracker,94.0,377.0,Valid,Valid,Fixation
2022-11-16 15:57:40.285319,,Eye Tracker,98.0,378.0,Valid,Valid,Fixation
2022-11-16 15:57:40.301974,,Eye Tracker,100.0,377.0,Valid,Valid,Fixation
2022-11-16 15:57:40.318629,,Eye Tracker,98.0,376.0,Valid,Valid,Fixation
2022-11-16 15:57:40.335283,,Eye Tracker,102.0,372.0,Valid,Valid,Fixation
2022-11-16 15:57:40.351939,,Eye Tracker,100.0,372.0,Valid,Valid,Fixation
2022-11-16 15:57:40.368594,,Eye Tracker,94.0,374.0,Valid,Valid,Fixation
2022-11-16 15:57:40.385249,,Eye Tracker,97.0,377.0,Valid,Valid,Fixation
2022-11-16 15:57:40.401903,,Eye Tracker,101.0,377.0,Valid,Valid,Fixation
2022-11-16 15:57:40.418557,,Eye Tracker,101.0,375.0,Valid,Valid,Fixation
2022-11-16 15:57:40.435212,,Eye Tracker,101.0,377.0,Valid,Valid,Fixation
2022-11-16 15:57:40.451866,,Eye Tracker,98.0,377.0,Valid,Valid,Fixation
2022-11-16 15:57:40.468521,,Eye Tracker,101.0,376.0,Valid,Valid,Fixation
2022-11-16 15:57:40.485176,,Eye Tracker,104.0,378.0,Valid,Valid,Fixation
2022-11-16 15:57:40.501830,,Eye Tracker,102.0,380.0,Valid,Valid,Fixation
2022-11-16 15:57:40.518486,,Eye Tracker,101.0,378.0,Valid,Valid,Fixation
2022-11-16 15:57:40.535141,,Eye Tracker,103.0,378.0,Valid,Valid,Fixation
2022-11-16 15:57:40.551795,,Eye Tracker,105.0,379.0,Valid,Valid,Fixation
2022-11-16 15:57:40.568450,,Eye Tracker,102.0,377.0,Valid,Valid,Fixation
2022-11-16 15:57:40.585105,,Eye Tracker,100.0,373.0,Valid,Valid,Fixation
2022-11-16 15:57:40.601759,,Eye Tracker,100.0,370.0,Valid,Valid,Fixation
2022-11-16 15:57:40.618414,,Eye Tracker,102.0,369.0,Valid,Valid,Fixation
2022-11-16 15:57:40.635069,,Eye Tracker,107.0,373.0,Valid,Valid,Fixation
2022-11-16 15:57:40.651724,,Eye Tracker,107.0,374.0,Valid,Valid,Fixation
2022-11-16 15:57:40.668379,,Eye Tracker,104.0,373.0,Valid,Valid,Fixation
2022-11-16 15:57:40.685034,,Eye Tracker,104.0,372.0,Valid,Valid,Fixation
2022-11-16 15:57:40.701689,,Eye Tracker,106.0,369.0,Valid,Valid,Fixation
2022-11-16 15:57:40.718343,,Eye Tracker,106.0,369.0,Valid,Valid,Fixation
2022-11-16 15:57:40.734998,,Eye Tracker,102.0,369.0,Valid,Valid,Fixation
2022-11-16 15:57:40.751653,,Eye Tracker,103.0,374.0,Valid,Valid,Fixation
2022-11-16 15:57:40.768307,,Eye Tracker,102.0,384.0,Valid,Valid,Fixation
2022-11-16 15:57:40.784962,,Eye Tracker,100.0,392.0,Valid,Valid,Fixation
2022-11-16 15:57:40.801617,,Eye Tracker,91.0,424.0,Valid,Valid,Saccade
2022-11-16 15:57:40.818272,,Eye Tracker,78.0,455.0,Valid,Valid,Saccade
2022-11-16 15:57:40.834927,,Eye Tracker,55.0,482.0,Valid,Valid,Saccade
2022-11-16 15:57:40.851582,,Eye Tracker,50.0,475.0,Valid,Valid,Unclassified
2022-11-16 15:57:40.868236,,Eye Tracker,88.0,405.0,Valid,Valid,Saccade
2022-11-16 15:57:40.884891,,Eye Tracker,78.0,420.0,Valid,Valid,Unclassified
2022-11-16 15:57:40.901546,,Eye Tracker,73.0,441.0,Valid,Valid,Unclassified
2022-11-16 15:57:40.918201,,Eye Tracker,87.0,422.0,Valid,Valid,Unclassified
2022-11-16 15:57:40.934855,,Eye Tracker,,,Invalid,Invalid,EyesNotFound
2022-11-16 15:57:40.951510,,Eye Tracker,,,Invalid,Invalid,EyesNotFound
2022-11-16 15:57:40.968166,,Eye Tracker,,,Invalid,Invalid,EyesNotFound
2022-11-16 15:57:40.984820,,Eye Tracker,,,Invalid,Invalid,EyesNotFound
2022-11-16 15:57:41.001475,,Eye Tracker,,,Invalid,Invalid,EyesNotFound
2022-11-16 15:57:41.018130,,Eye Tracker,,,Invalid,Invalid,EyesNotFound
2022-11-16 15:57:41.034784,,Eye Tracker,-12.0,643.0,Valid,Invalid,Unclassified
2022-11-16 15:57:41.051439,,Eye Tracker,-12.0,643.0,Valid,Invalid,Unclassified
2022-11-16 15:57:41.068094,,Eye Tracker,-8.0,563.0,Valid,Valid,Saccade
2022-11-16 15:57:41.084748,,Eye Tracker,5.0,533.0,Valid,Valid,Saccade
2022-11-16 15:57:41.101403,,Eye Tracker,-4.0,514.0,Valid,Valid,Unclassified
2022-11-16 15:57:41.118059,,Eye Tracker,90.0,407.0,Valid,Valid,Saccade
2022-11-16 15:57:41.134713,,Eye Tracker,82.0,374.0,Valid,Valid,Saccade
2022-11-16 15:57:41.151368,,Eye Tracker,84.0,352.0,Valid,Valid,Fixation
2022-11-16 15:57:41.168023,,Eye Tracker,88.0,355.0,Valid,Valid,Fixation
2022-11-16 15:57:41.184678,,Eye Tracker,86.0,360.0,Valid,Valid,Fixation
2022-11-16 15:57:41.201332,,Eye Tracker,86.0,353.0,Valid,Valid,Fixation
2022-11-16 15:57:41.217987,,Eye Tracker,86.0,350.0,Valid,Valid,Fixation
2022-11-16 15:57:41.234642,,Eye Tracker,87.0,354.0,Valid,Valid,Fixation
2022-11-16 15:57:41.251296,,Eye Tracker,85.0,350.0,Valid,Valid,Fixation
2022-11-16 15:57:41.267952,,Eye Tracker,77.0,348.0,Valid,Valid,Fixation
2022-11-16 15:57:41.284607,,Eye Tracker,82.0,350.0,Valid,Valid,Fixation
2022-11-16 15:57:41.301261,,Eye Tracker,88.0,354.0,Valid,Valid,Fixation
2022-11-16 15:57:41.317916,,Eye Tracker,84.0,353.0,Valid,Valid,Fixation
2022-11-16 15:57:41.334571,,Eye Tracker,85.0,350.0,Valid,Valid,Fixation
2022-11-16 15:57:41.351225,,Eye Tracker,87.0,348.0,Valid,Valid,Fixation
2022-11-16 15:57:41.367880,,Eye Tracker,88.0,344.0,Valid,Valid,Fixation
2022-11-16 15:57:41.384535,,Eye Tracker,85.0,344.0,Valid,Valid,Fixation
2022-11-16 15:57:41.401189,,Eye Tracker,86.0,349.0,Valid,Valid,Fixation
2022-11-16 15:57:41.417845,,Eye Tracker,90.0,352.0,Valid,Valid,Fixation
2022-11-16 15:57:41.434500,,Eye Tracker,92.0,348.0,Valid,Valid,Fixation
2022-11-16 15:57:41.451155,,Eye Tracker,92.0,347.0,Valid,Valid,Fixation
2022-11-16 15:57:41.467809,,Eye Tracker,88.0,349.0,Valid,Valid,Fixation
2022-11-16 15:57:41.484464,,Eye Tracker,86.0,341.0,Valid,Valid,Fixation
2022-11-16 15:57:41.501119,,Eye Tracker,87.0,335.0,Valid,Valid,Fixation
2022-11-16 15:57:41.517773,,Eye Tracker,83.0,334.0,Valid,Valid,Fixation
2022-11-16 15:57:41.534428,,Eye Tracker,86.0,334.0,Valid,Valid,Fixation
2022-11-16 15:57:41.551083,,Eye Tracker,85.0,333.0,Valid,Valid,Fixation
2022-11-16 15:57:41.567737,,Eye Tracker,84.0,328.0,Valid,Valid,Fixation
2022-11-16 15:57:41.584393,,Eye Tracker,87.0,326.0,Valid,Valid,Fixation
2022-11-16 15:57:41.601048,,Eye Tracker,85.0,324.0,Valid,Valid,Fixation
2022-11-16 15:57:41.617702,,Eye Tracker,85.0,325.0,Valid,Valid,Fixation
2022-11-16 15:57:41.634357,,Eye Tracker,87.0,325.0,Valid,Valid,Fixation
2022-11-16 15:57:41.651012,,Eye Tracker,84.0,320.0,Valid,Valid,Fixation
2022-11-16 15:57:41.667667,,Eye Tracker,85.0,316.0,Valid,Valid,Fixation
2022-11-16 15:57:41.684321,,Eye Tracker,87.0,315.0,Valid,Valid,Fixation
2022-11-16 15:57:41.700976,,Eye Tracker,81.0,322.0,Valid,Valid,Fixation
2022-11-16 15:57:41.717631,,Eye Tracker,80.0,321.0,Valid,Valid,Fixation
2022-11-16 15:57:41.734286,,Eye Tracker,82.0,318.0,Valid,Valid,Fixation
2022-11-16 15:57:41.750941,,Eye Tracker,83.0,318.0,Valid,Valid,Fixation
2022-11-16 15:57:41.767596,,Eye Tracker,81.0,309.0,Valid,Valid,Fixation
2022-11-16 15:57:41.784250,,Eye Tracker,81.0,308.0,Valid,Valid,Fixation
2022-11-16 15:57:41.800905,,Eye Tracker,88.0,326.0,Valid,Valid,Fixation
2022-11-16 15:57:41.817560,,Eye Tracker,93.0,327.0,Valid,Valid,Fixation
2022-11-16 15:57:41.834214,,Eye Tracker,81.0,311.0,Valid,Valid,Fixation
2022-11-16 15:57:41.850869,,Eye Tracker,79.0,311.0,Valid,Valid,Fixation
2022-11-16 15:57:41.867524,,Eye Tracker,83.0,312.0,Valid,Valid,Fixation
2022-11-16 15:57:41.884179,,Eye Tracker,85.0,314.0,Valid,Valid,Fixation
2022-11-16 15:57:41.900834,,Eye Tracker,87.0,316.0,Valid,Valid,Fixation
2022-11-16 15:57:41.917489,,Eye Tracker,88.0,317.0,Valid,Valid,Fixation
2022-11-16 15:57:41.934143,,Eye Tracker,85.0,314.0,Valid,Valid,Fixation
2022-11-16 15:57:41.950798,,Eye Tracker,84.0,311.0,Valid,Valid,Fixation
2022-11-16 15:57:41.967453,,Eye Tracker,85.0,312.0,Valid,Valid,Fixation
2022-11-16 15:57:41.984108,,Eye Tracker,84.0,313.0,Valid,Valid,Fixation
2022-11-16 15:57:42.000762,,Eye Tracker,84.0,314.0,Valid,Valid,Fixation
2022-11-16 15:57:42.017417,,Eye Tracker,87.0,317.0,Valid,Valid,Fixation
2022-11-16 15:57:42.034073,,Eye Tracker,89.0,313.0,Valid,Valid,Fixation
2022-11-16 15:57:42.050727,,Eye Tracker,90.0,306.0,Valid,Valid,Fixation
2022-11-16 15:57:42.067382,,Eye Tracker,90.0,307.0,Valid,Valid,Fixation
2022-11-16 15:57:42.084037,,Eye Tracker,87.0,308.0,Valid,Valid,Fixation
2022-11-16 15:57:42.100691,,Eye Tracker,89.0,307.0,Valid,Valid,Fixation
2022-11-16 15:57:42.117346,,Eye Tracker,87.0,301.0,Valid,Valid,Fixation
2022-11-16 15:57:42.134001,,Eye Tracker,82.0,302.0,Valid,Valid,Fixation
2022-11-16 15:57:42.150655,,Eye Tracker,80.0,304.0,Valid,Valid,Fixation
2022-11-16 15:57:42.167310,,Eye Tracker,81.0,299.0,Valid,Valid,Fixation
2022-11-16 15:57:42.183966,,Eye Tracker,89.0,298.0,Valid,Valid,Fixation
2022-11-16 15:57:42.200620,,Eye Tracker,88.0,302.0,Valid,Valid,Fixation
2022-11-16 15:57:42.217275,,Eye Tracker,86.0,301.0,Valid,Valid,Fixation
2022-11-16 15:57:42.233930,,Eye Tracker,81.0,300.0,Valid,Valid,Fixation
2022-11-16 15:57:42.250585,,Eye Tracker,79.0,299.0,Valid,Valid,Fixation
2022-11-16 15:57:42.267239,,Eye Tracker,84.0,300.0,Valid,Valid,Fixation
2022-11-16 15:57:42.283894,,Eye Tracker,80.0,304.0,Valid,Valid,Fixation
2022-11-16 15:57:42.300549,,Eye Tracker,82.0,306.0,Valid,Valid,Fixation
2022-11-16 15:57:42.317203,,Eye Tracker,88.0,303.0,Valid,Valid,Fixation
2022-11-16 15:57:42.333859,,Eye Tracker,76.0,292.0,Valid,Valid,Fixation
2022-11-16 15:57:42.350514,,Eye Tracker,67.0,276.0,Valid,Valid,Fixation
2022-11-16 15:57:42.367168,,Eye Tracker,61.0,273.0,Valid,Valid,Fixation
2022-11-16 15:57:42.383823,,Eye Tracker,59.0,276.0,Valid,Valid,Fixation
2022-11-16 15:57:42.400478,,Eye Tracker,60.0,280.0,Valid,Valid,Fixation
2022-11-16 15:57:42.417132,,Eye Tracker,61.0,282.0,Valid,Valid,Fixation
2022-11-16 15:57:42.433787,,Eye Tracker,67.0,285.0,Valid,Valid,Fixation
2022-11-16 15:57:42.450442,,Eye Tracker,69.0,288.0,Valid,Valid,Fixation
2022-11-16 15:57:42.467096,,Eye Tracker,60.0,285.0,Valid,Valid,Fixation
2022-11-16 15:57:42.483751,,Eye Tracker,61.0,284.0,Valid,Valid,Fixation
2022-11-16 15:57:42.500407,,Eye Tracker,65.0,285.0,Valid,Valid,Fixation
2022-11-16 15:57:42.517062,,Eye Tracker,68.0,286.0,Valid,Valid,Fixation
2022-11-16 15:57:42.533716,,Eye Tracker,76.0,290.0,Valid,Valid,Fixation
2022-11-16 15:57:42.550371,,Eye Tracker,79.0,289.0,Valid,Valid,Fixation
2022-11-16 15:57:42.567026,,Eye Tracker,77.0,282.0,Valid,Valid,Fixation
2022-11-16 15:57:42.583680,,Eye Tracker,75.0,277.0,Valid,Valid,Fixation
2022-11-16 15:57:42.600335,,Eye Tracker,72.0,278.0,Valid,Valid,Fixation
2022-11-16 15:57:42.616990,,Eye Tracker,71.0,279.0,Valid,Valid,Fixation
2022-11-16 15:57:42.633644,,Eye Tracker,81.0,279.0,Valid,Valid,Fixation
2022-11-16 15:57:42.650300,,Eye Tracker,86.0,282.0,Valid,Valid,Fixation
2022-11-16 15:57:42.666955,,Eye Tracker,77.0,283.0,Valid,Valid,Fixation
2022-11-16 15:57:42.683609,,Eye Tracker,75.0,282.0,Valid,Valid,Fixation
2022-11-16 15:57:42.700264,,Eye Tracker,83.0,286.0,Valid,Valid,Fixation
2022-11-16 15:57:42.716919,,Eye Tracker,86.0,288.0,Valid,Valid,Fixation
2022-11-16 15:57:42.733573,,Eye Tracker,88.0,287.0,Valid,Valid,Fixation
2022-11-16 15:57:42.750228,,Eye Tracker,88.0,289.0,Valid,Valid,Fixation
2022-11-16 15:57:42.766883,,Eye Tracker,86.0,289.0,Valid,Valid,Fixation
2022-11-16 15:57:42.783538,,Eye Tracker,86.0,290.0,Valid,Valid,Fixation
2022-11-16 15:57:42.800193,,Eye Tracker,87.0,289.0,Valid,Valid,Fixation
2022-11-16 15:57:42.816848,,Eye Tracker,91.0,288.0,Valid,Valid,Fixation
2022-11-16 15:57:42.833503,,Eye Tracker,116.0,286.0,Valid,Valid,Saccade
2022-11-16 15:57:42.850157,,Eye Tracker,135.0,274.0,Valid,Valid,Fixation
2022-11-16 15:57:42.866812,,Eye Tracker,138.0,275.0,Valid,Valid,Fixation
2022-11-16 15:57:42.883467,,Eye Tracker,137.0,273.0,Valid,Valid,Fixation
2022-11-16 15:57:42.900121,,Eye Tracker,136.0,269.0,Valid,Valid,Fixation
2022-11-16 15:57:42.916776,,Eye Tracker,135.0,268.0,Valid,Valid,Fixation
2022-11-16 15:57:42.933431,,Eye Tracker,134.0,264.0,Valid,Valid,Fixation
2022-11-16 15:57:42.950086,,Eye Tracker,134.0,261.0,Valid,Valid,Fixation
2022-11-16 15:57:42.966741,,Eye Tracker,132.0,261.0,Valid,Valid,Fixation
2022-11-16 15:57:42.983396,,Eye Tracker,130.0,259.0,Valid,Valid,Fixation
2022-11-16 15:57:43.000050,,Eye Tracker,131.0,260.0,Valid,Valid,Fixation
2022-11-16 15:57:43.016705,,Eye Tracker,130.0,258.0,Valid,Valid,Fixation
2022-11-16 15:57:43.033360,,Eye Tracker,122.0,253.0,Valid,Valid,Fixation
2022-11-16 15:57:43.050015,,Eye Tracker,119.0,252.0,Valid,Valid,Fixation
2022-11-16 15:57:43.066669,,Eye Tracker,123.0,255.0,Valid,Valid,Fixation
2022-11-16 15:57:43.083324,,Eye Tracker,122.0,254.0,Valid,Valid,Fixation
2022-11-16 15:57:43.099980,,Eye Tracker,122.0,254.0,Valid,Valid,Fixation
2022-11-16 15:57:43.116634,,Eye Tracker,120.0,247.0,Valid,Valid,Fixation
2022-11-16 15:57:43.133289,,Eye Tracker,116.0,244.0,Valid,Valid,Fixation
2022-11-16 15:57:43.149944,,Eye Tracker,120.0,249.0,Valid,Valid,Fixation
2022-11-16 15:57:43.166598,,Eye Tracker,125.0,248.0,Valid,Valid,Fixation
2022-11-16 15:57:43.183253,,Eye Tracker,125.0,248.0,Valid,Valid,Fixation
2022-11-16 15:57:43.199908,,Eye Tracker,114.0,245.0,Valid,Valid,Fixation
2022-11-16 15:57:43.216562,,Eye Tracker,102.0,232.0,Valid,Valid,Fixation
2022-11-16 15:57:43.233217,,Eye Tracker,97.0,232.0,Valid,Valid,Fixation
2022-11-16 15:57:43.249873,,Eye Tracker,97.0,237.0,Valid,Valid,Fixation
2022-11-16 15:57:43.266527,,Eye Tracker,93.0,237.0,Valid,Valid,Fixation
2022-11-16 15:57:43.283182,,Eye Tracker,93.0,238.0,Valid,Valid,Fixation
2022-11-16 15:57:43.299837,,Eye Tracker,99.0,234.0,Valid,Valid,Fixation
2022-11-16 15:57:43.316492,,Eye Tracker,100.0,231.0,Valid,Valid,Fixation
2022-11-16 15:57:43.333146,,Eye Tracker,96.0,239.0,Valid,Valid,Fixation
2022-11-16 15:57:43.349801,,Eye Tracker,97.0,242.0,Valid,Valid,Fixation
2022-11-16 15:57:43.366456,,Eye Tracker,100.0,238.0,Valid,Valid,Fixation
2022-11-16 15:57:43.383110,,Eye Tracker,106.0,234.0,Valid,Valid,Fixation
2022-11-16 15:57:43.399765,,Eye Tracker,106.0,229.0,Valid,Valid,Fixation
2022-11-16 15:57:43.416421,,Eye Tracker,103.0,231.0,Valid,Valid,Fixation
2022-11-16 15:57:43.433075,,Eye Tracker,102.0,233.0,Valid,Valid,Fixation
2022-11-16 15:57:43.449730,,Eye Tracker,106.0,233.0,Valid,Valid,Fixation
2022-11-16 15:57:43.466385,,Eye Tracker,110.0,234.0,Valid,Valid,Fixation
2022-11-16 15:57:43.483039,,Eye Tracker,108.0,234.0,Valid,Valid,Fixation
2022-11-16 15:57:43.499694,,Eye Tracker,107.0,235.0,Valid,Valid,Fixation
2022-11-16 15:57:43.516349,,Eye Tracker,112.0,236.0,Valid,Valid,Fixation
2022-11-16 15:57:43.533003,,Eye Tracker,112.0,231.0,Valid,Valid,Fixation
2022-11-16 15:57:43.549658,,Eye Tracker,112.0,233.0,Valid,Valid,Fixation
2022-11-16 15:57:43.566314,,Eye Tracker,115.0,233.0,Valid,Valid,Fixation
2022-11-16 15:57:43.582969,,Eye Tracker,115.0,231.0,Valid,Valid,Fixation
2022-11-16 15:57:43.599623,,Eye Tracker,116.0,234.0,Valid,Valid,Fixation
2022-11-16 15:57:43.616278,,Eye Tracker,117.0,236.0,Valid,Valid,Fixation
2022-11-16 15:57:43.632933,,Eye Tracker,116.0,234.0,Valid,Valid,Fixation
2022-11-16 15:57:43.649587,,Eye Tracker,116.0,233.0,Valid,Valid,Fixation
2022-11-16 15:57:43.666242,,Eye Tracker,117.0,233.0,Valid,Valid,Fixation
2022-11-16 15:57:43.682897,,Eye Tracker,119.0,235.0,Valid,Valid,Fixation
2022-11-16 15:57:43.699551,,Eye Tracker,119.0,236.0,Valid,Valid,Fixation
2022-11-16 15:57:43.716207,,Eye Tracker,113.0,234.0,Valid,Valid,Fixation
2022-11-16 15:57:43.732862,,Eye Tracker,114.0,232.0,Valid,Valid,Fixation
2022-11-16 15:57:43.749516,,Eye Tracker,116.0,233.0,Valid,Valid,Fixation
2022-11-16 15:57:43.766171,,Eye Tracker,114.0,230.0,Valid,Valid,Fixation
2022-11-16 15:57:43.782826,,Eye Tracker,115.0,228.0,Valid,Valid,Fixation
2022-11-16 15:57:43.799481,,Eye Tracker,121.0,228.0,Valid,Valid,Fixation
2022-11-16 15:57:43.816135,,Eye Tracker,121.0,226.0,Valid,Valid,Fixation
2022-11-16 15:57:43.832790,,Eye Tracker,115.0,228.0,Valid,Valid,Fixation
2022-11-16 15:57:43.849445,,Eye Tracker,117.0,230.0,Valid,Valid,Fixation
2022-11-16 15:57:43.866100,,Eye Tracker,118.0,225.0,Valid,Valid,Fixation
2022-11-16 15:57:43.882755,,Eye Tracker,117.0,226.0,Valid,Valid,Fixation
2022-11-16 15:57:43.899410,,Eye Tracker,118.0,228.0,Valid,Valid,Fixation
2022-11-16 15:57:43.916064,,Eye Tracker,121.0,225.0,Valid,Valid,Fixation
2022-11-16 15:57:43.932719,,Eye Tracker,122.0,226.0,Valid,Valid,Fixation
2022-11-16 15:57:43.949374,,Eye Tracker,120.0,227.0,Valid,Valid,Fixation
2022-11-16 15:57:43.966028,,Eye Tracker,119.0,224.0,Valid,Valid,Fixation
2022-11-16 15:57:43.982683,,Eye Tracker,125.0,224.0,Valid,Valid,Fixation
2022-11-16 15:57:43.999338,,Eye Tracker,125.0,224.0,Valid,Valid,Fixation
2022-11-16 15:57:44.015993,,Eye Tracker,125.0,228.0,Valid,Valid,Fixation
2022-11-16 15:57:44.032648,,Eye Tracker,126.0,229.0,Valid,Valid,Fixation
2022-11-16 15:57:44.049303,,Eye Tracker,124.0,229.0,Valid,Valid,Fixation
2022-11-16 15:57:44.065957,,Eye Tracker,119.0,226.0,Valid,Valid,Fixation
2022-11-16 15:57:44.082612,,Eye Tracker,108.0,216.0,Valid,Valid,Fixation
2022-11-16 15:57:44.099267,,Eye Tracker,112.0,214.0,Valid,Valid,Fixation
2022-11-16 15:57:44.115922,,Eye Tracker,111.0,212.0,Valid,Valid,Fixation
2022-11-16 15:57:44.132576,,Eye Tracker,103.0,213.0,Valid,Valid,Fixation
2022-11-16 15:57:44.149231,,Eye Tracker,103.0,211.0,Valid,Valid,Fixation
2022-11-16 15:57:44.165887,,Eye Tracker,106.0,205.0,Valid,Valid,Fixation
2022-11-16 15:57:44.182541,,Eye Tracker,107.0,207.0,Valid,Valid,Fixation
2022-11-16 15:57:44.199196,,Eye Tracker,107.0,209.0,Valid,Valid,Fixation
2022-11-16 15:57:44.215851,,Eye Tracker,105.0,205.0,Valid,Valid,Fixation
2022-11-16 15:57:44.232505,,Eye Tracker,106.0,207.0,Valid,Valid,Fixation
2022-11-16 15:57:44.249160,,Eye Tracker,105.0,208.0,Valid,Valid,Fixation
2022-11-16 15:57:44.265815,,Eye Tracker,111.0,209.0,Valid,Valid,Fixation
2022-11-16 15:57:44.282469,,Eye Tracker,112.0,208.0,Valid,Valid,Fixation
2022-11-16 15:57:44.299124,,Eye Tracker,111.0,208.0,Valid,Valid,Fixation
2022-11-16 15:57:44.315779,,Eye Tracker,107.0,176.0,Invalid,Valid,Fixation
2022-11-16 15:57:44.332434,,Eye Tracker,103.0,175.0,Invalid,Valid,Fixation
2022-11-16 15:57:44.349089,,Eye Tracker,101.0,172.0,Invalid,Valid,Fixation
2022-11-16 15:57:44.365744,,Eye Tracker,97.0,169.0,Invalid,Valid,Fixation
2022-11-16 15:57:44.382399,,Eye Tracker,96.0,164.0,Invalid,Valid,Fixation
2022-11-16 15:57:44.399053,,Eye Tracker,97.0,161.0,Invalid,Valid,Fixation
2022-11-16 15:57:44.415708,,Eye Tracker,95.0,164.0,Invalid,Valid,Fixation
2022-11-16 15:57:44.432363,,Eye Tracker,96.0,162.0,Invalid,Valid,Fixation
2022-11-16 15:57:44.449017,,Eye Tracker,99.0,159.0,Invalid,Valid,Fixation
2022-11-16 15:57:44.465672,,Eye Tracker,110.0,183.0,Valid,Valid,Fixation
2022-11-16 15:57:44.482328,,Eye Tracker,129.0,195.0,Valid,Valid,Fixation
2022-11-16 15:57:44.498982,,Eye Tracker,132.0,192.0,Valid,Valid,Fixation
2022-11-16 15:57:44.515637,,Eye Tracker,130.0,192.0,Valid,Valid,Fixation
2022-11-16 15:57:44.532292,,Eye Tracker,131.0,191.0,Valid,Valid,Fixation
2022-11-16 15:57:44.548946,,Eye Tracker,131.0,189.0,Valid,Valid,Fixation
2022-11-16 15:57:44.565601,,Eye Tracker,130.0,189.0,Valid,Valid,Fixation
2022-11-16 15:57:44.582256,,Eye Tracker,129.0,191.0,Valid,Valid,Fixation
2022-11-16 15:57:44.598910,,Eye Tracker,131.0,194.0,Valid,Valid,Fixation
2022-11-16 15:57:44.615565,,Eye Tracker,132.0,191.0,Valid,Valid,Fixation
2022-11-16 15:57:44.632221,,Eye Tracker,129.0,189.0,Valid,Valid,Fixation
2022-11-16 15:57:44.648876,,Eye Tracker,126.0,191.0,Valid,Valid,Fixation
2022-11-16 15:57:44.665530,,Eye Tracker,129.0,192.0,Valid,Valid,Fixation
2022-11-16 15:57:44.682185,,Eye Tracker,132.0,188.0,Valid,Valid,Fixation
2022-11-16 15:57:44.698840,,Eye Tracker,130.0,188.0,Valid,Valid,Fixation
2022-11-16 15:57:44.715494,,Eye Tracker,129.0,190.0,Valid,Valid,Fixation
2022-11-16 15:57:44.732149,,Eye Tracker,126.0,186.0,Valid,Valid,Fixation
2022-11-16 15:57:44.748804,,Eye Tracker,125.0,183.0,Valid,Valid,Fixation
2022-11-16 15:57:44.765458,,Eye Tracker,131.0,184.0,Valid,Valid,Fixation
2022-11-16 15:57:44.782114,,Eye Tracker,132.0,182.0,Valid,Valid,Fixation
2022-11-16 15:57:44.798769,,Eye Tracker,125.0,180.0,Valid,Valid,Fixation
2022-11-16 15:57:44.815423,,Eye Tracker,126.0,173.0,Valid,Valid,Fixation
2022-11-16 15:57:44.832078,,Eye Tracker,134.0,173.0,Valid,Valid,Fixation
2022-11-16 15:57:44.848733,,Eye Tracker,128.0,177.0,Valid,Valid,Fixation
2022-11-16 15:57:44.865387,,Eye Tracker,129.0,175.0,Valid,Valid,Fixation
2022-11-16 15:57:44.882042,,Eye Tracker,129.0,174.0,Valid,Valid,Fixation
2022-11-16 15:57:44.898697,,Eye Tracker,124.0,172.0,Valid,Valid,Fixation
2022-11-16 15:57:44.915352,,Eye Tracker,116.0,144.0,Valid,Valid,Saccade
2022-11-16 15:57:44.932007,,Eye Tracker,111.0,142.0,Valid,Valid,Fixation
2022-11-16 15:57:44.948662,,Eye Tracker,104.0,137.0,Valid,Valid,Fixation
2022-11-16 15:57:44.965317,,Eye Tracker,105.0,133.0,Valid,Valid,Fixation
2022-11-16 15:57:44.981971,,Eye Tracker,105.0,130.0,Valid,Valid,Fixation
2022-11-16 15:57:44.998626,,Eye Tracker,101.0,125.0,Valid,Valid,Fixation
2022-11-16 15:57:45.015281,,Eye Tracker,99.0,120.0,Valid,Valid,Fixation
2022-11-16 15:57:45.031935,,Eye Tracker,96.0,119.0,Valid,Valid,Fixation
2022-11-16 15:57:45.048590,,Eye Tracker,96.0,119.0,Valid,Valid,Fixation
2022-11-16 15:57:45.065245,,Eye Tracker,101.0,117.0,Valid,Valid,Fixation
2022-11-16 15:57:45.081900,,Eye Tracker,97.0,114.0,Valid,Valid,Fixation
2022-11-16 15:57:45.098555,,Eye Tracker,86.0,109.0,Valid,Valid,Fixation
2022-11-16 15:57:45.115210,,Eye Tracker,84.0,108.0,Valid,Valid,Fixation
2022-11-16 15:57:45.131864,,Eye Tracker,88.0,107.0,Valid,Valid,Fixation
2022-11-16 15:57:45.148519,,Eye Tracker,84.0,103.0,Valid,Valid,Fixation
2022-11-16 15:57:45.165174,,Eye Tracker,81.0,101.0,Valid,Valid,Fixation
2022-11-16 15:57:45.181829,,Eye Tracker,83.0,96.0,Valid,Valid,Fixation
2022-11-16 15:57:45.198483,,Eye Tracker,80.0,98.0,Valid,Valid,Fixation
2022-11-16 15:57:45.215138,,Eye Tracker,77.0,95.0,Valid,Valid,Fixation
2022-11-16 15:57:45.231793,,Eye Tracker,74.0,93.0,Valid,Valid,Fixation
2022-11-16 15:57:45.248448,,Eye Tracker,74.0,94.0,Valid,Valid,Fixation
2022-11-16 15:57:45.265103,,Eye Tracker,71.0,96.0,Valid,Valid,Fixation
2022-11-16 15:57:45.281758,,Eye Tracker,70.0,94.0,Valid,Valid,Fixation
2022-11-16 15:57:45.298412,,Eye Tracker,68.0,88.0,Valid,Valid,Fixation
2022-11-16 15:57:45.315067,,Eye Tracker,65.0,81.0,Valid,Valid,Fixation
2022-11-16 15:57:45.331722,,Eye Tracker,66.0,76.0,Valid,Valid,Fixation
2022-11-16 15:57:45.348376,,Eye Tracker,70.0,80.0,Valid,Valid,Fixation
2022-11-16 15:57:45.365031,,Eye Tracker,67.0,72.0,Valid,Valid,Fixation
2022-11-16 15:57:45.381686,,Eye Tracker,61.0,65.0,Valid,Valid,Fixation
2022-11-16 15:57:45.398341,,Eye Tracker,62.0,69.0,Valid,Valid,Fixation
2022-11-16 15:57:45.414996,,Eye Tracker,70.0,73.0,Valid,Valid,Fixation
2022-11-16 15:57:45.431651,,Eye Tracker,68.0,66.0,Valid,Valid,Fixation
2022-11-16 15:57:45.448306,,Eye Tracker,70.0,67.0,Valid,Valid,Fixation
2022-11-16 15:57:45.464960,,Eye Tracker,92.0,70.0,Valid,Valid,Fixation
2022-11-16 15:57:45.481615,,Eye Tracker,130.0,72.0,Valid,Valid,Saccade
2022-11-16 15:57:45.498270,,Eye Tracker,145.0,75.0,Valid,Valid,Fixation
2022-11-16 15:57:45.514924,,Eye Tracker,145.0,75.0,Valid,Valid,Fixation
2022-11-16 15:57:45.531579,,Eye Tracker,145.0,84.0,Valid,Valid,Fixation
2022-11-16 15:57:45.548235,,Eye Tracker,149.0,84.0,Valid,Valid,Fixation
2022-11-16 15:57:45.564889,,Eye Tracker,156.0,86.0,Valid,Valid,Fixation
2022-11-16 15:57:45.581544,,Eye Tracker,153.0,86.0,Valid,Valid,Fixation
2022-11-16 15:57:45.598199,,Eye Tracker,151.0,86.0,Valid,Valid,Fixation
2022-11-16 15:57:45.614853,,Eye Tracker,152.0,92.0,Valid,Valid,Fixation
2022-11-16 15:57:45.631508,,Eye Tracker,149.0,90.0,Valid,Valid,Fixation
2022-11-16 15:57:45.648163,,Eye Tracker,154.0,92.0,Valid,Valid,Fixation
2022-11-16 15:57:45.664817,,Eye Tracker,160.0,94.0,Valid,Valid,Fixation
2022-11-16 15:57:45.681472,,Eye Tracker,162.0,91.0,Valid,Valid,Fixation
2022-11-16 15:57:45.698128,,Eye Tracker,159.0,88.0,Valid,Valid,Fixation
2022-11-16 15:57:45.714783,,Eye Tracker,160.0,94.0,Valid,Valid,Fixation
2022-11-16 15:57:45.731437,,Eye Tracker,168.0,94.0,Valid,Valid,Fixation
2022-11-16 15:57:45.748092,,Eye Tracker,169.0,93.0,Valid,Valid,Fixation
2022-11-16 15:57:45.764747,,Eye Tracker,169.0,81.0,Valid,Valid,Fixation
2022-11-16 15:57:45.781401,,Eye Tracker,165.0,78.0,Valid,Valid,Fixation
2022-11-16 15:57:45.798056,,Eye Tracker,166.0,83.0,Valid,Valid,Fixation
2022-11-16 15:57:45.814711,,Eye Tracker,173.0,86.0,Valid,Valid,Fixation
2022-11-16 15:57:45.831365,,Eye Tracker,200.0,88.0,Valid,Valid,Saccade
2022-11-16 15:57:45.848021,,Eye Tracker,229.0,99.0,Valid,Valid,Saccade
2022-11-16 15:57:45.864676,,Eye Tracker,230.0,93.0,Valid,Valid,Fixation
2022-11-16 15:57:45.881330,,Eye Tracker,229.0,90.0,Valid,Valid,Fixation
2022-11-16 15:57:45.897985,,Eye Tracker,229.0,91.0,Valid,Valid,Fixation
2022-11-16 15:57:45.914640,,Eye Tracker,230.0,85.0,Valid,Valid,Fixation
2022-11-16 15:57:45.931294,,Eye Tracker,235.0,87.0,Valid,Valid,Fixation
2022-11-16 15:57:45.947949,,Eye Tracker,234.0,91.0,Valid,Valid,Fixation
2022-11-16 15:57:45.964604,,Eye Tracker,230.0,76.0,Valid,Valid,Fixation
2022-11-16 15:57:45.981259,,Eye Tracker,233.0,80.0,Valid,Valid,Fixation
2022-11-16 15:57:45.997914,,Eye Tracker,235.0,96.0,Valid,Valid,Fixation
2022-11-16 15:57:46.014569,,Eye Tracker,235.0,96.0,Valid,Valid,Fixation
2022-11-16 15:57:46.031224,,Eye Tracker,236.0,89.0,Valid,Valid,Fixation
2022-11-16 15:57:46.047878,,Eye Tracker,237.0,91.0,Valid,Valid,Fixation
2022-11-16 15:57:46.064533,,Eye Tracker,240.0,94.0,Valid,Valid,Fixation
2022-11-16 15:57:46.081188,,Eye Tracker,242.0,93.0,Valid,Valid,Fixation
2022-11-16 15:57:46.097842,,Eye Tracker,249.0,100.0,Valid,Valid,Fixation
2022-11-16 15:57:46.114497,,Eye Tracker,251.0,99.0,Valid,Valid,Fixation
2022-11-16 15:57:46.131152,,Eye Tracker,245.0,101.0,Valid,Valid,Fixation
2022-11-16 15:57:46.147807,,Eye Tracker,246.0,105.0,Valid,Valid,Fixation
2022-11-16 15:57:46.164462,,Eye Tracker,249.0,107.0,Valid,Valid,Fixation
2022-11-16 15:57:46.181117,,Eye Tracker,249.0,105.0,Valid,Valid,Fixation
2022-11-16 15:57:46.197771,,Eye Tracker,246.0,104.0,Valid,Valid,Fixation
2022-11-16 15:57:46.214426,,Eye Tracker,250.0,107.0,Valid,Valid,Fixation
2022-11-16 15:57:46.231081,,Eye Tracker,252.0,109.0,Valid,Valid,Fixation
2022-11-16 15:57:46.247736,,Eye Tracker,294.0,116.0,Valid,Valid,Saccade
2022-11-16 15:57:46.264390,,Eye Tracker,323.0,124.0,Valid,Valid,Saccade
2022-11-16 15:57:46.281045,,Eye Tracker,318.0,126.0,Valid,Valid,Fixation
2022-11-16 15:57:46.297700,,Eye Tracker,313.0,121.0,Valid,Valid,Fixation
2022-11-16 15:57:46.314355,,Eye Tracker,315.0,119.0,Valid,Valid,Fixation
2022-11-16 15:57:46.331010,,Eye Tracker,318.0,119.0,Valid,Valid,Fixation
2022-11-16 15:57:46.347665,,Eye Tracker,319.0,125.0,Valid,Valid,Fixation
2022-11-16 15:57:46.364319,,Eye Tracker,321.0,128.0,Valid,Valid,Fixation
2022-11-16 15:57:46.380974,,Eye Tracker,325.0,126.0,Valid,Valid,Fixation
2022-11-16 15:57:46.397629,,Eye Tracker,328.0,131.0,Valid,Valid,Fixation
2022-11-16 15:57:46.414283,,Eye Tracker,326.0,132.0,Valid,Valid,Fixation
2022-11-16 15:57:46.430938,,Eye Tracker,331.0,117.0,Valid,Valid,Fixation
2022-11-16 15:57:46.447593,,Eye Tracker,339.0,117.0,Valid,Valid,Fixation
2022-11-16 15:57:46.464248,,Eye Tracker,338.0,127.0,Valid,Valid,Fixation
2022-11-16 15:57:46.480903,,Eye Tracker,337.0,128.0,Valid,Valid,Fixation
2022-11-16 15:57:46.497558,,Eye Tracker,338.0,126.0,Valid,Valid,Fixation
2022-11-16 15:57:46.514213,,Eye Tracker,339.0,123.0,Valid,Valid,Fixation
2022-11-16 15:57:46.530867,,Eye Tracker,341.0,119.0,Valid,Valid,Fixation
2022-11-16 15:57:46.547522,,Eye Tracker,342.0,115.0,Valid,Valid,Fixation
2022-11-16 15:57:46.564177,,Eye Tracker,343.0,125.0,Valid,Valid,Fixation
2022-11-16 15:57:46.580831,,Eye Tracker,340.0,126.0,Valid,Valid,Fixation
2022-11-16 15:57:46.597486,,Eye Tracker,341.0,122.0,Valid,Valid,Fixation
2022-11-16 15:57:46.614142,,Eye Tracker,345.0,128.0,Valid,Valid,Fixation
2022-11-16 15:57:46.630796,,Eye Tracker,343.0,122.0,Valid,Valid,Fixation
2022-11-16 15:57:46.647451,,Eye Tracker,345.0,122.0,Valid,Valid,Fixation
2022-11-16 15:57:46.664106,,Eye Tracker,344.0,128.0,Valid,Valid,Fixation
2022-11-16 15:57:46.680760,,Eye Tracker,342.0,124.0,Valid,Valid,Fixation
2022-11-16 15:57:46.697415,,Eye Tracker,348.0,129.0,Valid,Valid,Fixation
2022-11-16 15:57:46.714070,,Eye Tracker,351.0,132.0,Valid,Valid,Fixation
2022-11-16 15:57:46.730724,,Eye Tracker,349.0,131.0,Valid,Valid,Fixation
2022-11-16 15:57:46.747379,,Eye Tracker,349.0,129.0,Valid,Valid,Fixation
2022-11-16 15:57:46.764035,,Eye Tracker,349.0,127.0,Valid,Valid,Fixation
2022-11-16 15:57:46.780690,,Eye Tracker,351.0,126.0,Valid,Valid,Fixation
2022-11-16 15:57:46.797344,,Eye Tracker,391.0,119.0,Valid,Valid,Saccade
2022-11-16 15:57:46.813999,,Eye Tracker,457.0,119.0,Valid,Valid,Saccade
2022-11-16 15:57:46.830654,,Eye Tracker,467.0,125.0,Valid,Valid,Fixation
2022-11-16 15:57:46.847308,,Eye Tracker,462.0,122.0,Valid,Valid,Fixation
2022-11-16 15:57:46.863963,,Eye Tracker,462.0,120.0,Valid,Valid,Fixation
2022-11-16 15:57:46.880618,,Eye Tracker,468.0,118.0,Valid,Valid,Fixation
2022-11-16 15:57:46.897272,,Eye Tracker,469.0,120.0,Valid,Valid,Fixation
2022-11-16 15:57:46.913928,,Eye Tracker,468.0,123.0,Valid,Valid,Fixation
2022-11-16 15:57:46.930583,,Eye Tracker,470.0,125.0,Valid,Valid,Fixation
2022-11-16 15:57:46.947237,,Eye Tracker,476.0,128.0,Valid,Valid,Fixation
2022-11-16 15:57:46.963892,,Eye Tracker,476.0,131.0,Valid,Valid,Fixation
2022-11-16 15:57:46.980547,,Eye Tracker,471.0,131.0,Valid,Valid,Fixation
2022-11-16 15:57:46.997201,,Eye Tracker,472.0,130.0,Valid,Valid,Fixation
2022-11-16 15:57:47.013856,,Eye Tracker,479.0,129.0,Valid,Valid,Fixation
2022-11-16 15:57:47.030512,,Eye Tracker,478.0,130.0,Valid,Valid,Fixation
2022-11-16 15:57:47.047167,,Eye Tracker,476.0,130.0,Valid,Valid,Fixation
2022-11-16 15:57:47.063821,,Eye Tracker,480.0,133.0,Valid,Valid,Fixation
2022-11-16 15:57:47.080476,,Eye Tracker,479.0,135.0,Valid,Valid,Fixation
2022-11-16 15:57:47.097131,,Eye Tracker,479.0,135.0,Valid,Valid,Fixation
2022-11-16 15:57:47.113785,,Eye Tracker,484.0,133.0,Valid,Valid,Fixation
2022-11-16 15:57:47.130440,,Eye Tracker,482.0,133.0,Valid,Valid,Fixation
2022-11-16 15:57:47.147095,,Eye Tracker,481.0,135.0,Valid,Valid,Fixation
2022-11-16 15:57:47.163749,,Eye Tracker,486.0,136.0,Valid,Valid,Fixation
2022-11-16 15:57:47.180405,,Eye Tracker,484.0,138.0,Valid,Valid,Fixation
2022-11-16 15:57:47.197060,,Eye Tracker,483.0,140.0,Valid,Valid,Fixation
2022-11-16 15:57:47.213714,,Eye Tracker,488.0,142.0,Valid,Valid,Fixation
2022-11-16 15:57:47.230369,,Eye Tracker,489.0,145.0,Valid,Valid,Fixation
2022-11-16 15:57:47.247024,,Eye Tracker,489.0,145.0,Valid,Valid,Fixation
2022-11-16 15:57:47.263678,,Eye Tracker,488.0,142.0,Valid,Valid,Fixation
2022-11-16 15:57:47.280333,,Eye Tracker,488.0,142.0,Valid,Valid,Fixation
2022-11-16 15:57:47.296988,,Eye Tracker,491.0,143.0,Valid,Valid,Fixation
2022-11-16 15:57:47.313643,,Eye Tracker,493.0,139.0,Valid,Valid,Fixation
2022-11-16 15:57:47.330298,,Eye Tracker,492.0,136.0,Valid,Valid,Fixation
2022-11-16 15:57:47.346953,,Eye Tracker,492.0,138.0,Valid,Valid,Fixation
2022-11-16 15:57:47.363608,,Eye Tracker,493.0,140.0,Valid,Valid,Fixation
2022-11-16 15:57:47.380262,,Eye Tracker,494.0,140.0,Valid,Valid,Fixation
2022-11-16 15:57:47.396917,,Eye Tracker,523.0,143.0,Valid,Valid,Saccade
2022-11-16 15:57:47.413573,,Eye Tracker,560.0,140.0,Valid,Valid,Saccade
2022-11-16 15:57:47.430227,,Eye Tracker,569.0,133.0,Valid,Valid,Fixation
2022-11-16 15:57:47.446882,,Eye Tracker,569.0,130.0,Valid,Valid,Fixation
2022-11-16 15:57:47.463537,,Eye Tracker,564.0,129.0,Valid,Valid,Fixation
2022-11-16 15:57:47.480191,,Eye Tracker,566.0,130.0,Valid,Valid,Fixation
2022-11-16 15:57:47.496846,,Eye Tracker,567.0,128.0,Valid,Valid,Fixation
2022-11-16 15:57:47.513501,,Eye Tracker,567.0,130.0,Valid,Valid,Fixation
2022-11-16 15:57:47.530156,,Eye Tracker,570.0,130.0,Valid,Valid,Fixation
2022-11-16 15:57:47.546811,,Eye Tracker,569.0,130.0,Valid,Valid,Fixation
2022-11-16 15:57:47.563466,,Eye Tracker,572.0,135.0,Valid,Valid,Fixation
2022-11-16 15:57:47.580121,,Eye Tracker,576.0,135.0,Valid,Valid,Fixation
2022-11-16 15:57:47.596775,,Eye Tracker,569.0,136.0,Valid,Valid,Fixation
2022-11-16 15:57:47.613430,,Eye Tracker,565.0,139.0,Valid,Valid,Fixation
2022-11-16 15:57:47.630085,,Eye Tracker,572.0,139.0,Valid,Valid,Fixation
2022-11-16 15:57:47.646739,,Eye Tracker,577.0,141.0,Valid,Valid,Fixation
2022-11-16 15:57:47.663394,,Eye Tracker,575.0,141.0,Valid,Valid,Fixation
2022-11-16 15:57:47.680050,,Eye Tracker,571.0,141.0,Valid,Valid,Fixation
2022-11-16 15:57:47.696704,,Eye Tracker,574.0,141.0,Valid,Valid,Fixation
2022-11-16 15:57:47.713359,,Eye Tracker,576.0,141.0,Valid,Valid,Fixation
2022-11-16 15:57:47.730014,,Eye Tracker,576.0,143.0,Valid,Valid,Fixation
2022-11-16 15:57:47.746668,,Eye Tracker,574.0,141.0,Valid,Valid,Fixation
2022-11-16 15:57:47.763323,,Eye Tracker,591.0,135.0,Valid,Valid,Fixation
2022-11-16 15:57:47.779978,,Eye Tracker,610.0,131.0,Valid,Valid,Fixation
2022-11-16 15:57:47.796632,,Eye Tracker,610.0,139.0,Valid,Valid,Fixation
2022-11-16 15:57:47.813287,,Eye Tracker,616.0,134.0,Valid,Valid,Fixation
2022-11-16 15:57:47.829943,,Eye Tracker,610.0,125.0,Valid,Valid,Fixation
2022-11-16 15:57:47.846598,,Eye Tracker,613.0,128.0,Valid,Valid,Fixation
2022-11-16 15:57:47.863252,,Eye Tracker,616.0,130.0,Valid,Valid,Fixation
2022-11-16 15:57:47.879907,,Eye Tracker,615.0,137.0,Valid,Valid,Fixation
2022-11-16 15:57:47.896562,,Eye Tracker,618.0,128.0,Valid,Valid,Fixation
2022-11-16 15:57:47.913216,,Eye Tracker,617.0,124.0,Valid,Valid,Fixation
2022-11-16 15:57:47.929871,,Eye Tracker,623.0,121.0,Valid,Valid,Fixation
2022-11-16 15:57:47.946526,,Eye Tracker,621.0,117.0,Valid,Valid,Fixation
2022-11-16 15:57:47.963180,,Eye Tracker,613.0,132.0,Valid,Valid,Fixation
2022-11-16 15:57:47.979836,,Eye Tracker,616.0,133.0,Valid,Valid,Fixation
2022-11-16 15:57:47.996491,,Eye Tracker,620.0,119.0,Valid,Valid,Fixation
2022-11-16 15:57:48.013145,,Eye Tracker,620.0,120.0,Valid,Valid,Fixation
2022-11-16 15:57:48.029800,,Eye Tracker,621.0,112.0,Valid,Valid,Fixation
2022-11-16 15:57:48.046455,,Eye Tracker,622.0,111.0,Valid,Valid,Fixation
2022-11-16 15:57:48.063110,,Eye Tracker,626.0,137.0,Valid,Valid,Saccade
2022-11-16 15:57:48.079764,,Eye Tracker,626.0,137.0,Valid,Valid,Unclassified
2022-11-16 15:57:48.096419,,Eye Tracker,626.0,137.0,Valid,Valid,Unclassified
2022-11-16 15:57:48.113074,,Eye Tracker,625.0,136.0,Valid,Valid,Unclassified
2022-11-16 15:57:48.129728,,Eye Tracker,615.0,105.0,Valid,Valid,Saccade
2022-11-16 15:57:48.146384,,Eye Tracker,620.0,105.0,Valid,Valid,Unclassified
2022-11-16 15:57:48.163039,,Eye Tracker,624.0,105.0,Valid,Valid,Unclassified
2022-11-16 15:57:48.179693,,Eye Tracker,625.0,130.0,Valid,Valid,Saccade
2022-11-16 15:57:48.196348,,Eye Tracker,633.0,200.0,Valid,Valid,Saccade
2022-11-16 15:57:48.213003,,Eye Tracker,,,Invalid,Invalid,EyesNotFound
2022-11-16 15:57:48.229657,,Eye Tracker,,,Invalid,Invalid,EyesNotFound
2022-11-16 15:57:48.246313,,Eye Tracker,,,Invalid,Invalid,EyesNotFound
2022-11-16 15:57:48.262968,,Eye Tracker,658.0,1006.0,Invalid,Valid,Unclassified
2022-11-16 15:57:48.279622,,Eye Tracker,658.0,1006.0,Invalid,Valid,Unclassified
