Recording timestamp,Event,Sensor,Gaze point X,Gaze point Y,Validity left,Validity right,Eye movement type
1669787027.889,MouseEvent,,-44.666666666666664,80.66666666666667,,,Fixation
1669787027.906076,,Mouse,-43.333333333333336,80.33333333333333,,,Fixation
1669787027.92273,,Eye Tracker,-42.0,80.0,Valid,Valid,Fixation
1669787027.9539979,,Eye Tracker,-44.0,79.0,Valid,Valid,Fixation
1669787027.970653,,Eye Tracker,-38.0,87.0,Valid,Valid,Fixation
1669787027.987308,,Eye Tracker,-38.0,93.0,Valid,Valid,Fixation
1669787028.02069,,Eye Tracker,-38.0,86.0,Valid,Valid,Fixation
1669787028.037344,,Eye Tracker,-32.0,90.0,Valid,Valid,Fixation
1669787028.053999,,Eye Tracker,-30.0,95.0,Valid,Valid,Fixation
1669787028.070654,,Eye Tracker,-35.0,92.0,Valid,Valid,Fixation
1669787028.087308,,Eye Tracker,-43.0,91.0,Valid,Valid,Fixation
1669787028.103963,,Eye Tracker,-39.0,92.0,Valid,Valid,Fixation
1669787028.1206179,,Eye Tracker,-21.0,92.0,Valid,Valid,Fixation
1669787028.137272,,Eye Tracker,-15.0,97.0,Valid,Valid,Fixation
1669787028.1539268,,Eye Tracker,-12.0,114.0,Valid,Valid,Fixation
1669787028.170582,,Eye Tracker,-16.0,113.0,Valid,Valid,Fixation
1669787028.1872358,,Eye Tracker,-23.0,97.0,Valid,Valid,Fixation
1669787028.203891,,Eye Tracker,-20.0,102.0,Valid,Valid,Fixation
1669787028.220546,,Eye Tracker,-15.0,109.0,Valid,Valid,Fixation
1669787028.2372,,Eye Tracker,-12.0,110.0,Valid,Valid,Fixation
1669787028.253856,,Eye Tracker,-10.0,104.0,Valid,Valid,Fixation
1669787028.270511,,Eye Tracker,-8.0,106.0,Valid,Valid,Fixation
1669787028.273635,,Eye Tracker,-4.0,119.0,Valid,Valid,Fixation
1669787028.2871659,,Eye Tracker,-2.0,118.0,Valid,Valid,Fixation
1669787028.30382,,Mouse,-1.6666666666666667,118.33333333333333,,,Fixation
1669787028.3204749,,Mouse,-1.3333333333333335,118.66666666666667,,,Fixation
1669787028.3371298,,Eye Tracker,-1.0,119.0,Valid,Valid,Fixation
1669787028.3537838,,Mouse,-0.33333333333333337,121.0,,,Fixation
1669787028.370439,,Mouse,0.33333333333333326,123.0,,,Fixation
1669787028.387094,,Eye Tracker,1.0,125.0,Valid,Valid,Fixation
1669787028.403748,,Eye Tracker,0.0,116.0,Valid,Valid,Fixation
1669787028.420403,,Mouse,1.3333333333333333,116.0,,,Fixation
1669787028.437058,,Mouse,2.6666666666666665,116.0,,,Fixation
1669787028.453712,,Eye Tracker,4.0,116.0,Valid,Valid,Fixation
1669787028.470367,,Eye Tracker,9.0,142.0,Valid,Valid,Fixation
1669787028.4870229,,Mouse,9.0,141.5,,,Fixation
1669787028.503677,,Eye Tracker,9.0,141.0,Valid,Valid,Fixation
1669787028.5203319,,Eye Tracker,6.0,128.0,Valid,Valid,Fixation
1669787028.5369868,,Eye Tracker,7.0,131.0,Valid,Valid,Fixation
1669787028.553642,,Eye Tracker,22.0,137.0,Valid,Valid,Fixation
1669787028.570296,,Mouse,26.0,140.0,,,Fixation
1669787028.586951,,Eye Tracker,30.0,143.0,Valid,Valid,Fixation
1669787028.603606,,Eye Tracker,29.0,142.0,Valid,Valid,Fixation
1669787028.62026,,Mouse,27.5,141.5,,,Fixation
1669787028.636915,,Eye Tracker,26.0,141.0,Valid,Valid,Fixation
1669787028.65357,,Eye Tracker,18.0,143.0,Valid,Valid,Fixation
1669787028.670224,,Eye Tracker,20.0,143.0,Valid,Valid,Fixation
1669787028.673609,,Eye Tracker,38.0,143.0,Valid,Valid,Fixation
1669787028.686879,,Eye Tracker,38.0,140.0,Valid,Valid,Fixation
1669787028.689646,,Eye Tracker,31.0,141.0,Valid,Valid,Fixation
1669787028.703534,,Eye Tracker,42.0,135.0,Valid,Valid,Fixation
1669787028.7056189,,Eye Tracker,44.0,128.0,Valid,Valid,Fixation
1669787028.7201889,,Eye Tracker,39.0,129.0,Valid,Valid,Fixation
1669787028.721613,,Eye Tracker,47.0,134.0,Valid,Valid,Fixation
1669787028.7368438,,Eye Tracker,48.0,136.0,Valid,Valid,Fixation
1669787028.737612,,Eye Tracker,47.0,138.0,Valid,Valid,Fixation
1669787028.753499,,Eye Tracker,53.0,146.0,Valid,Valid,Fixation
1669787028.770153,,Eye Tracker,57.0,148.0,Valid,Valid,Fixation
1669787028.786808,,Eye Tracker,56.0,147.0,Valid,Valid,Fixation
1669787028.803463,,Eye Tracker,56.0,147.0,Valid,Valid,Fixation
1669787028.820118,,Eye Tracker,58.0,153.0,Valid,Valid,Fixation
1669787028.836772,,Eye Tracker,61.0,151.0,Valid,Valid,Fixation
1669787028.853427,,Eye Tracker,61.0,147.0,Valid,Valid,Fixation
1669787028.860339,,Eye Tracker,60.0,155.0,Valid,Valid,Fixation
1669787028.870082,,Eye Tracker,62.0,157.0,Valid,Valid,Fixation
1669787028.886736,,Eye Tracker,67.0,154.0,Valid,Valid,Fixation
1669787028.903391,,Eye Tracker,68.0,152.0,Valid,Valid,Fixation
1669787028.9200459,,Eye Tracker,69.0,154.0,Valid,Valid,Fixation
1669787028.9366999,,Eye Tracker,73.0,157.0,Valid,Valid,Fixation
1669787028.953356,,Eye Tracker,72.0,158.0,Valid,Valid,Fixation
1669787028.970011,,Eye Tracker,74.0,158.0,Valid,Valid,Fixation
1669787028.986665,,Eye Tracker,76.0,160.0,Valid,Valid,Fixation
1669787029.00332,,Eye Tracker,76.0,161.0,Valid,Valid,Fixation
1669787029.019975,,Eye Tracker,81.0,165.0,Valid,Valid,Fixation
1669787029.036629,,Eye Tracker,81.0,164.0,Valid,Valid,Fixation
1669787029.053284,,Eye Tracker,87.0,162.0,Valid,Valid,Fixation
1669787029.065929,,Eye Tracker,85.0,166.0,Valid,Valid,Fixation
1669787029.069939,,Eye Tracker,84.0,169.0,Valid,Valid,Fixation
1669787029.0821369,,Eye Tracker,85.0,169.0,Valid,Valid,Fixation
1669787029.0865939,,Eye Tracker,84.0,166.0,Valid,Valid,Fixation
1669787029.09782,,Eye Tracker,82.0,168.0,Valid,Valid,Fixation
1669787029.103248,,Eye Tracker,84.0,167.0,Valid,Valid,Fixation
1669787029.113957,,Eye Tracker,86.0,164.0,Valid,Valid,Fixation
1669787029.1199028,,Eye Tracker,82.0,165.0,Valid,Valid,Fixation
1669787029.136558,,Eye Tracker,86.0,172.0,Valid,Valid,Fixation
1669787029.1532118,,Eye Tracker,90.0,174.0,Valid,Valid,Fixation
1669787029.169822,,Eye Tracker,87.0,173.0,Valid,Valid,Fixation
1669787029.169867,,Eye Tracker,89.0,179.0,Valid,Valid,Fixation
1669787029.185714,,Eye Tracker,93.0,178.0,Valid,Valid,Fixation
1669787029.186523,,Eye Tracker,95.0,174.0,Valid,Valid,Fixation
1669787029.203177,,Eye Tracker,92.0,175.0,Valid,Valid,Fixation
1669787029.219832,,Eye Tracker,89.0,174.0,Valid,Valid,Fixation
1669787029.236487,,Eye Tracker,89.0,170.0,Valid,Valid,Fixation
1669787029.253141,,Eye Tracker,92.0,173.0,Valid,Valid,Fixation
1669787029.265806,,Eye Tracker,94.0,176.0,Valid,Valid,Fixation
1669787029.269796,,Eye Tracker,93.0,177.0,Valid,Valid,Fixation
1669787029.281801,,Eye Tracker,88.0,174.0,Valid,Valid,Fixation
1669787029.2864509,,Eye Tracker,82.0,174.0,Valid,Valid,Fixation
1669787029.297795,,Eye Tracker,83.0,175.0,Valid,Valid,Fixation
1669787029.3031049,,Eye Tracker,84.0,178.0,Valid,Valid,Fixation
1669787029.313643,,Eye Tracker,86.0,180.0,Valid,Valid,Fixation
1669787029.3197598,,Mouse,86.33333333333333,178.66666666666666,,,Fixation
1669787029.32968,,Mouse,86.66666666666667,177.33333333333334,,,Fixation
1669787029.336415,,Eye Tracker,87.0,176.0,Valid,Valid,Fixation
1669787029.345648,,Eye Tracker,87.0,181.0,Valid,Valid,Fixation
1669787029.35307,,Eye Tracker,87.0,182.0,Valid,Valid,Fixation
1669787029.3616529,,Eye Tracker,88.0,179.0,Valid,Valid,Fixation
1669787029.369724,,Eye Tracker,95.0,185.0,Valid,Valid,Fixation
1669787029.377686,,Eye Tracker,96.0,184.0,Valid,Valid,Fixation
1669787029.386379,,Eye Tracker,91.0,176.0,Valid,Valid,Fixation
1669787029.403034,,Eye Tracker,90.0,176.0,Valid,Valid,Fixation
1669787029.419689,,Eye Tracker,89.0,177.0,Valid,Valid,Fixation
1669787029.4336839,,Eye Tracker,88.0,176.0,Valid,Valid,Fixation
1669787029.436344,,Eye Tracker,88.0,181.0,Valid,Valid,Fixation
1669787029.4496799,,Eye Tracker,87.0,184.0,Valid,Valid,Fixation
1669787029.4529989,,Mouse,88.66666666666667,183.33333333333334,,,Fixation
1669787029.4656188,,Mouse,90.33333333333333,182.66666666666666,,,Fixation
1669787029.469653,,Eye Tracker,92.0,182.0,Valid,Valid,Fixation
1669787029.481629,,Eye Tracker,95.0,181.0,Valid,Valid,Fixation
1669787029.4863079,,Eye Tracker,92.0,185.0,Valid,Valid,Fixation
1669787029.4977589,,Eye Tracker,87.0,183.0,Valid,Valid,Fixation
1669787029.5029628,,Eye Tracker,87.0,180.0,Valid,Valid,Fixation
1669787029.513753,,Eye Tracker,93.0,181.0,Valid,Valid,Fixation
1669787029.5196168,,Eye Tracker,92.0,178.0,Valid,Valid,Fixation
1669787029.529734,,Eye Tracker,90.0,183.0,Valid,Valid,Fixation
1669787029.536272,,Eye Tracker,90.0,186.0,Valid,Valid,Fixation
1669787029.5457509,,Eye Tracker,91.0,187.0,Valid,Valid,Fixation
1669787029.552927,,Eye Tracker,91.0,188.0,Valid,Valid,Fixation
1669787029.5617568,,Eye Tracker,93.0,185.0,Valid,Valid,Fixation
1669787029.569581,,Eye Tracker,94.0,188.0,Valid,Valid,Fixation
1669787029.5777528,,Eye Tracker,94.0,191.0,Valid,Valid,Fixation
1669787029.586236,,Eye Tracker,97.0,191.0,Valid,Valid,Fixation
1669787029.593756,,Eye Tracker,97.0,193.0,Valid,Valid,Fixation
1669787029.602891,,Eye Tracker,101.0,191.0,Valid,Valid,Fixation
1669787029.609745,,Eye Tracker,98.0,188.0,Valid,Valid,Fixation
1669787029.619546,,Eye Tracker,93.0,186.0,Valid,Valid,Fixation
1669787029.633597,,Eye Tracker,93.0,187.0,Valid,Valid,Fixation
1669787029.6362,,Eye Tracker,89.0,185.0,Valid,Valid,Fixation
1669787029.6528559,,Eye Tracker,89.0,188.0,Valid,Valid,Fixation
1669787029.6695108,,Eye Tracker,88.0,192.0,Valid,Valid,Fixation
1669787029.6861649,,Eye Tracker,88.0,192.0,Valid,Valid,Fixation
1669787029.7028198,,Eye Tracker,88.0,196.0,Valid,Valid,Fixation
1669787029.719475,,Eye Tracker,89.0,196.0,Valid,Valid,Fixation
1669787029.729832,,Eye Tracker,92.0,202.0,Valid,Valid,Fixation
1669787029.736129,,Eye Tracker,91.0,201.0,Valid,Valid,Fixation
1669787029.752784,,Eye Tracker,92.0,199.0,Valid,Valid,Fixation
1669787029.753754,,Eye Tracker,94.0,199.0,Valid,Valid,Fixation
1669787029.769439,,Eye Tracker,92.0,198.0,Valid,Valid,Fixation
1669787029.777672,,Eye Tracker,90.0,199.0,Valid,Valid,Fixation
1669787029.786093,,Eye Tracker,91.0,197.0,Valid,Valid,Fixation
1669787029.802748,,Eye Tracker,94.0,195.0,Valid,Valid,Fixation
1669787029.810056,,Eye Tracker,96.0,197.0,Valid,Valid,Fixation
1669787029.819403,,Eye Tracker,97.0,198.0,Valid,Valid,Fixation
1669787029.836057,,Eye Tracker,98.0,198.0,Valid,Valid,Fixation
1669787029.841815,,Eye Tracker,99.0,201.0,Valid,Valid,Fixation
1669787029.852712,,Eye Tracker,99.0,201.0,Valid,Valid,Fixation
1669787029.869367,,Eye Tracker,98.0,199.0,Valid,Valid,Fixation
1669787029.886023,,Eye Tracker,98.0,196.0,Valid,Valid,Fixation
1669787029.8980079,,Eye Tracker,99.0,202.0,Valid,Valid,Fixation
1669787029.9026768,,Eye Tracker,99.0,202.0,Valid,Valid,Fixation
1669787029.919332,,Eye Tracker,98.0,201.0,Valid,Valid,Fixation
1669787029.935987,,Eye Tracker,102.0,204.0,Valid,Valid,Fixation
1669787029.952641,,Eye Tracker,103.0,205.0,Valid,Valid,Fixation
1669787029.969296,,Eye Tracker,102.0,201.0,Valid,Valid,Fixation
1669787029.985951,,Eye Tracker,100.0,200.0,Valid,Valid,Fixation
1669787030.002605,,Eye Tracker,102.0,204.0,Valid,Valid,Fixation
1669787030.01926,,Eye Tracker,103.0,206.0,Valid,Valid,Fixation
1669787030.035915,,Eye Tracker,101.0,210.0,Valid,Valid,Fixation
1669787030.052569,,Eye Tracker,101.0,205.0,Valid,Valid,Fixation
1669787030.0692239,,Eye Tracker,103.0,203.0,Valid,Valid,Fixation
1669787030.0858788,,Eye Tracker,103.0,208.0,Valid,Valid,Fixation
1669787030.1025329,,Eye Tracker,103.0,205.0,Valid,Valid,Fixation
1669787030.119189,,Eye Tracker,104.0,207.0,Valid,Valid,Fixation
1669787030.135844,,Eye Tracker,104.0,206.0,Valid,Valid,Fixation
1669787030.152499,,Eye Tracker,104.0,206.0,Valid,Valid,Fixation
1669787030.169153,,Eye Tracker,102.0,206.0,Valid,Valid,Fixation
1669787030.185808,,Eye Tracker,101.0,200.0,Valid,Valid,Fixation
1669787030.202463,,Mouse,101.0,203.5,,,Fixation
1669787030.219117,,Eye Tracker,101.0,207.0,Valid,Valid,Fixation
1669787030.235772,,Eye Tracker,105.0,212.0,Valid,Valid,Fixation
1669787030.2524269,,Mouse,105.0,212.0,,,Fixation
1669787030.2690809,,Eye Tracker,105.0,212.0,Valid,Valid,Fixation
1669787030.2857358,MouseEvent,,104.25,212.0,,,Fixation
1669787030.302391,,Mouse,103.5,212.0,,,Fixation
1669787030.3190448,,Mouse,102.75,212.0,,,Fixation
1669787030.3357,,Eye Tracker,102.0,212.0,Valid,Valid,Fixation
1669787030.352356,,Eye Tracker,101.0,214.0,Valid,Valid,Fixation
1669787030.36901,,Mouse,101.5,213.5,,,Fixation
1669787030.385665,,Eye Tracker,102.0,213.0,Valid,Valid,Fixation
1669787030.40232,,Eye Tracker,106.0,208.0,Valid,Valid,Fixation
1669787030.4189749,,Mouse,105.5,209.0,,,Fixation
1669787030.435629,,Eye Tracker,105.0,210.0,Valid,Valid,Fixation
1669787030.452283,,Eye Tracker,100.0,212.0,Valid,Valid,Fixation
1669787030.4689379,,Mouse,100.5,210.5,,,Fixation
1669787030.485592,,Eye Tracker,101.0,209.0,Valid,Valid,Fixation
1669787030.5022469,,Mouse,103.0,206.5,,,Fixation
1669787030.513761,,Eye Tracker,105.0,204.0,Valid,Valid,Fixation
1669787030.513761,,Eye Tracker,105.0,203.0,Valid,Valid,Fixation
1669787030.5189018,,Mouse,106.0,205.0,,,Fixation
1669787030.5355558,,Eye Tracker,107.0,207.0,Valid,Valid,Fixation
1669787030.552211,,Mouse,106.0,207.5,,,Fixation
1669787030.568866,,Eye Tracker,105.0,208.0,Valid,Valid,Fixation
1669787030.585521,,Eye Tracker,105.0,208.0,Valid,Valid,Fixation
1669787030.593786,,Eye Tracker,105.0,207.0,Valid,Valid,Fixation
1669787030.593786,,Eye Tracker,104.0,207.0,Valid,Valid,Fixation
1669787030.602176,,Eye Tracker,105.0,208.0,Valid,Valid,Fixation
1669787030.618831,,Eye Tracker,103.0,208.0,Valid,Valid,Fixation
1669787030.635485,,Eye Tracker,102.0,209.0,Valid,Valid,Fixation
1669787030.65214,,Eye Tracker,102.0,205.0,Valid,Valid,Fixation
1669787030.6687949,,Eye Tracker,105.0,205.0,Valid,Valid,Fixation
1669787030.6854498,,Eye Tracker,104.0,206.0,Valid,Valid,Fixation
1669787030.7021039,,Eye Tracker,102.0,204.0,Valid,Valid,Fixation
1669787030.7187588,,Eye Tracker,101.0,204.0,Valid,Valid,Fixation
1669787030.735414,,Eye Tracker,102.0,203.0,Valid,Valid,Fixation
1669787030.752068,,Eye Tracker,101.0,197.0,Valid,Valid,Fixation
1669787030.768723,,Eye Tracker,100.0,198.0,Valid,Valid,Fixation
1669787030.785378,,Eye Tracker,100.0,204.0,Valid,Valid,Fixation
1669787030.802032,,Eye Tracker,100.0,203.0,Valid,Valid,Fixation
1669787030.818688,,Eye Tracker,101.0,199.0,Valid,Valid,Fixation
1669787030.835342,,Eye Tracker,111.0,199.0,Valid,Valid,Fixation
1669787030.851996,,Eye Tracker,122.0,183.0,Valid,Valid,Fixation
1669787030.868651,,Eye Tracker,117.0,187.0,Valid,Valid,Fixation
1669787030.885306,,Eye Tracker,109.0,228.0,Valid,Valid,Fixation
1669787030.90196,,Eye Tracker,109.0,222.0,Valid,Valid,Fixation
1669787030.9186149,,Eye Tracker,110.0,209.0,Valid,Valid,Fixation
1669787030.9352698,MouseEvent,,110.33333333333333,210.66666666666666,,,Fixation
1669787030.951925,,Mouse,110.66666666666667,212.33333333333334,,,Fixation
1669787030.968579,,Eye Tracker,111.0,214.0,Valid,Valid,Fixation
1669787030.985234,,Eye Tracker,114.0,206.0,Valid,Valid,Fixation
1669787031.001889,,Eye Tracker,118.0,207.0,Valid,Valid,Fixation
1669787031.018543,,Eye Tracker,123.0,214.0,Valid,Valid,Fixation
1669787031.035198,,Eye Tracker,119.0,212.0,Valid,Valid,Fixation
1669787031.051854,,Eye Tracker,122.0,210.0,Valid,Valid,Fixation
1669787031.068508,,Eye Tracker,125.0,212.0,Valid,Valid,Fixation
1669787031.0851629,,Eye Tracker,119.0,213.0,Valid,Valid,Fixation
1669787031.1018178,,Eye Tracker,119.0,211.0,Valid,Valid,Fixation
1669787031.1184719,,Eye Tracker,122.0,216.0,Valid,Valid,Fixation
1669787031.1351268,,Eye Tracker,122.0,216.0,Valid,Valid,Fixation
1669787031.151782,,Eye Tracker,121.0,211.0,Valid,Valid,Fixation
1669787031.168436,,Eye Tracker,120.0,212.0,Valid,Valid,Fixation
1669787031.185091,,Eye Tracker,131.0,214.0,Valid,Valid,Fixation
1669787031.201746,,Eye Tracker,124.0,212.0,Valid,Valid,Fixation
1669787031.2184,,Eye Tracker,116.0,203.0,Valid,Valid,Fixation
1669787031.235054,,Eye Tracker,117.0,202.0,Valid,Valid,Fixation
1669787031.25171,,Eye Tracker,111.0,210.0,Valid,Valid,Fixation
1669787031.268365,,Eye Tracker,112.0,212.0,Valid,Valid,Fixation
1669787031.285019,,Eye Tracker,115.0,211.0,Valid,Valid,Fixation
1669787031.301674,,Eye Tracker,114.0,205.0,Valid,Valid,Fixation
1669787031.3183289,,Eye Tracker,107.0,207.0,Valid,Valid,Fixation
1669787031.3349829,,Eye Tracker,106.0,208.0,Valid,Valid,Fixation
1669787031.3516378,,Mouse,107.5,208.5,,,Fixation
1669787031.368293,,Eye Tracker,109.0,209.0,Valid,Valid,Fixation
1669787031.3849468,,Mouse,111.5,210.0,,,Fixation
1669787031.401602,,Eye Tracker,114.0,211.0,Valid,Valid,Fixation
1669787031.418257,,Mouse,113.5,209.0,,,Fixation
1669787031.434911,,Eye Tracker,113.0,207.0,Valid,Valid,Fixation
1669787031.451566,,Mouse,111.5,207.5,,,Fixation
1669787031.468221,,Eye Tracker,110.0,208.0,Valid,Valid,Fixation
1669787031.484876,,Mouse,112.5,206.0,,,Fixation
1669787031.50153,,Eye Tracker,115.0,204.0,Valid,Valid,Fixation
1669787031.5181859,,Mouse,117.0,206.5,,,Fixation
1669787031.5348408,,Eye Tracker,119.0,209.0,Valid,Valid,Fixation
1669787031.5514948,,Eye Tracker,112.0,210.0,Valid,Valid,Fixation
1669787031.56815,,Eye Tracker,107.0,203.0,Valid,Valid,Fixation
1669787031.584805,,Eye Tracker,105.0,202.0,Valid,Valid,Fixation
1669787031.601459,,Eye Tracker,106.0,203.0,Valid,Valid,Fixation
1669787031.618113,,Eye Tracker,106.0,201.0,Valid,Valid,Fixation
1669787031.634768,,Eye Tracker,103.0,200.0,Valid,Valid,Fixation
1669787031.651422,,Eye Tracker,108.0,202.0,Valid,Valid,Fixation
1669787031.668077,,Eye Tracker,112.0,202.0,Valid,Valid,Fixation
1669787031.684732,,Eye Tracker,110.0,200.0,Valid,Valid,Fixation
1669787031.701386,,Eye Tracker,106.0,195.0,Valid,Valid,Fixation
1669787031.718041,,Eye Tracker,106.0,193.0,Valid,Valid,Fixation
1669787031.734696,,Eye Tracker,104.0,193.0,Valid,Valid,Fixation
1669787031.7513518,,Eye Tracker,91.0,192.0,Valid,Valid,Fixation
1669787031.7680058,,Eye Tracker,88.0,194.0,Valid,Valid,Fixation
1669787031.784661,,Eye Tracker,88.0,197.0,Valid,Valid,Fixation
1669787031.801316,,Eye Tracker,83.0,193.0,Valid,Valid,Fixation
1669787031.81797,,Eye Tracker,86.0,186.0,Valid,Valid,Fixation
1669787031.834625,,Eye Tracker,86.0,183.0,Valid,Valid,Fixation
1669787031.85128,,Eye Tracker,81.0,185.0,Valid,Valid,Fixation
1669787031.867934,,Mouse,81.0,183.5,,,Fixation
1669787031.884589,,Eye Tracker,81.0,182.0,Valid,Valid,Fixation
1669787031.901244,,Eye Tracker,80.0,180.0,Valid,Valid,Fixation
1669787031.917898,,Eye Tracker,80.0,179.0,Valid,Valid,Fixation
1669787031.934553,,Mouse,79.33333333333333,179.33333333333334,,,Fixation
1669787031.9512079,,Mouse,78.66666666666667,179.66666666666666,,,Fixation
1669787031.967862,,Eye Tracker,78.0,180.0,Valid,Valid,Fixation
1669787031.9845169,,Mouse,78.0,180.5,,,Fixation
1669787032.0011718,,Eye Tracker,78.0,181.0,Valid,Valid,Fixation
1669787032.017827,,Mouse,79.0,180.5,,,Fixation
1669787032.034481,,Eye Tracker,80.0,180.0,Valid,Valid,Fixation
1669787032.051136,,Mouse,79.0,180.5,,,Fixation
1669787032.067791,,Eye Tracker,78.0,181.0,Valid,Valid,Fixation
1669787032.084445,,Mouse,76.0,182.0,,,Fixation
1669787032.1011,,Eye Tracker,74.0,183.0,Valid,Valid,Fixation
1669787032.117755,,Eye Tracker,75.0,183.0,Valid,Valid,Fixation
1669787032.134409,,Eye Tracker,79.0,183.0,Valid,Valid,Fixation
1669787032.151064,,Eye Tracker,80.0,182.0,Valid,Valid,Fixation
1669787032.167719,,Eye Tracker,79.0,180.0,Valid,Valid,Fixation
1669787032.184373,,Mouse,79.0,179.5,,,Fixation
1669787032.2010279,,Eye Tracker,79.0,179.0,Valid,Valid,Fixation
1669787032.217684,,Mouse,77.0,177.5,,,Fixation
1669787032.2343369,,Eye Tracker,75.0,176.0,Valid,Valid,Fixation
1669787032.2509918,,Eye Tracker,75.0,182.0,Valid,Valid,Fixation
1669787032.267648,,Mouse,75.66666666666667,182.33333333333334,,,Fixation
1669787032.284303,,Mouse,76.33333333333333,182.66666666666666,,,Fixation
1669787032.300957,,Eye Tracker,77.0,183.0,Valid,Valid,Fixation
1669787032.317612,,Eye Tracker,96.0,184.0,Valid,Valid,Fixation
1669787032.334267,,Eye Tracker,109.0,189.0,Valid,Valid,Fixation
1669787032.350921,,Eye Tracker,102.0,189.0,Valid,Valid,Fixation
1669787032.367576,,Eye Tracker,109.0,186.0,Valid,Valid,Fixation
1669787032.38423,,Eye Tracker,104.0,183.0,Valid,Valid,Fixation
1669787032.400884,,Eye Tracker,100.0,184.0,Valid,Valid,Fixation
1669787032.417539,,Eye Tracker,107.0,186.0,Valid,Valid,Fixation
1669787032.4341938,,Mouse,106.5,183.0,,,Fixation
1669787032.450849,,Eye Tracker,106.0,180.0,Valid,Valid,Fixation
1669787032.467504,,Mouse,105.5,181.0,,,Fixation
1669787032.484159,,Eye Tracker,105.0,182.0,Valid,Valid,Fixation
1669787032.500813,,Mouse,106.0,183.5,,,Fixation
1669787032.517468,,Eye Tracker,107.0,185.0,Valid,Valid,Fixation
1669787032.534123,,Eye Tracker,110.0,183.0,Valid,Valid,Fixation
1669787032.550778,,Eye Tracker,111.0,183.0,Valid,Valid,Fixation
1669787032.567432,,Eye Tracker,110.0,183.0,Valid,Valid,Fixation
1669787032.584087,,Eye Tracker,111.0,181.0,Valid,Valid,Fixation
1669787032.6007419,,Eye Tracker,97.0,180.0,Valid,Valid,Fixation
1669787032.6173959,,Eye Tracker,91.0,182.0,Valid,Valid,Fixation
1669787032.6340508,,Eye Tracker,94.0,187.0,Valid,Valid,Fixation
1669787032.650706,,Mouse,93.5,188.0,,,Fixation
1669787032.6673598,,Eye Tracker,93.0,189.0,Valid,Valid,Fixation
1669787032.684015,,Eye Tracker,95.0,190.0,Valid,Valid,Fixation
1669787032.70067,,Mouse,95.33333333333333,189.66666666666666,,,Fixation
1669787032.717324,,Mouse,95.66666666666667,189.33333333333334,,,Fixation
1669787032.733979,,Eye Tracker,96.0,189.0,Valid,Valid,Fixation
1669787032.750634,,Mouse,95.0,190.0,,,Fixation
1669787032.767288,,Eye Tracker,94.0,191.0,Valid,Valid,Fixation
1669787032.783943,,Eye Tracker,98.0,195.0,Valid,Valid,Fixation
1669787032.800598,,Mouse,98.0,193.33333333333334,,,Fixation
1669787032.8172529,,Mouse,98.0,191.66666666666666,,,Fixation
1669787032.833907,,Eye Tracker,98.0,190.0,Valid,Valid,Fixation
1669787032.8505619,,Mouse,95.0,188.0,,,Fixation
1669787032.8672168,,Eye Tracker,92.0,186.0,Valid,Valid,Fixation
1669787032.8838708,,Eye Tracker,93.0,188.0,Valid,Valid,Fixation
1669787032.900526,,Eye Tracker,102.0,189.0,Valid,Valid,Fixation
1669787032.917182,,Eye Tracker,104.0,190.0,Valid,Valid,Fixation
1669787032.933836,,Eye Tracker,98.0,195.0,Valid,Valid,Fixation
1669787032.95049,,Eye Tracker,96.0,196.0,Valid,Valid,Fixation
1669787032.967145,,Eye Tracker,101.0,186.0,Valid,Valid,Fixation
1669787032.983799,,Eye Tracker,106.0,187.0,Valid,Valid,Fixation
1669787033.000454,,Eye Tracker,107.0,197.0,Valid,Valid,Fixation
1669787033.017109,,Eye Tracker,102.0,195.0,Valid,Valid,Fixation
1669787033.033764,,Eye Tracker,100.0,187.0,Valid,Valid,Fixation
1669787033.0504189,,Eye Tracker,104.0,187.0,Valid,Valid,Fixation
1669787033.0670738,,Eye Tracker,104.0,190.0,Valid,Valid,Fixation
1669787033.083729,,Eye Tracker,102.0,191.0,Valid,Valid,Fixation
1669787033.100383,,Eye Tracker,103.0,196.0,Valid,Valid,Fixation
1669787033.117038,,Eye Tracker,102.0,198.0,Valid,Valid,Fixation
1669787033.133693,,Eye Tracker,104.0,189.0,Valid,Valid,Fixation
1669787033.150347,MouseEvent,,104.33333333333333,188.66666666666666,,,Fixation
1669787033.167002,,Mouse,104.66666666666667,188.33333333333334,,,Fixation
1669787033.183657,,Eye Tracker,105.0,188.0,Valid,Valid,Fixation
1669787033.200311,,Eye Tracker,95.0,191.0,Valid,Valid,Fixation
1669787033.216966,,Eye Tracker,91.0,191.0,Valid,Valid,Fixation
1669787033.233621,,Eye Tracker,91.0,190.0,Valid,Valid,Fixation
1669787033.250275,,Eye Tracker,92.0,192.0,Valid,Valid,Fixation
1669787033.2669299,,Eye Tracker,98.0,192.0,Valid,Valid,Fixation
1669787033.2835848,,Eye Tracker,99.0,191.0,Valid,Valid,Fixation
1669787033.3002388,,Eye Tracker,101.0,191.0,Valid,Valid,Fixation
1669787033.316894,,Eye Tracker,102.0,189.0,Valid,Valid,Fixation
1669787033.333549,,Eye Tracker,99.0,183.0,Valid,Valid,Fixation
1669787033.350204,,Eye Tracker,100.0,181.0,Valid,Valid,Fixation
1669787033.366858,,Eye Tracker,91.0,184.0,Valid,Valid,Fixation
1669787033.383513,,Mouse,90.5,184.0,,,Fixation
1669787033.400168,,Eye Tracker,90.0,184.0,Valid,Valid,Fixation
1669787033.416822,,Eye Tracker,92.0,186.0,Valid,Valid,Fixation
1669787033.433477,,Eye Tracker,94.0,188.0,Valid,Valid,Fixation
1669787033.450132,,Mouse,95.0,188.0,,,Fixation
1669787033.466786,,Eye Tracker,96.0,188.0,Valid,Valid,Fixation
1669787033.4834409,,Mouse,96.5,189.0,,,Fixation
1669787033.5000958,,Eye Tracker,97.0,190.0,Valid,Valid,Fixation
1669787033.5167499,,Eye Tracker,103.0,190.0,Valid,Valid,Fixation
1669787033.5334048,,Mouse,103.5,188.5,,,Fixation
1669787033.55006,,Eye Tracker,104.0,187.0,Valid,Valid,Fixation
1669787033.566714,,Eye Tracker,104.0,188.0,Valid,Valid,Fixation
1669787033.583369,,Eye Tracker,105.0,187.0,Valid,Valid,Fixation
1669787033.600024,,Mouse,106.0,188.5,,,Fixation
1669787033.61668,,Eye Tracker,107.0,190.0,Valid,Valid,Fixation
1669787033.633334,,Eye Tracker,104.0,187.0,Valid,Valid,Fixation
1669787033.649989,,Mouse,99.5,187.0,,,Fixation
1669787033.666643,,Eye Tracker,95.0,187.0,Valid,Valid,Fixation
1669787033.683297,,Eye Tracker,100.0,185.0,Valid,Valid,Fixation
1669787033.699952,,Eye Tracker,106.0,180.0,Valid,Valid,Fixation
1669787033.7166069,,Eye Tracker,105.0,184.0,Valid,Valid,Fixation
1669787033.7332609,,Eye Tracker,107.0,186.0,Valid,Valid,Fixation
1669787033.7499158,,Eye Tracker,105.0,186.0,Valid,Valid,Fixation
1669787033.766571,,Eye Tracker,102.0,188.0,Valid,Valid,Fixation
1669787033.7832248,,Mouse,103.5,187.0,,,Fixation
1669787033.799881,,Eye Tracker,105.0,186.0,Valid,Valid,Fixation
1669787033.816536,,Eye Tracker,104.0,185.0,Valid,Valid,Fixation
1669787033.83319,,Eye Tracker,102.0,184.0,Valid,Valid,Fixation
1669787033.849845,,Eye Tracker,103.0,182.0,Valid,Valid,Fixation
1669787033.8665,,Eye Tracker,99.0,183.0,Valid,Valid,Fixation
1669787033.8831549,,Eye Tracker,99.0,183.0,Valid,Valid,Fixation
1669787033.899809,,Eye Tracker,96.0,182.0,Valid,Valid,Fixation
1669787033.9164639,,Eye Tracker,91.0,178.0,Valid,Valid,Fixation
1669787033.9331188,,Eye Tracker,88.0,174.0,Valid,Valid,Fixation
1669787033.9497728,,Eye Tracker,85.0,171.0,Valid,Valid,Fixation
1669787033.966428,,Eye Tracker,89.0,171.0,Valid,Valid,Fixation
1669787033.983083,,Eye Tracker,87.0,165.0,Valid,Valid,Fixation
1669787033.999737,,Eye Tracker,82.0,166.0,Valid,Valid,Fixation
1669787034.016392,,Eye Tracker,83.0,175.0,Valid,Valid,Fixation
1669787034.033046,,Eye Tracker,86.0,175.0,Valid,Valid,Fixation
1669787034.049701,,Eye Tracker,90.0,177.0,Valid,Valid,Fixation
1669787034.066356,,Eye Tracker,91.0,179.0,Valid,Valid,Fixation
1669787034.083011,,Eye Tracker,89.0,185.0,Valid,Valid,Fixation
1669787034.099665,,Eye Tracker,88.0,186.0,Valid,Valid,Fixation
1669787034.11632,,Eye Tracker,88.0,186.0,Valid,Valid,Fixation
1669787034.1329749,,Eye Tracker,88.0,186.0,Valid,Valid,Fixation
1669787034.1496298,,Eye Tracker,89.0,177.0,Valid,Valid,Fixation
1669787034.1662838,,Eye Tracker,89.0,175.0,Valid,Valid,Fixation
1669787034.182939,,Eye Tracker,88.0,179.0,Valid,Valid,Fixation
1669787034.199594,,Eye Tracker,88.0,181.0,Valid,Valid,Fixation
1669787034.216248,,Eye Tracker,94.0,179.0,Valid,Valid,Fixation
1669787034.232903,,Eye Tracker,98.0,180.0,Valid,Valid,Fixation
1669787034.249558,,Eye Tracker,95.0,176.0,Valid,Valid,Fixation
1669787034.266212,,Eye Tracker,92.0,172.0,Valid,Valid,Fixation
1669787034.282867,,Eye Tracker,93.0,180.0,Valid,Valid,Fixation
1669787034.299522,,Eye Tracker,93.0,176.0,Valid,Valid,Fixation
1669787034.316177,,Eye Tracker,96.0,167.0,Valid,Valid,Fixation
1669787034.3328319,,Eye Tracker,95.0,170.0,Valid,Valid,Fixation
1669787034.3494868,,Eye Tracker,88.0,171.0,Valid,Valid,Fixation
1669787034.3661408,,Eye Tracker,87.0,171.0,Valid,Valid,Fixation
1669787034.3827949,,Eye Tracker,91.0,178.0,Valid,Valid,Fixation
1669787034.3994498,,Eye Tracker,91.0,182.0,Valid,Valid,Fixation
1669787034.416105,,Eye Tracker,89.0,179.0,Valid,Valid,Fixation
1669787034.432759,,Eye Tracker,88.0,176.0,Valid,Valid,Fixation
1669787034.449414,,Eye Tracker,95.0,182.0,Valid,Valid,Fixation
1669787034.466069,,Eye Tracker,95.0,181.0,Valid,Valid,Fixation
1669787034.482723,,Eye Tracker,91.0,174.0,Valid,Valid,Fixation
1669787034.499378,,Eye Tracker,92.0,177.0,Valid,Valid,Fixation
1669787034.516033,,Eye Tracker,89.0,173.0,Valid,Valid,Fixation
1669787034.532687,,Eye Tracker,89.0,173.0,Valid,Valid,Fixation
1669787034.549342,,Eye Tracker,92.0,175.0,Valid,Valid,Fixation
1669787034.5659978,,Eye Tracker,88.0,174.0,Valid,Valid,Fixation
1669787034.5826519,,Eye Tracker,89.0,173.0,Valid,Valid,Fixation
1669787034.5993068,,Eye Tracker,92.0,171.0,Valid,Valid,Fixation
1669787034.615962,,Mouse,87.5,170.0,,,Fixation
1669787034.632616,,Eye Tracker,83.0,169.0,Valid,Valid,Fixation
1669787034.649271,,Mouse,82.0,167.66666666666666,,,Fixation
1669787034.665926,,Mouse,81.0,166.33333333333334,,,Fixation
1669787034.682581,,Eye Tracker,80.0,165.0,Valid,Valid,Fixation
1669787034.699235,,Eye Tracker,90.0,167.0,Valid,Valid,Fixation
1669787034.71589,,Mouse,91.66666666666667,166.33333333333334,,,Fixation
1669787034.732545,,Mouse,93.33333333333333,165.66666666666666,,,Fixation
1669787034.749198,,Eye Tracker,95.0,165.0,Valid,Valid,Fixation
1669787034.765853,,Mouse,92.0,166.5,,,Fixation
1669787034.782508,,Eye Tracker,89.0,168.0,Valid,Valid,Fixation
1669787034.799162,,Eye Tracker,87.0,169.0,Valid,Valid,Fixation
1669787034.8158178,,Eye Tracker,82.0,173.0,Valid,Valid,Fixation
1669787034.832473,,Eye Tracker,80.0,172.0,Valid,Valid,Fixation
1669787034.849127,,Eye Tracker,77.0,164.0,Valid,Valid,Fixation
1669787034.865782,,Eye Tracker,77.0,168.0,Valid,Valid,Fixation
1669787034.882437,,Eye Tracker,85.0,167.0,Valid,Valid,Fixation
1669787034.899091,,Eye Tracker,85.0,173.0,Valid,Valid,Fixation
1669787034.915746,,Eye Tracker,89.0,182.0,Valid,Valid,Fixation
1669787034.932401,,Eye Tracker,98.0,179.0,Valid,Valid,Fixation
1669787034.949056,,Eye Tracker,102.0,173.0,Valid,Valid,Fixation
1669787034.96571,,Eye Tracker,93.0,171.0,Valid,Valid,Fixation
1669787034.982365,,Eye Tracker,83.0,168.0,Valid,Valid,Fixation
1669787034.9990199,,Eye Tracker,80.0,168.0,Valid,Valid,Fixation
1669787035.0156739,,Eye Tracker,87.0,166.0,Valid,Valid,Fixation
1669787035.0323288,,Mouse,87.5,166.5,,,Fixation
1669787035.048984,,Eye Tracker,88.0,167.0,Valid,Valid,Fixation
1669787035.065639,,Mouse,83.5,171.0,,,Fixation
1669787035.082294,,Eye Tracker,79.0,175.0,Valid,Valid,Fixation
1669787035.098948,,Eye Tracker,82.0,173.0,Valid,Valid,Fixation
1669787035.115602,,Mouse,88.0,170.5,,,Fixation
1669787035.132257,,Eye Tracker,94.0,168.0,Valid,Valid,Fixation
1669787035.148912,,Eye Tracker,95.0,170.0,Valid,Valid,Fixation
1669787035.165566,,Eye Tracker,92.0,173.0,Valid,Valid,Fixation
1669787035.182221,,Eye Tracker,90.0,170.0,Valid,Valid,Fixation
1669787035.198876,,Eye Tracker,86.0,168.0,Valid,Valid,Fixation
1669787035.2155309,,Eye Tracker,89.0,171.0,Valid,Valid,Fixation
1669787035.232185,,Eye Tracker,87.0,170.0,Valid,Valid,Fixation
1669787035.2488399,,Eye Tracker,87.0,170.0,Valid,Valid,Fixation
1669787035.2654948,,Eye Tracker,92.0,166.0,Valid,Valid,Fixation
1669787035.2821488,,Eye Tracker,91.0,171.0,Valid,Valid,Fixation
1669787035.298804,,Eye Tracker,91.0,173.0,Valid,Valid,Fixation
1669787035.31546,,Eye Tracker,90.0,171.0,Valid,Valid,Fixation
1669787035.332114,,Eye Tracker,89.0,179.0,Valid,Valid,Fixation
1669787035.348769,,Eye Tracker,89.0,175.0,Valid,Valid,Fixation
1669787035.365424,,Eye Tracker,94.0,173.0,Valid,Valid,Fixation
1669787035.382078,,Mouse,93.5,173.5,,,Fixation
1669787035.398733,,Eye Tracker,93.0,174.0,Valid,Valid,Fixation
1669787035.4153879,,Mouse,87.0,174.5,,,Fixation
1669787035.432042,,Eye Tracker,81.0,175.0,Valid,Valid,Fixation
1669787035.4486969,,Eye Tracker,82.0,175.0,Valid,Valid,Fixation
1669787035.4653518,,Eye Tracker,83.0,173.0,Valid,Valid,Fixation
1669787035.482007,,Eye Tracker,87.0,174.0,Valid,Valid,Fixation
1669787035.498661,,Eye Tracker,94.0,170.0,Valid,Valid,Fixation
1669787035.515316,,Eye Tracker,94.0,174.0,Valid,Valid,Fixation
1669787035.531971,,Eye Tracker,93.0,172.0,Valid,Valid,Fixation
1669787035.548625,,Eye Tracker,93.0,172.0,Valid,Valid,Fixation
1669787035.56528,,Eye Tracker,89.0,175.0,Valid,Valid,Fixation
1669787035.581936,,Eye Tracker,87.0,171.0,Valid,Valid,Fixation
1669787035.59859,,Eye Tracker,96.0,172.0,Valid,Valid,Fixation
1669787035.6152449,,Eye Tracker,100.0,175.0,Valid,Valid,Fixation
1669787035.6318998,,Eye Tracker,95.0,174.0,Valid,Valid,Fixation
1669787035.6485538,,Eye Tracker,94.0,170.0,Valid,Valid,Fixation
1669787035.665209,,Eye Tracker,103.0,172.0,Valid,Valid,Fixation
1669787035.681864,,Eye Tracker,103.0,171.0,Valid,Valid,Fixation
1669787035.698518,,Eye Tracker,94.0,167.0,Valid,Valid,Fixation
1669787035.715173,,Eye Tracker,95.0,167.0,Valid,Valid,Fixation
1669787035.731828,,Eye Tracker,101.0,169.0,Valid,Valid,Fixation
1669787035.748483,,Eye Tracker,98.0,174.0,Valid,Valid,Fixation
1669787035.765137,,Eye Tracker,90.0,176.0,Valid,Valid,Fixation
1669787035.781792,,Eye Tracker,87.0,180.0,Valid,Valid,Fixation
1669787035.798447,,Mouse,87.5,179.5,,,Fixation
1669787035.815101,,Eye Tracker,88.0,179.0,Valid,Valid,Fixation
1669787035.8317568,,Mouse,89.5,180.5,,,Fixation
1669787035.848412,,Eye Tracker,91.0,182.0,Valid,Valid,Fixation
1669787035.865066,,Mouse,91.5,183.5,,,Fixation
1669787035.881721,,Eye Tracker,92.0,185.0,Valid,Valid,Fixation
1669787035.898376,,Eye Tracker,91.0,184.0,Valid,Valid,Fixation
1669787035.91503,,Eye Tracker,93.0,185.0,Valid,Valid,Fixation
1669787035.931685,,Eye Tracker,96.0,185.0,Valid,Valid,Fixation
1669787035.94834,,Eye Tracker,94.0,182.0,Valid,Valid,Fixation
1669787035.964994,,Eye Tracker,95.0,184.0,Valid,Valid,Fixation
1669787035.981649,,Eye Tracker,97.0,186.0,Valid,Valid,Fixation
1669787035.998304,,Eye Tracker,99.0,184.0,Valid,Valid,Fixation
1669787036.0149589,,Eye Tracker,100.0,184.0,Valid,Valid,Fixation
1669787036.0316129,,Eye Tracker,98.0,183.0,Valid,Valid,Fixation
1669787036.0482678,,Eye Tracker,101.0,188.0,Valid,Valid,Fixation
1669787036.064923,,Eye Tracker,101.0,189.0,Valid,Valid,Fixation
1669787036.081578,,Eye Tracker,99.0,192.0,Valid,Valid,Fixation
1669787036.098233,,Eye Tracker,101.0,185.0,Valid,Valid,Fixation
1669787036.114888,,Eye Tracker,97.0,181.0,Valid,Valid,Fixation
1669787036.131542,,Eye Tracker,99.0,183.0,Valid,Valid,Fixation
1669787036.148197,,Eye Tracker,104.0,186.0,Valid,Valid,Fixation
1669787036.164852,,Eye Tracker,101.0,190.0,Valid,Valid,Fixation
1669787036.181506,,Eye Tracker,105.0,192.0,Valid,Valid,Fixation
1669787036.198161,,Eye Tracker,109.0,191.0,Valid,Valid,Fixation
1669787036.2148159,,Eye Tracker,102.0,189.0,Valid,Valid,Fixation
1669787036.2314699,,Eye Tracker,100.0,190.0,Valid,Valid,Fixation
1669787036.2481248,,Eye Tracker,106.0,190.0,Valid,Valid,Fixation
1669787036.26478,,Eye Tracker,106.0,192.0,Valid,Valid,Fixation
1669787036.281435,,Eye Tracker,108.0,189.0,Valid,Valid,Fixation
1669787036.298089,,Eye Tracker,112.0,189.0,Valid,Valid,Fixation
1669787036.314744,,Eye Tracker,110.0,191.0,Valid,Valid,Fixation
1669787036.3314,,Eye Tracker,109.0,192.0,Valid,Valid,Fixation
1669787036.348054,,Eye Tracker,106.0,187.0,Valid,Valid,Fixation
1669787036.364709,,Eye Tracker,107.0,186.0,Valid,Valid,Fixation
1669787036.3813639,,Eye Tracker,113.0,187.0,Valid,Valid,Fixation
1669787036.398018,,Eye Tracker,112.0,190.0,Valid,Valid,Fixation
1669787036.4146729,,Eye Tracker,106.0,192.0,Valid,Valid,Fixation
1669787036.4313278,,Eye Tracker,104.0,186.0,Valid,Valid,Fixation
1669787036.4479818,,Eye Tracker,105.0,179.0,Valid,Valid,Fixation
1669787036.464637,,Eye Tracker,103.0,178.0,Valid,Valid,Fixation
1669787036.481292,,Eye Tracker,106.0,175.0,Valid,Valid,Fixation
1669787036.497946,,Eye Tracker,108.0,176.0,Valid,Valid,Fixation
1669787036.514601,,Eye Tracker,106.0,181.0,Valid,Valid,Fixation
1669787036.531256,,Eye Tracker,106.0,181.0,Valid,Valid,Fixation
1669787036.547911,,Eye Tracker,100.0,179.0,Valid,Valid,Fixation
1669787036.564565,,Eye Tracker,101.0,178.0,Valid,Valid,Fixation
1669787036.58122,,Eye Tracker,106.0,181.0,Valid,Valid,Fixation
1669787036.5978758,,Eye Tracker,100.0,184.0,Valid,Valid,Fixation
1669787036.6145298,,Eye Tracker,99.0,185.0,Valid,Valid,Fixation
1669787036.631185,,Eye Tracker,105.0,184.0,Valid,Valid,Fixation
1669787036.64784,,Eye Tracker,103.0,188.0,Valid,Valid,Fixation
1669787036.664494,,Eye Tracker,87.0,192.0,Valid,Valid,Fixation
1669787036.681149,,Eye Tracker,81.0,187.0,Valid,Valid,Fixation
1669787036.697804,,Eye Tracker,82.0,184.0,Valid,Valid,Fixation
1669787036.714458,,Eye Tracker,77.0,182.0,Valid,Valid,Fixation
1669787036.731113,,Eye Tracker,83.0,185.0,Valid,Valid,Fixation
1669787036.747768,,Eye Tracker,88.0,185.0,Valid,Valid,Fixation
1669787036.764422,,Eye Tracker,86.0,185.0,Valid,Valid,Fixation
1669787036.781077,,Eye Tracker,87.0,186.0,Valid,Valid,Fixation
1669787036.7977319,,Eye Tracker,87.0,186.0,Valid,Valid,Fixation
1669787036.8143868,,Eye Tracker,90.0,187.0,Valid,Valid,Fixation
1669787036.8310409,,Eye Tracker,88.0,185.0,Valid,Valid,Fixation
1669787036.847697,,Eye Tracker,85.0,187.0,Valid,Valid,Fixation
1669787036.864352,,Eye Tracker,82.0,188.0,Valid,Valid,Fixation
1669787036.881006,,Eye Tracker,85.0,190.0,Valid,Valid,Fixation
1669787036.897661,,Eye Tracker,86.0,193.0,Valid,Valid,Fixation
1669787036.914316,,Mouse,81.5,190.5,,,Fixation
1669787036.93097,,Eye Tracker,77.0,188.0,Valid,Valid,Fixation
1669787036.947625,,Mouse,77.0,187.5,,,Fixation
1669787036.96428,,Eye Tracker,77.0,187.0,Valid,Valid,Fixation
1669787036.980934,,Mouse,80.0,188.0,,,Fixation
1669787036.9975889,,Eye Tracker,83.0,189.0,Valid,Valid,Fixation
1669787037.0142438,,Eye Tracker,87.0,190.0,Valid,Valid,Fixation
1669787037.0308979,,Eye Tracker,90.0,192.0,Valid,Valid,Fixation
1669787037.0475528,,Eye Tracker,87.0,191.0,Valid,Valid,Fixation
1669787037.064208,,Eye Tracker,84.0,191.0,Valid,Valid,Fixation
1669787037.080863,,Eye Tracker,85.0,189.0,Valid,Valid,Fixation
1669787037.097518,,Eye Tracker,85.0,189.0,Valid,Valid,Fixation
1669787037.114173,,Mouse,86.0,191.0,,,Fixation
1669787037.130828,,Eye Tracker,87.0,193.0,Valid,Valid,Fixation
1669787037.147482,,Eye Tracker,87.0,190.0,Valid,Valid,Fixation
1669787037.164137,,Eye Tracker,87.0,184.0,Valid,Valid,Fixation
1669787037.1807919,,Eye Tracker,86.0,187.0,Valid,Valid,Fixation
1669787037.1974459,,Eye Tracker,86.0,187.0,Valid,Valid,Fixation
1669787037.2141008,,Eye Tracker,88.0,194.0,Valid,Valid,Fixation
1669787037.230756,,Mouse,87.5,194.0,,,Fixation
1669787037.2474098,MouseEvent,,87.0,194.0,,,Fixation
1669787037.264065,,Mouse,86.5,194.0,,,Fixation
1669787037.28072,,Eye Tracker,86.0,194.0,Valid,Valid,Fixation
1669787037.297374,,Mouse,87.0,188.5,,,Fixation
1669787037.314029,,Eye Tracker,88.0,183.0,Valid,Valid,Fixation
1669787037.330684,,Mouse,89.5,184.5,,,Fixation
1669787037.3473399,,Eye Tracker,91.0,186.0,Valid,Valid,Fixation
1669787037.363994,,Eye Tracker,93.0,191.0,Valid,Valid,Fixation
1669787037.3806489,,Eye Tracker,95.0,191.0,Valid,Valid,Fixation
1669787037.397304,,Eye Tracker,91.0,188.0,Valid,Valid,Fixation
1669787037.4139578,,Eye Tracker,90.0,191.0,Valid,Valid,Fixation
1669787037.430613,,Mouse,92.0,193.5,,,Fixation
1669787037.447268,,Eye Tracker,94.0,196.0,Valid,Valid,Fixation
1669787037.463922,,Mouse,95.0,196.0,,,Fixation
1669787037.480577,,Eye Tracker,96.0,196.0,Valid,Valid,Fixation
1669787037.497232,,Mouse,96.0,198.0,,,Fixation
1669787037.513886,,Eye Tracker,96.0,200.0,Valid,Valid,Fixation
1669787037.530541,,Eye Tracker,95.0,192.0,Valid,Valid,Fixation
1669787037.547196,,Eye Tracker,88.0,190.0,Valid,Valid,Fixation
1669787037.56385,,Eye Tracker,85.0,190.0,Valid,Valid,Fixation
1669787037.580505,,Eye Tracker,94.0,187.0,Valid,Valid,Fixation
1669787037.5971599,,Mouse,94.5,189.0,,,Fixation
1669787037.613816,,Eye Tracker,95.0,191.0,Valid,Valid,Fixation
1669787037.63047,,Eye Tracker,88.0,193.0,Valid,Valid,Fixation
1669787037.647125,,Eye Tracker,90.0,193.0,Valid,Valid,Fixation
1669787037.66378,,Mouse,94.0,191.0,,,Fixation
1669787037.680434,,Eye Tracker,98.0,189.0,Valid,Valid,Fixation
1669787037.697089,,Eye Tracker,100.0,186.0,Valid,Valid,Fixation
1669787037.713744,,Eye Tracker,113.0,174.0,Valid,Valid,Fixation
1669787037.730398,,Eye Tracker,129.0,165.0,Valid,Valid,Fixation
1669787037.747053,,Eye Tracker,133.0,163.0,Valid,Valid,Fixation
1669787037.7637079,,Eye Tracker,130.0,166.0,Valid,Valid,Fixation
1669787037.780362,,Mouse,131.5,169.0,,,Fixation
1669787037.7970169,,Eye Tracker,133.0,172.0,Valid,Valid,Fixation
1669787037.8136718,,Mouse,136.0,173.0,,,Fixation
1669787037.8303258,,Eye Tracker,139.0,174.0,Valid,Valid,Fixation
1669787037.846981,,Eye Tracker,138.0,170.0,Valid,Valid,Fixation
1669787037.863637,,Mouse,135.5,169.0,,,Fixation
1669787037.880292,,Eye Tracker,133.0,168.0,Valid,Valid,Fixation
1669787037.896946,,Eye Tracker,131.0,171.0,Valid,Valid,Fixation
1669787037.913601,,Eye Tracker,135.0,169.0,Valid,Valid,Fixation
1669787037.930256,,Eye Tracker,138.0,171.0,Valid,Valid,Fixation
1669787037.94691,,Mouse,137.0,172.5,,,Fixation
1669787037.9635649,,Eye Tracker,136.0,174.0,Valid,Valid,Fixation
1669787037.9802198,,Mouse,132.0,174.5,,,Fixation
1669787037.9968739,,Eye Tracker,128.0,175.0,Valid,Valid,Fixation
1669787038.0135288,,Mouse,127.66666666666667,176.33333333333334,,,Fixation
1669787038.030184,,Mouse,127.33333333333333,177.66666666666666,,,Fixation
1669787038.046838,,Eye Tracker,127.0,179.0,Valid,Valid,Fixation
1669787038.063493,,Eye Tracker,132.0,181.0,Valid,Valid,Fixation
1669787038.080148,,Eye Tracker,135.0,179.0,Valid,Valid,Fixation
1669787038.096802,,Eye Tracker,134.0,178.0,Valid,Valid,Fixation
1669787038.113458,,Eye Tracker,131.0,179.0,Valid,Valid,Fixation
1669787038.130113,,Eye Tracker,132.0,183.0,Valid,Valid,Fixation
1669787038.1467679,,Eye Tracker,135.0,184.0,Valid,Valid,Fixation
1669787038.1634219,,Eye Tracker,133.0,182.0,Valid,Valid,Fixation
1669787038.1800768,,Eye Tracker,130.0,181.0,Valid,Valid,Fixation
1669787038.196732,,Mouse,130.5,181.0,,,Fixation
1669787038.2133858,,Eye Tracker,131.0,181.0,Valid,Valid,Fixation
1669787038.230041,,Eye Tracker,132.0,180.0,Valid,Valid,Fixation
1669787038.246696,,Mouse,129.5,181.0,,,Fixation
1669787038.26335,,Eye Tracker,127.0,182.0,Valid,Valid,Fixation
1669787038.280005,,Mouse,122.0,182.5,,,Fixation
1669787038.29666,,Eye Tracker,117.0,183.0,Valid,Valid,Fixation
1669787038.313314,,Eye Tracker,113.0,177.0,Valid,Valid,Fixation
1669787038.329969,,Mouse,112.0,176.0,,,Fixation
1669787038.346624,,Eye Tracker,111.0,175.0,Valid,Valid,Fixation
1669787038.3632789,,Eye Tracker,107.0,177.0,Valid,Valid,Fixation
1669787038.3799338,,Eye Tracker,107.0,175.0,Valid,Valid,Fixation
1669787038.396589,,Eye Tracker,108.0,180.0,Valid,Valid,Fixation
1669787038.413244,,Eye Tracker,108.0,176.0,Valid,Valid,Fixation
1669787038.429898,,Eye Tracker,102.0,170.0,Valid,Valid,Fixation
1669787038.446553,,Eye Tracker,98.0,170.0,Valid,Valid,Fixation
1669787038.463208,,Eye Tracker,105.0,173.0,Valid,Valid,Fixation
1669787038.479862,,Eye Tracker,107.0,176.0,Valid,Valid,Fixation
1669787038.496517,,Eye Tracker,106.0,173.0,Valid,Valid,Fixation
1669787038.513172,MouseEvent,,105.66666666666667,171.66666666666666,,,Fixation
1669787038.529826,,Mouse,105.33333333333333,170.33333333333334,,,Fixation
1669787038.546481,,Eye Tracker,105.0,169.0,Valid,Valid,Fixation
1669787038.5631359,,Eye Tracker,102.0,173.0,Valid,Valid,Fixation
1669787038.5797899,,Eye Tracker,101.0,173.0,Valid,Valid,Fixation
1669787038.5964448,,Eye Tracker,102.0,172.0,Valid,Valid,Fixation
1669787038.6131,,Eye Tracker,104.0,178.0,Valid,Valid,Fixation
1669787038.629755,,Eye Tracker,99.0,177.0,Valid,Valid,Fixation
1669787038.64641,,Eye Tracker,98.0,171.0,Valid,Valid,Fixation
1669787038.663065,,Eye Tracker,97.0,173.0,Valid,Valid,Fixation
1669787038.67972,,Eye Tracker,99.0,177.0,Valid,Valid,Fixation
1669787038.696374,,Eye Tracker,103.0,176.0,Valid,Valid,Fixation
1669787038.713029,,Eye Tracker,101.0,174.0,Valid,Valid,Fixation
1669787038.7296839,,Eye Tracker,100.0,176.0,Valid,Valid,Fixation
1669787038.746338,,Eye Tracker,97.0,176.0,Valid,Valid,Fixation
1669787038.7629929,,Eye Tracker,103.0,175.0,Valid,Valid,Fixation
1669787038.7796478,,Eye Tracker,106.0,179.0,Valid,Valid,Fixation
1669787038.7963018,,Eye Tracker,103.0,178.0,Valid,Valid,Fixation
1669787038.812957,,Eye Tracker,105.0,176.0,Valid,Valid,Fixation
1669787038.829612,,Eye Tracker,98.0,173.0,Valid,Valid,Fixation
1669787038.846266,,Eye Tracker,93.0,171.0,Valid,Valid,Fixation
1669787038.862921,,Eye Tracker,99.0,173.0,Valid,Valid,Fixation
1669787038.879577,,Eye Tracker,100.0,174.0,Valid,Valid,Fixation
1669787038.896231,,Eye Tracker,99.0,172.0,Valid,Valid,Fixation
1669787038.912886,,Eye Tracker,91.0,164.0,Valid,Valid,Fixation
1669787038.9295409,,Mouse,90.0,167.0,,,Fixation
1669787038.9461958,,Eye Tracker,89.0,170.0,Valid,Valid,Fixation
1669787038.9628499,,Eye Tracker,93.0,177.0,Valid,Valid,Fixation
1669787038.9795048,,Mouse,95.0,173.0,,,Fixation
1669787038.99616,,Eye Tracker,97.0,169.0,Valid,Valid,Fixation
1669787039.012814,,Mouse,97.5,169.5,,,Fixation
1669787039.029469,,Eye Tracker,98.0,170.0,Valid,Valid,Fixation
1669787039.046124,,Eye Tracker,95.0,174.0,Valid,Valid,Fixation
1669787039.062778,,Mouse,96.0,173.0,,,Fixation
1669787039.079433,,Eye Tracker,97.0,172.0,Valid,Valid,Fixation
1669787039.096088,,Mouse,96.33333333333333,173.0,,,Fixation
1669787039.112742,,Mouse,95.66666666666667,174.0,,,Fixation
1669787039.1293979,,Eye Tracker,95.0,175.0,Valid,Valid,Fixation
1669787039.1460528,,Eye Tracker,92.0,175.0,Valid,Valid,Fixation
1669787039.1627069,,Eye Tracker,91.0,176.0,Valid,Valid,Fixation
1669787039.1793618,,Mouse,90.0,176.5,,,Fixation
1669787039.196017,,Eye Tracker,89.0,177.0,Valid,Valid,Fixation
1669787039.212672,,Mouse,91.0,173.5,,,Fixation
1669787039.229326,,Eye Tracker,93.0,170.0,Valid,Valid,Fixation
1669787039.245981,,Mouse,94.5,170.0,,,Fixation
1669787039.262636,,Eye Tracker,96.0,170.0,Valid,Valid,Fixation
1669787039.27929,,Mouse,96.0,173.5,,,Fixation
1669787039.295945,,Eye Tracker,96.0,177.0,Valid,Valid,Fixation
1669787039.3126,,Mouse,96.0,175.5,,,Fixation
1669787039.329254,,Eye Tracker,96.0,174.0,Valid,Valid,Fixation
1669787039.3459089,,Mouse,96.33333333333333,175.33333333333334,,,Fixation
1669787039.3625638,,Mouse,96.66666666666667,176.66666666666666,,,Fixation
1669787039.3792179,,Eye Tracker,97.0,178.0,Valid,Valid,Fixation
1669787039.395874,,Mouse,96.5,178.0,,,Fixation
1669787039.412529,,Eye Tracker,96.0,178.0,Valid,Valid,Fixation
1669787039.429183,,Eye Tracker,100.0,174.0,Valid,Valid,Fixation
1669787039.445838,,Mouse,101.0,175.0,,,Fixation
1669787039.462493,,Eye Tracker,102.0,176.0,Valid,Valid,Fixation
1669787039.479148,,Eye Tracker,99.0,171.0,Valid,Valid,Fixation
1669787039.495802,,Mouse,97.0,170.5,,,Fixation
1669787039.512457,,Eye Tracker,95.0,170.0,Valid,Valid,Fixation
1669787039.5291119,,Mouse,89.0,167.5,,,Fixation
1669787039.5457659,,Eye Tracker,83.0,165.0,Valid,Valid,Fixation
1669787039.5624208,,Eye Tracker,86.0,167.0,Valid,Valid,Fixation
1669787039.579076,,Eye Tracker,97.0,170.0,Valid,Valid,Fixation
1669787039.5957298,,Eye Tracker,92.0,168.0,Valid,Valid,Fixation
1669787039.612385,,Eye Tracker,82.0,166.0,Valid,Valid,Fixation
1669787039.62904,,Eye Tracker,81.0,167.0,Valid,Valid,Fixation
1669787039.645695,,Eye Tracker,87.0,171.0,Valid,Valid,Fixation
1669787039.66235,,Eye Tracker,89.0,170.0,Valid,Valid,Fixation
1669787039.679005,,Eye Tracker,90.0,170.0,Valid,Valid,Fixation
1669787039.695659,,Eye Tracker,91.0,172.0,Valid,Valid,Fixation
1669787039.712314,,Eye Tracker,91.0,174.0,Valid,Valid,Fixation
1669787039.7289689,,Eye Tracker,92.0,173.0,Valid,Valid,Fixation
1669787039.7456238,,Eye Tracker,91.0,170.0,Valid,Valid,Fixation
1669787039.7622778,,Eye Tracker,95.0,173.0,Valid,Valid,Fixation
1669787039.778933,,Eye Tracker,97.0,181.0,Valid,Valid,Fixation
1669787039.795588,,Eye Tracker,91.0,184.0,Valid,Valid,Fixation
1669787039.812242,,Mouse,91.5,181.5,,,Fixation
1669787039.828897,,Eye Tracker,92.0,179.0,Valid,Valid,Fixation
1669787039.845552,,Mouse,95.0,177.0,,,Fixation
1669787039.862206,,Eye Tracker,98.0,175.0,Valid,Valid,Fixation
1669787039.878861,,Mouse,98.5,177.5,,,Fixation
1669787039.8955169,,Eye Tracker,99.0,180.0,Valid,Valid,Fixation
1669787039.912171,,Eye Tracker,102.0,181.0,Valid,Valid,Fixation
1669787039.9288259,,Mouse,105.0,184.5,,,Fixation
1669787039.9454808,,Eye Tracker,108.0,188.0,Valid,Valid,Fixation
1669787039.9621348,,Mouse,108.33333333333333,188.33333333333334,,,Fixation
1669787039.97879,,Mouse,108.66666666666667,188.66666666666666,,,Fixation
1669787039.995445,,Eye Tracker,109.0,189.0,Valid,Valid,Fixation
1669787040.0121,,Mouse,106.5,187.0,,,Fixation
1669787040.028754,,Eye Tracker,104.0,185.0,Valid,Valid,Fixation
1669787040.045409,MouseEvent,,103.75,185.25,,,Fixation
1669787040.062064,,Mouse,103.5,185.5,,,Fixation
1669787040.078718,,Mouse,103.25,185.75,,,Fixation
1669787040.095373,,Eye Tracker,103.0,186.0,Valid,Valid,Fixation
1669787040.112028,,Eye Tracker,107.0,184.0,Valid,Valid,Fixation
1669787040.128682,,Eye Tracker,105.0,188.0,Valid,Valid,Fixation
1669787040.1453378,,Eye Tracker,105.0,191.0,Valid,Valid,Fixation
1669787040.161993,,Eye Tracker,109.0,189.0,Valid,Valid,Fixation
1669787040.178647,,Eye Tracker,106.0,184.0,Valid,Valid,Fixation
1669787040.195302,,Eye Tracker,106.0,184.0,Valid,Valid,Fixation
1669787040.211957,,Eye Tracker,111.0,190.0,Valid,Valid,Fixation
1669787040.228611,,Eye Tracker,115.0,190.0,Valid,Valid,Fixation
1669787040.245266,,Eye Tracker,109.0,185.0,Valid,Valid,Fixation
1669787040.261921,,Mouse,108.0,187.5,,,Fixation
1669787040.278576,,Eye Tracker,107.0,190.0,Valid,Valid,Fixation
1669787040.29523,,Eye Tracker,112.0,194.0,Valid,Valid,Fixation
1669787040.3118849,,Mouse,111.0,193.0,,,Fixation
1669787040.3285398,,Eye Tracker,110.0,192.0,Valid,Valid,Fixation
1669787040.3451939,,Mouse,111.5,191.0,,,Fixation
1669787040.3618488,,Eye Tracker,113.0,190.0,Valid,Valid,Fixation
1669787040.378504,,Mouse,115.5,189.5,,,Fixation
1669787040.395158,,Eye Tracker,118.0,189.0,Valid,Valid,Fixation
1669787040.411814,,Mouse,119.0,187.5,,,Fixation
1669787040.428469,,Eye Tracker,120.0,186.0,Valid,Valid,Fixation
1669787040.445123,,Mouse,119.0,186.0,,,Fixation
1669787040.461778,,Mouse,118.0,186.0,,,Fixation
1669787040.478433,,Eye Tracker,117.0,186.0,Valid,Valid,Fixation
1669787040.495087,,Eye Tracker,113.0,186.0,Valid,Valid,Fixation
1669787040.5117419,,Mouse,115.5,187.0,,,Fixation
1669787040.5283968,,Eye Tracker,118.0,188.0,Valid,Valid,Fixation
1669787040.545052,,Eye Tracker,121.0,188.0,Valid,Valid,Fixation
1669787040.5617058,,Eye Tracker,119.0,187.0,Valid,Valid,Fixation
1669787040.578361,,Eye Tracker,123.0,195.0,Valid,Valid,Fixation
1669787040.595016,,Eye Tracker,123.0,192.0,Valid,Valid,Fixation
1669787040.61167,,Eye Tracker,122.0,186.0,Valid,Valid,Fixation
1669787040.628325,,Eye Tracker,132.0,178.0,Valid,Valid,Fixation
1669787040.64498,,Eye Tracker,156.0,161.0,Valid,Valid,Saccade
1669787040.661635,,Eye Tracker,172.0,156.0,Valid,Valid,Fixation
1669787040.67829,,Eye Tracker,173.0,155.0,Valid,Valid,Fixation
1669787040.6949449,,Mouse,175.0,157.5,,,Fixation
1669787040.7115989,,Eye Tracker,177.0,160.0,Valid,Valid,Fixation
1669787040.7282538,,Mouse,179.33333333333334,159.33333333333334,,,Fixation
1669787040.744909,,Mouse,181.66666666666666,158.66666666666666,,,Fixation
1669787040.7615628,,Eye Tracker,184.0,158.0,Valid,Valid,Fixation
1669787040.778218,,Mouse,184.0,157.0,,,Fixation
1669787040.794873,,Eye Tracker,184.0,156.0,Valid,Valid,Fixation
1669787040.811528,,Eye Tracker,182.0,156.0,Valid,Valid,Fixation
1669787040.828183,,Eye Tracker,180.0,153.0,Valid,Valid,Fixation
1669787040.844838,,Eye Tracker,179.0,153.0,Valid,Valid,Fixation
1669787040.8614929,,Eye Tracker,177.0,154.0,Valid,Valid,Fixation
1669787040.878147,,Eye Tracker,175.0,151.0,Valid,Valid,Fixation
1669787040.8948019,,Eye Tracker,161.0,155.0,Valid,Valid,Fixation
1669787040.911458,,Eye Tracker,153.0,166.0,Valid,Valid,Fixation
1669787040.928112,,Eye Tracker,166.0,169.0,Valid,Valid,Fixation
1669787040.944767,,Eye Tracker,163.0,170.0,Valid,Valid,Fixation
1669787040.961422,,Mouse,158.0,167.0,,,Fixation
1669787040.978076,,Eye Tracker,153.0,164.0,Valid,Valid,Fixation
1669787040.994731,,Mouse,157.5,160.0,,,Fixation
1669787041.011386,,Eye Tracker,162.0,156.0,Valid,Valid,Fixation
1669787041.02804,,Mouse,164.0,157.0,,,Fixation
1669787041.044695,,Eye Tracker,166.0,158.0,Valid,Valid,Fixation
1669787041.0613499,,Eye Tracker,159.0,154.0,Valid,Valid,Fixation
1669787041.0780048,,Mouse,159.0,154.0,,,Fixation
1669787041.0946589,,Eye Tracker,159.0,154.0,Valid,Valid,Fixation
1669787041.1113138,,Eye Tracker,157.0,161.0,Valid,Valid,Fixation
1669787041.127969,,Eye Tracker,154.0,158.0,Valid,Valid,Fixation
1669787041.144623,,Eye Tracker,159.0,155.0,Valid,Valid,Fixation
1669787041.161279,,Eye Tracker,159.0,153.0,Valid,Valid,Fixation
1669787041.177934,,Mouse,159.0,151.0,,,Fixation
1669787041.194588,,Eye Tracker,159.0,149.0,Valid,Valid,Fixation
1669787041.211243,,Mouse,159.0,148.5,,,Fixation
1669787041.227898,,Eye Tracker,159.0,148.0,Valid,Valid,Fixation
1669787041.2445529,,Mouse,159.0,148.0,,,Fixation
1669787041.261208,,Mouse,159.0,148.0,,,Fixation
1669787041.277863,,Eye Tracker,159.0,148.0,Valid,Valid,Fixation
1669787041.294517,,Mouse,158.5,147.0,,,Fixation
1669787041.311172,,Eye Tracker,158.0,146.0,Valid,Valid,Fixation
1669787041.327827,,Eye Tracker,152.0,152.0,Valid,Valid,Fixation
1669787041.344482,,Mouse,152.5,154.0,,,Fixation
1669787041.361136,,Eye Tracker,153.0,156.0,Valid,Valid,Fixation
1669787041.377791,,Eye Tracker,150.0,157.0,Valid,Valid,Fixation
1669787041.394446,,Eye Tracker,146.0,154.0,Valid,Valid,Fixation
1669787041.4111,,Mouse,145.0,153.33333333333334,,,Fixation
1669787041.4277558,,Mouse,144.0,152.66666666666666,,,Fixation
1669787041.444411,,Eye Tracker,143.0,152.0,Valid,Valid,Fixation
1669787041.461065,,Eye Tracker,143.0,155.0,Valid,Valid,Fixation
1669787041.47772,,Mouse,144.66666666666666,155.33333333333334,,,Fixation
1669787041.494375,,Mouse,146.33333333333334,155.66666666666666,,,Fixation
1669787041.511029,,Eye Tracker,148.0,156.0,Valid,Valid,Fixation
1669787041.527684,,Mouse,149.5,155.0,,,Fixation
1669787041.54434,,Eye Tracker,151.0,154.0,Valid,Valid,Fixation
1669787041.560994,,Eye Tracker,153.0,153.0,Valid,Valid,Fixation
1669787041.5776489,,Mouse,153.0,153.5,,,Fixation
1669787041.5943038,,Eye Tracker,153.0,154.0,Valid,Valid,Fixation
1669787041.610959,,Eye Tracker,151.0,150.0,Valid,Valid,Fixation
1669787041.6276128,,Eye Tracker,147.0,150.0,Valid,Valid,Fixation
1669787041.644268,,Mouse,146.5,149.0,,,Fixation
1669787041.660923,,Eye Tracker,146.0,148.0,Valid,Valid,Fixation
1669787041.677578,,Mouse,147.0,145.5,,,Fixation
1669787041.694233,,Eye Tracker,148.0,143.0,Valid,Valid,Fixation
1669787041.710888,,Mouse,147.0,143.0,,,Fixation
1669787041.727542,,Eye Tracker,146.0,143.0,Valid,Valid,Fixation
1669787041.744197,,Mouse,143.5,141.5,,,Fixation
1669787041.7608519,,Eye Tracker,141.0,140.0,Valid,Valid,Fixation
1669787041.7775059,,Mouse,139.0,140.5,,,Fixation
1669787041.7941608,,Eye Tracker,137.0,141.0,Valid,Valid,Fixation
1669787041.810816,,Mouse,145.0,144.5,,,Fixation
1669787041.8274698,,Eye Tracker,153.0,148.0,Valid,Valid,Fixation
1669787041.844125,,Eye Tracker,164.0,153.0,Valid,Valid,Fixation
1669787041.86078,,Eye Tracker,162.0,154.0,Valid,Valid,Fixation
1669787041.877435,,Eye Tracker,161.0,155.0,Valid,Valid,Fixation
1669787041.89409,,Eye Tracker,163.0,156.0,Valid,Valid,Fixation
1669787041.910745,,Eye Tracker,168.0,158.0,Valid,Valid,Fixation
1669787041.9273999,,Eye Tracker,166.0,157.0,Valid,Valid,Fixation
1669787041.944054,,Eye Tracker,163.0,158.0,Valid,Valid,Fixation
1669787041.9607089,,Eye Tracker,165.0,162.0,Valid,Valid,Fixation
1669787041.9773638,,Mouse,165.5,159.0,,,Fixation
1669787041.9940178,,Eye Tracker,166.0,156.0,Valid,Valid,Fixation
1669787042.010674,,Mouse,166.0,156.0,,,Fixation
1669787042.027329,,Eye Tracker,166.0,156.0,Valid,Valid,Fixation
1669787042.043983,,Eye Tracker,164.0,157.0,Valid,Valid,Fixation
1669787042.060638,,Mouse,164.0,158.0,,,Fixation
1669787042.077293,,Eye Tracker,164.0,159.0,Valid,Valid,Fixation
1669787042.093947,,Mouse,165.0,161.5,,,Fixation
1669787042.110602,,Eye Tracker,166.0,164.0,Valid,Valid,Fixation
1669787042.1272569,,Mouse,165.5,165.5,,,Fixation
1669787042.1439118,,Eye Tracker,165.0,167.0,Valid,Valid,Fixation
1669787042.1605659,,Eye Tracker,167.0,163.0,Valid,Valid,Fixation
1669787042.177222,,Eye Tracker,172.0,162.0,Valid,Valid,Fixation
1669787042.193877,,Eye Tracker,178.0,165.0,Valid,Valid,Fixation
1669787042.210531,,Mouse,177.0,160.0,,,Fixation
1669787042.227186,,Eye Tracker,176.0,155.0,Valid,Valid,Fixation
1669787042.243841,,Mouse,171.0,158.0,,,Fixation
1669787042.260495,,Eye Tracker,166.0,161.0,Valid,Valid,Fixation
1669787042.2771509,,Eye Tracker,166.0,163.0,Valid,Valid,Fixation
1669787042.2938058,,Mouse,164.0,158.5,,,Fixation
1669787042.3104599,,Eye Tracker,162.0,154.0,Valid,Valid,Fixation
1669787042.3271148,,Mouse,162.66666666666666,156.66666666666666,,,Fixation
1669787042.34377,,Mouse,163.33333333333334,159.33333333333334,,,Fixation
1669787042.360424,,Eye Tracker,164.0,162.0,Valid,Valid,Fixation
1669787042.377079,,Mouse,169.5,161.5,,,Fixation
1669787042.393734,,Eye Tracker,175.0,161.0,Valid,Valid,Fixation
1669787042.410389,,Eye Tracker,180.0,161.0,Valid,Valid,Fixation
1669787042.427043,,Eye Tracker,183.0,167.0,Valid,Valid,Fixation
1669787042.443699,,Mouse,183.0,167.5,,,Fixation
1669787042.4603539,,Eye Tracker,183.0,168.0,Valid,Valid,Fixation
1669787042.4770079,,Mouse,186.5,166.0,,,Fixation
1669787042.4936628,,Eye Tracker,190.0,164.0,Valid,Valid,Fixation
1669787042.510318,,Mouse,191.0,162.66666666666666,,,Fixation
1669787042.526972,,Mouse,192.0,161.33333333333334,,,Fixation
1669787042.543627,,Eye Tracker,193.0,160.0,Valid,Valid,Fixation
1669787042.560282,,Mouse,193.0,159.0,,,Fixation
1669787042.576936,,Eye Tracker,193.0,158.0,Valid,Valid,Fixation
1669787042.593591,,Mouse,194.0,159.5,,,Fixation
1669787042.610247,,Eye Tracker,195.0,161.0,Valid,Valid,Fixation
1669787042.626901,,Mouse,192.0,161.5,,,Fixation
1669787042.6435559,,Eye Tracker,189.0,162.0,Valid,Valid,Fixation
1669787042.6602108,,Eye Tracker,187.0,161.0,Valid,Valid,Fixation
1669787042.676866,,Eye Tracker,194.0,163.0,Valid,Valid,Fixation
1669787042.6935198,,Eye Tracker,194.0,163.0,Valid,Valid,Fixation
1669787042.710175,,Eye Tracker,196.0,160.0,Valid,Valid,Fixation
1669787042.72683,,Eye Tracker,199.0,160.0,Valid,Valid,Fixation
1669787042.743484,,Eye Tracker,200.0,156.0,Valid,Valid,Fixation
1669787042.760139,,Mouse,200.0,154.0,,,Fixation
1669787042.776795,,Eye Tracker,200.0,152.0,Valid,Valid,Fixation
1669787042.793449,,Mouse,199.0,152.0,,,Fixation
1669787042.810104,,Eye Tracker,198.0,152.0,Valid,Valid,Fixation
1669787042.8267589,,Mouse,199.0,151.5,,,Fixation
1669787042.8434129,,Eye Tracker,200.0,151.0,Valid,Valid,Fixation
1669787042.8600678,,Mouse,201.0,152.5,,,Fixation
1669787042.876723,,Eye Tracker,202.0,154.0,Valid,Valid,Fixation
1669787042.8933768,,Mouse,200.5,154.0,,,Fixation
1669787042.910032,,Eye Tracker,199.0,154.0,Valid,Valid,Fixation
1669787042.926687,,Eye Tracker,198.0,153.0,Valid,Valid,Fixation
1669787042.943343,,Eye Tracker,195.0,151.0,Valid,Valid,Fixation
1669787042.959997,,Eye Tracker,191.0,153.0,Valid,Valid,Fixation
1669787042.976652,,Mouse,190.0,151.0,,,Fixation
1669787042.9933069,,Eye Tracker,189.0,149.0,Valid,Valid,Fixation
1669787043.009961,,Mouse,190.0,148.0,,,Fixation
1669787043.026617,,Eye Tracker,191.0,147.0,Valid,Valid,Fixation
1669787043.043272,,Mouse,193.5,149.0,,,Fixation
1669787043.059926,,Eye Tracker,196.0,151.0,Valid,Valid,Fixation
1669787043.076581,,Mouse,199.5,150.5,,,Fixation
1669787043.093236,,Eye Tracker,203.0,150.0,Valid,Valid,Fixation
1669787043.10989,,Mouse,202.0,149.0,,,Fixation
1669787043.126545,,Eye Tracker,201.0,148.0,Valid,Valid,Fixation
1669787043.1432,,Mouse,201.33333333333334,146.33333333333334,,,Fixation
1669787043.159854,,Mouse,201.66666666666666,144.66666666666666,,,Fixation
1669787043.176509,,Eye Tracker,202.0,143.0,Valid,Valid,Fixation
1669787043.1931648,,Eye Tracker,203.0,138.0,Valid,Valid,Fixation
1669787043.20982,,Mouse,201.5,137.0,,,Fixation
1669787043.226474,,Eye Tracker,200.0,136.0,Valid,Valid,Fixation
1669787043.243129,,Mouse,200.0,137.0,,,Fixation
1669787043.259784,,Eye Tracker,200.0,138.0,Valid,Valid,Fixation
1669787043.276438,,Mouse,196.0,139.0,,,Fixation
1669787043.293093,,Eye Tracker,192.0,140.0,Valid,Valid,Fixation
1669787043.309748,,Mouse,190.0,140.0,,,Fixation
1669787043.326403,,Eye Tracker,188.0,140.0,Valid,Valid,Fixation
1669787043.3430579,,Mouse,190.5,138.5,,,Fixation
1669787043.3597128,,Eye Tracker,193.0,137.0,Valid,Valid,Fixation
1669787043.3763669,,Eye Tracker,196.0,135.0,Valid,Valid,Fixation
1669787043.3930218,,Mouse,196.0,134.33333333333334,,,Fixation
1669787043.409677,,Mouse,196.0,133.66666666666666,,,Fixation
1669787043.426331,,Eye Tracker,196.0,133.0,Valid,Valid,Fixation
1669787043.442986,,Mouse,201.5,130.5,,,Fixation
1669787043.459641,,Eye Tracker,207.0,128.0,Valid,Valid,Fixation
1669787043.476296,,Eye Tracker,220.0,124.0,Valid,Valid,Fixation
1669787043.49295,,Mouse,226.0,122.0,,,Fixation
1669787043.509606,,Eye Tracker,232.0,120.0,Valid,Valid,Fixation
1669787043.5262609,,Eye Tracker,233.0,124.0,Valid,Valid,Fixation
1669787043.5429149,,Mouse,231.5,124.5,,,Fixation
1669787043.5595698,,Eye Tracker,230.0,125.0,Valid,Valid,Fixation
1669787043.576225,,Eye Tracker,233.0,117.0,Valid,Valid,Fixation
1669787043.592879,,Eye Tracker,238.0,118.0,Valid,Valid,Fixation
1669787043.609534,,Eye Tracker,241.0,122.0,Valid,Valid,Fixation
1669787043.626189,,Eye Tracker,240.0,123.0,Valid,Valid,Fixation
1669787043.642843,,Mouse,244.0,124.5,,,Fixation
1669787043.659498,,Eye Tracker,248.0,126.0,Valid,Valid,Fixation
1669787043.676153,,Eye Tracker,249.0,122.0,Valid,Valid,Fixation
1669787043.692808,,Mouse,245.33333333333334,119.33333333333333,,,Fixation
1669787043.709463,,Mouse,241.66666666666666,116.66666666666667,,,Fixation
1669787043.7261178,,Eye Tracker,238.0,114.0,Valid,Valid,Fixation
1669787043.742773,,Mouse,238.0,113.5,,,Fixation
1669787043.759428,,Eye Tracker,238.0,113.0,Valid,Valid,Fixation
1669787043.776083,,Mouse,242.5,113.5,,,Fixation
1669787043.792738,,Eye Tracker,247.0,114.0,Valid,Valid,Fixation
1669787043.809392,,Mouse,249.5,118.0,,,Fixation
1669787043.826047,,Eye Tracker,252.0,122.0,Valid,Valid,Fixation
1669787043.842702,,Mouse,253.0,123.5,,,Fixation
1669787043.859356,,Eye Tracker,254.0,125.0,Valid,Valid,Fixation
1669787043.876011,,Eye Tracker,255.0,122.0,Valid,Valid,Fixation
1669787043.8926659,,Mouse,254.0,123.0,,,Fixation
1669787043.9093199,,Eye Tracker,253.0,124.0,Valid,Valid,Fixation
1669787043.9259748,,Mouse,253.5,121.0,,,Fixation
1669787043.94263,,Eye Tracker,254.0,118.0,Valid,Valid,Fixation
1669787043.959285,,Mouse,252.5,117.5,,,Fixation
1669787043.97594,,Eye Tracker,251.0,117.0,Valid,Valid,Fixation
1669787043.992595,,Mouse,252.33333333333334,118.0,,,Fixation
1669787044.00925,,Mouse,253.66666666666666,119.0,,,Fixation
1669787044.025904,,Eye Tracker,255.0,120.0,Valid,Valid,Fixation
1669787044.0425599,,Mouse,255.5,119.5,,,Fixation
1669787044.0592148,,Eye Tracker,256.0,119.0,Valid,Valid,Fixation
1669787044.0758688,,Mouse,255.5,117.0,,,Fixation
1669787044.092524,,Eye Tracker,255.0,115.0,Valid,Valid,Fixation
1669787044.109179,,Mouse,255.5,117.0,,,Fixation
1669787044.125833,,Eye Tracker,256.0,119.0,Valid,Valid,Fixation
1669787044.142488,,Eye Tracker,254.0,123.0,Valid,Valid,Fixation
1669787044.159143,,Mouse,254.5,121.5,,,Fixation
1669787044.175797,,Eye Tracker,255.0,120.0,Valid,Valid,Fixation
1669787044.192452,,Mouse,254.0,121.5,,,Fixation
1669787044.209107,,Eye Tracker,253.0,123.0,Valid,Valid,Fixation
1669787044.225761,,Eye Tracker,254.0,123.0,Valid,Valid,Fixation
1669787044.242416,,Eye Tracker,259.0,125.0,Valid,Valid,Fixation
1669787044.2590718,,Eye Tracker,262.0,123.0,Valid,Valid,Fixation
1669787044.275727,,Eye Tracker,265.0,122.0,Valid,Valid,Fixation
1669787044.292381,,Eye Tracker,264.0,126.0,Valid,Valid,Fixation
1669787044.309036,,Eye Tracker,263.0,124.0,Valid,Valid,Fixation
1669787044.325691,,Eye Tracker,265.0,123.0,Valid,Valid,Fixation
1669787044.342345,,Eye Tracker,265.0,123.0,Valid,Valid,Fixation
1669787044.359,,Eye Tracker,265.0,123.0,Valid,Valid,Fixation
1669787044.375655,,Eye Tracker,268.0,124.0,Valid,Valid,Fixation
1669787044.392309,,Eye Tracker,271.0,128.0,Valid,Valid,Fixation
1669787044.4089649,,Eye Tracker,271.0,130.0,Valid,Valid,Fixation
1669787044.4256198,,Eye Tracker,266.0,129.0,Valid,Valid,Fixation
1669787044.4422739,,Mouse,262.0,131.5,,,Fixation
1669787044.4589288,,Eye Tracker,258.0,134.0,Valid,Valid,Fixation
1669787044.475584,,Mouse,256.0,134.0,,,Fixation
1669787044.492239,,Mouse,254.0,134.0,,,Fixation
1669787044.508894,,Eye Tracker,252.0,134.0,Valid,Valid,Fixation
1669787044.525549,,Mouse,252.0,130.5,,,Fixation
1669787044.542204,,Eye Tracker,252.0,127.0,Valid,Valid,Fixation
1669787044.558858,,Mouse,252.0,127.0,,,Fixation
1669787044.575513,,Eye Tracker,252.0,127.0,Valid,Valid,Fixation
1669787044.5921679,,Mouse,252.0,127.5,,,Fixation
1669787044.6088219,,Eye Tracker,252.0,128.0,Valid,Valid,Fixation
1669787044.6254768,,Mouse,253.0,125.0,,,Fixation
1669787044.642132,,Eye Tracker,254.0,122.0,Valid,Valid,Fixation
1669787044.6587858,,Mouse,253.0,122.5,,,Fixation
1669787044.675441,,Eye Tracker,252.0,123.0,Valid,Valid,Fixation
1669787044.692096,,Mouse,252.33333333333334,122.33333333333333,,,Fixation
1669787044.70875,,Mouse,252.66666666666666,121.66666666666667,,,Fixation
1669787044.725406,,Eye Tracker,253.0,121.0,Valid,Valid,Fixation
1669787044.742061,,Eye Tracker,253.0,120.0,Valid,Valid,Fixation
1669787044.7587159,,Mouse,253.0,121.0,,,Fixation
1669787044.7753708,,Eye Tracker,253.0,122.0,Valid,Valid,Fixation
1669787044.792026,,Eye Tracker,252.0,120.0,Valid,Valid,Fixation
1669787044.808681,,Eye Tracker,252.0,122.0,Valid,Valid,Fixation
1669787044.825335,,Eye Tracker,257.0,125.0,Valid,Valid,Fixation
1669787044.84199,,Eye Tracker,253.0,127.0,Valid,Valid,Fixation
1669787044.858645,,Eye Tracker,253.0,123.0,Valid,Valid,Fixation
1669787044.875299,,Eye Tracker,287.0,125.0,Valid,Valid,Saccade
1669787044.891954,,Eye Tracker,313.0,140.0,Valid,Valid,Saccade
1669787044.908609,,Eye Tracker,318.0,154.0,Valid,Valid,Fixation
1669787044.925263,,Eye Tracker,319.0,152.0,Valid,Valid,Fixation
1669787044.941918,,Eye Tracker,319.0,149.0,Valid,Valid,Fixation
1669787044.9585729,,Eye Tracker,320.0,153.0,Valid,Valid,Fixation
1669787044.9752269,,Eye Tracker,320.0,154.0,Valid,Valid,Fixation
1669787044.991883,,Eye Tracker,319.0,147.0,Valid,Valid,Fixation
1669787045.008538,,Eye Tracker,313.0,140.0,Valid,Valid,Fixation
1669787045.025192,,Eye Tracker,313.0,141.0,Valid,Valid,Fixation
1669787045.041847,,Eye Tracker,315.0,143.0,Valid,Valid,Fixation
1669787045.058502,,Eye Tracker,313.0,143.0,Valid,Valid,Fixation
1669787045.075157,,Eye Tracker,310.0,144.0,Valid,Valid,Fixation
1669787045.091811,,Eye Tracker,305.0,142.0,Valid,Valid,Fixation
1669787045.1084669,,Eye Tracker,304.0,140.0,Valid,Valid,Fixation
1669787045.1251218,,Eye Tracker,308.0,147.0,Valid,Valid,Fixation
1669787045.1417758,,Eye Tracker,308.0,148.0,Valid,Valid,Fixation
1669787045.158431,,Eye Tracker,308.0,146.0,Valid,Valid,Fixation
1669787045.175086,,Eye Tracker,308.0,145.0,Valid,Valid,Fixation
1669787045.19174,,Eye Tracker,308.0,142.0,Valid,Valid,Fixation
1669787045.208395,,Eye Tracker,306.0,142.0,Valid,Valid,Fixation
1669787045.22505,,Mouse,307.5,142.0,,,Fixation
1669787045.241705,,Eye Tracker,309.0,142.0,Valid,Valid,Fixation
1669787045.25836,,Eye Tracker,308.0,141.0,Valid,Valid,Fixation
1669787045.2750149,,Eye Tracker,308.0,142.0,Valid,Valid,Fixation
1669787045.291669,,Eye Tracker,310.0,144.0,Valid,Valid,Fixation
1669787045.3083239,,Mouse,308.5,141.0,,,Fixation
1669787045.3249788,,Eye Tracker,307.0,138.0,Valid,Valid,Fixation
1669787045.341634,,Mouse,307.5,138.5,,,Fixation
1669787045.358288,,Eye Tracker,308.0,139.0,Valid,Valid,Fixation
1669787045.374943,,Mouse,307.5,142.5,,,Fixation
1669787045.391598,,Eye Tracker,307.0,146.0,Valid,Valid,Fixation
1669787045.408252,,Mouse,306.5,146.0,,,Fixation
1669787045.424907,,Eye Tracker,306.0,146.0,Valid,Valid,Fixation
1669787045.441562,,Mouse,304.5,146.0,,,Fixation
1669787045.458216,,Eye Tracker,303.0,146.0,Valid,Valid,Fixation
1669787045.4748728,,Eye Tracker,299.0,145.0,Valid,Valid,Fixation
1669787045.491528,,Eye Tracker,301.0,136.0,Valid,Valid,Fixation
1669787045.508182,,Mouse,302.5,136.0,,,Fixation
1669787045.524837,,Eye Tracker,304.0,136.0,Valid,Valid,Fixation
1669787045.541492,,Eye Tracker,308.0,136.0,Valid,Valid,Fixation
1669787045.558146,,Eye Tracker,308.0,134.0,Valid,Valid,Fixation
1669787045.574801,,Eye Tracker,305.0,136.0,Valid,Valid,Fixation
1669787045.591456,,Mouse,305.5,134.5,,,Fixation
1669787045.608111,,Eye Tracker,306.0,133.0,Valid,Valid,Fixation
1669787045.624765,,Mouse,309.0,133.0,,,Fixation
1669787045.64142,,Eye Tracker,312.0,133.0,Valid,Valid,Fixation
1669787045.6580749,,Mouse,310.0,133.0,,,Fixation
1669787045.6747289,,Eye Tracker,308.0,133.0,Valid,Valid,Fixation
1669787045.6913838,,Mouse,308.0,132.5,,,Fixation
1669787045.708039,,Eye Tracker,308.0,132.0,Valid,Valid,Fixation
1669787045.724694,,Mouse,312.0,133.5,,,Fixation
1669787045.741349,,Eye Tracker,316.0,135.0,Valid,Valid,Fixation
1669787045.758004,,Mouse,315.5,133.5,,,Fixation
1669787045.774658,,Eye Tracker,315.0,132.0,Valid,Valid,Fixation
1669787045.791313,,Eye Tracker,306.0,125.0,Valid,Valid,Fixation
1669787045.807968,,Eye Tracker,306.0,131.0,Valid,Valid,Fixation
1669787045.824622,,Eye Tracker,312.0,138.0,Valid,Valid,Fixation
1669787045.841277,,Eye Tracker,314.0,136.0,Valid,Valid,Fixation
1669787045.8579319,,Eye Tracker,319.0,141.0,Valid,Valid,Fixation
1669787045.8745868,,Mouse,317.5,140.0,,,Fixation
1669787045.8912408,,Eye Tracker,316.0,139.0,Valid,Valid,Fixation
1669787045.907896,,Mouse,317.5,135.0,,,Fixation
1669787045.924551,,Eye Tracker,319.0,131.0,Valid,Valid,Fixation
1669787045.941205,,Mouse,320.0,131.0,,,Fixation
1669787045.95786,,Eye Tracker,321.0,131.0,Valid,Valid,Fixation
1669787045.974516,,Mouse,323.0,128.0,,,Fixation
1669787045.99117,,Eye Tracker,325.0,125.0,Valid,Valid,Fixation
1669787046.007825,,Mouse,329.0,123.0,,,Fixation
1669787046.0244799,,Mouse,333.0,121.0,,,Fixation
1669787046.0411339,,Eye Tracker,337.0,119.0,Valid,Valid,Fixation
1669787046.0577888,,Eye Tracker,340.0,115.0,Valid,Valid,Fixation
1669787046.074444,,Mouse,340.6666666666667,114.33333333333333,,,Fixation
1669787046.0910978,,Mouse,341.3333333333333,113.66666666666667,,,Fixation
1669787046.107753,,Eye Tracker,342.0,113.0,Valid,Valid,Fixation
1669787046.124408,,Eye Tracker,341.0,108.0,Valid,Valid,Fixation
1669787046.141063,,Eye Tracker,346.0,106.0,Valid,Valid,Fixation
1669787046.157717,,Eye Tracker,349.0,107.0,Valid,Valid,Fixation
1669787046.174372,,Eye Tracker,349.0,106.0,Valid,Valid,Fixation
1669787046.191027,,Mouse,348.0,107.5,,,Fixation
1669787046.207681,,Eye Tracker,347.0,109.0,Valid,Valid,Fixation
1669787046.2243369,,Eye Tracker,347.0,112.0,Valid,Valid,Fixation
1669787046.2409918,,Eye Tracker,349.0,113.0,Valid,Valid,Fixation
1669787046.2576458,,Eye Tracker,349.0,109.0,Valid,Valid,Fixation
1669787046.274301,,Mouse,349.0,107.5,,,Fixation
1669787046.290956,,Eye Tracker,349.0,106.0,Valid,Valid,Fixation
1669787046.30761,,Mouse,348.5,105.0,,,Fixation
1669787046.324265,,Eye Tracker,348.0,104.0,Valid,Valid,Fixation
1669787046.34092,,Eye Tracker,351.0,103.0,Valid,Valid,Fixation
1669787046.357574,,Eye Tracker,352.0,100.0,Valid,Valid,Fixation
1669787046.374229,,Eye Tracker,351.0,99.0,Valid,Valid,Fixation
1669787046.390884,,Eye Tracker,352.0,100.0,Valid,Valid,Fixation
1669787046.407539,,Eye Tracker,350.0,106.0,Valid,Valid,Fixation
1669787046.424193,,Mouse,346.5,108.5,,,Fixation
1669787046.4408479,,Eye Tracker,343.0,111.0,Valid,Valid,Fixation
1669787046.457504,,Mouse,342.0,113.5,,,Fixation
1669787046.474158,,Eye Tracker,341.0,116.0,Valid,Valid,Fixation
1669787046.490813,,Mouse,340.0,114.66666666666667,,,Fixation
1669787046.507468,,Mouse,339.0,113.33333333333333,,,Fixation
1669787046.524122,,Eye Tracker,338.0,112.0,Valid,Valid,Fixation
1669787046.540777,,Mouse,337.5,109.0,,,Fixation
1669787046.557432,,Eye Tracker,337.0,106.0,Valid,Valid,Fixation
1669787046.574086,,Mouse,337.5,106.0,,,Fixation
1669787046.590741,,Eye Tracker,338.0,106.0,Valid,Valid,Fixation
1669787046.607396,,Mouse,337.0,104.66666666666667,,,Fixation
1669787046.62405,,Mouse,336.0,103.33333333333333,,,Fixation
1669787046.6407049,,Eye Tracker,335.0,102.0,Valid,Valid,Fixation
1669787046.6573598,,Eye Tracker,335.0,100.0,Valid,Valid,Fixation
1669787046.674015,,Eye Tracker,339.0,104.0,Valid,Valid,Fixation
1669787046.6906688,,Eye Tracker,338.0,104.0,Valid,Valid,Fixation
1669787046.707325,,Eye Tracker,335.0,103.0,Valid,Valid,Fixation
1669787046.72398,,Eye Tracker,339.0,103.0,Valid,Valid,Fixation
1669787046.740634,,Eye Tracker,338.0,102.0,Valid,Valid,Fixation
1669787046.757289,,Eye Tracker,339.0,105.0,Valid,Valid,Fixation
1669787046.773944,,Mouse,348.5,97.0,,,Fixation
1669787046.790598,,Eye Tracker,358.0,89.0,Valid,Valid,Fixation
1669787046.807253,,Mouse,364.0,84.0,,,Fixation
1669787046.8239079,,Eye Tracker,370.0,79.0,Valid,Valid,Fixation
1669787046.8405619,,Eye Tracker,372.0,83.0,Valid,Valid,Fixation
1669787046.8572168,,Eye Tracker,372.0,82.0,Valid,Valid,Fixation
1669787046.873872,,Eye Tracker,367.0,78.0,Valid,Valid,Fixation
1669787046.890526,,Mouse,369.5,79.0,,,Fixation
1669787046.907181,,Eye Tracker,372.0,80.0,Valid,Valid,Fixation
1669787046.923836,,Mouse,373.0,82.0,,,Fixation
1669787046.940491,,Eye Tracker,374.0,84.0,Valid,Valid,Fixation
1669787046.957146,,Mouse,374.5,83.0,,,Fixation
1669787046.973801,,Eye Tracker,375.0,82.0,Valid,Valid,Fixation
1669787046.9904559,,Mouse,374.0,79.0,,,Fixation
1669787047.0071099,,Eye Tracker,373.0,76.0,Valid,Valid,Fixation
1669787047.0237648,,Mouse,373.0,75.0,,,Fixation
1669787047.04042,,Eye Tracker,373.0,74.0,Valid,Valid,Fixation
1669787047.0570738,,Mouse,374.0,77.0,,,Fixation
1669787047.073729,,Eye Tracker,375.0,80.0,Valid,Valid,Fixation
1669787047.090384,,Eye Tracker,376.0,82.0,Valid,Valid,Fixation
1669787047.107038,,Eye Tracker,373.0,80.0,Valid,Valid,Fixation
1669787047.123693,,Mouse,372.5,81.5,,,Fixation
1669787047.140348,,Eye Tracker,372.0,83.0,Valid,Valid,Fixation
1669787047.157002,,Eye Tracker,378.0,85.0,Valid,Valid,Fixation
1669787047.173657,,Mouse,378.6666666666667,86.33333333333333,,,Fixation
1669787047.190312,,Mouse,379.3333333333333,87.66666666666667,,,Fixation
1669787047.2069678,,Eye Tracker,380.0,89.0,Valid,Valid,Fixation
1669787047.2236218,,Eye Tracker,381.0,92.0,Valid,Valid,Fixation
1669787047.240277,,Eye Tracker,378.0,89.0,Valid,Valid,Fixation
1669787047.256932,,Eye Tracker,375.0,91.0,Valid,Valid,Fixation
1669787047.273586,,Eye Tracker,375.0,90.0,Valid,Valid,Fixation
1669787047.290241,,Eye Tracker,377.0,87.0,Valid,Valid,Fixation
1669787047.306896,,Mouse,377.5,87.5,,,Fixation
1669787047.32355,,Eye Tracker,378.0,88.0,Valid,Valid,Fixation
1669787047.340205,,Mouse,380.0,85.5,,,Fixation
1669787047.35686,,Eye Tracker,382.0,83.0,Valid,Valid,Fixation
1669787047.373514,,Mouse,384.5,84.5,,,Fixation
1669787047.390169,,Eye Tracker,387.0,86.0,Valid,Valid,Fixation
1669787047.4068239,,Mouse,386.0,88.5,,,Fixation
1669787047.423478,,Eye Tracker,385.0,91.0,Valid,Valid,Fixation
1669787047.440134,,Eye Tracker,387.0,87.0,Valid,Valid,Fixation
1669787047.456789,,Mouse,390.0,88.0,,,Fixation
1669787047.473444,,Eye Tracker,393.0,89.0,Valid,Valid,Fixation
1669787047.490098,,Mouse,391.5,90.5,,,Fixation
1669787047.506753,,Eye Tracker,390.0,92.0,Valid,Valid,Fixation
1669787047.523408,,Mouse,389.5,88.5,,,Fixation
1669787047.540062,,Eye Tracker,389.0,85.0,Valid,Valid,Fixation
1669787047.556717,,Mouse,391.5,88.0,,,Fixation
1669787047.573372,,Eye Tracker,394.0,91.0,Valid,Valid,Fixation
1669787047.590026,,Mouse,395.0,98.5,,,Fixation
1669787047.6066809,,Eye Tracker,396.0,106.0,Valid,Valid,Fixation
1669787047.6233358,,Mouse,396.0,106.0,,,Fixation
1669787047.6399899,,Eye Tracker,396.0,106.0,Valid,Valid,Fixation
1669787047.6566448,,Mouse,397.0,104.0,,,Fixation
1669787047.6733,,Eye Tracker,398.0,102.0,Valid,Valid,Fixation
1669787047.689955,,Mouse,398.6666666666667,101.66666666666667,,,Fixation
1669787047.70661,,Mouse,399.3333333333333,101.33333333333333,,,Fixation
1669787047.723265,,Eye Tracker,400.0,101.0,Valid,Valid,Fixation
1669787047.73992,,Eye Tracker,402.0,103.0,Valid,Valid,Fixation
1669787047.756574,,Mouse,403.0,103.5,,,Fixation
1669787047.773229,,Eye Tracker,404.0,104.0,Valid,Valid,Fixation
1669787047.7898839,,Eye Tracker,409.0,106.0,Valid,Valid,Fixation
1669787047.8065379,,Eye Tracker,411.0,110.0,Valid,Valid,Fixation
1669787047.8231928,,Eye Tracker,413.0,118.0,Valid,Valid,Fixation
1669787047.839848,,Eye Tracker,413.0,119.0,Valid,Valid,Fixation
1669787047.856502,,Eye Tracker,414.0,118.0,Valid,Valid,Fixation
1669787047.873157,,Eye Tracker,415.0,122.0,Valid,Valid,Fixation
1669787047.889812,,Eye Tracker,442.0,133.0,Valid,Valid,Saccade
1669787047.906466,,Eye Tracker,470.0,136.0,Valid,Valid,Saccade
1669787047.923121,,Eye Tracker,471.0,143.0,Valid,Valid,Fixation
1669787047.939777,,Eye Tracker,470.0,142.0,Valid,Valid,Fixation
1669787047.956431,,Eye Tracker,475.0,139.0,Valid,Valid,Fixation
1669787047.9730859,,Eye Tracker,477.0,137.0,Valid,Valid,Fixation
1669787047.9897408,,Eye Tracker,476.0,139.0,Valid,Valid,Fixation
1669787048.006396,,Eye Tracker,478.0,144.0,Valid,Valid,Fixation
1669787048.0230498,,Eye Tracker,476.0,132.0,Valid,Valid,Fixation
1669787048.039705,,Eye Tracker,475.0,130.0,Valid,Valid,Fixation
1669787048.05636,,Mouse,474.5,133.5,,,Fixation
1669787048.073014,,Eye Tracker,474.0,137.0,Valid,Valid,Fixation
1669787048.089669,,Eye Tracker,475.0,136.0,Valid,Valid,Fixation
1669787048.106324,,Eye Tracker,471.0,138.0,Valid,Valid,Fixation
1669787048.122978,,Eye Tracker,471.0,139.0,Valid,Valid,Fixation
1669787048.139633,,Mouse,476.0,139.0,,,Fixation
1669787048.156288,,Eye Tracker,481.0,139.0,Valid,Valid,Fixation
1669787048.172942,,Eye Tracker,481.0,140.0,Valid,Valid,Fixation
1669787048.1895978,,Eye Tracker,466.0,142.0,Valid,Valid,Fixation
1669787048.206253,,Eye Tracker,459.0,140.0,Valid,Valid,Fixation
1669787048.2229068,,Mouse,462.0,139.0,,,Fixation
1669787048.239562,,Eye Tracker,465.0,138.0,Valid,Valid,Fixation
1669787048.256217,,Eye Tracker,463.0,136.0,Valid,Valid,Fixation
1669787048.272872,,Mouse,461.5,136.0,,,Fixation
1669787048.289526,,Eye Tracker,460.0,136.0,Valid,Valid,Fixation
1669787048.306181,,Eye Tracker,463.0,141.0,Valid,Valid,Fixation
1669787048.322836,,Eye Tracker,464.0,145.0,Valid,Valid,Fixation
1669787048.33949,,Eye Tracker,467.0,145.0,Valid,Valid,Fixation
1669787048.356145,,Mouse,465.5,142.0,,,Fixation
1669787048.3727999,,Eye Tracker,464.0,139.0,Valid,Valid,Fixation
1669787048.389454,,Mouse,462.0,139.0,,,Fixation
1669787048.4061089,,Eye Tracker,460.0,139.0,Valid,Valid,Fixation
1669787048.422765,,Eye Tracker,462.0,141.0,Valid,Valid,Fixation
1669787048.439419,,Mouse,462.5,139.0,,,Fixation
1669787048.456074,,Eye Tracker,463.0,137.0,Valid,Valid,Fixation
1669787048.472729,,Mouse,464.0,137.5,,,Fixation
1669787048.489383,,Eye Tracker,465.0,138.0,Valid,Valid,Fixation
1669787048.506038,,Mouse,464.0,137.5,,,Fixation
1669787048.522693,,Eye Tracker,463.0,137.0,Valid,Valid,Fixation
1669787048.539348,,Mouse,461.0,137.0,,,Fixation
1669787048.556002,,Eye Tracker,459.0,137.0,Valid,Valid,Fixation
1669787048.5726569,,Mouse,462.5,139.5,,,Fixation
1669787048.5893118,,Eye Tracker,466.0,142.0,Valid,Valid,Fixation
1669787048.6059659,,Mouse,466.5,141.5,,,Fixation
1669787048.6226208,,Eye Tracker,467.0,141.0,Valid,Valid,Fixation
1669787048.639276,,Eye Tracker,464.0,139.0,Valid,Valid,Fixation
1669787048.65593,,Mouse,465.0,138.66666666666666,,,Fixation
1669787048.672586,,Mouse,466.0,138.33333333333334,,,Fixation
1669787048.689241,,Eye Tracker,467.0,138.0,Valid,Valid,Fixation
1669787048.705895,,Mouse,468.0,138.33333333333334,,,Fixation
1669787048.72255,,Mouse,469.0,138.66666666666666,,,Fixation
1669787048.739205,,Eye Tracker,470.0,139.0,Valid,Valid,Fixation
1669787048.755859,,Eye Tracker,470.0,136.0,Valid,Valid,Fixation
1669787048.7725139,,Mouse,471.5,137.0,,,Fixation
1669787048.7891688,,Eye Tracker,473.0,138.0,Valid,Valid,Fixation
1669787048.805824,,Mouse,472.5,141.0,,,Fixation
1669787048.822478,,Eye Tracker,472.0,144.0,Valid,Valid,Fixation
1669787048.839133,,Eye Tracker,471.0,141.0,Valid,Valid,Fixation
1669787048.855788,,Eye Tracker,471.0,138.0,Valid,Valid,Fixation
1669787048.872442,,Eye Tracker,472.0,139.0,Valid,Valid,Fixation
1669787048.889097,,Eye Tracker,473.0,132.0,Valid,Valid,Fixation
1669787048.905752,,Eye Tracker,474.0,131.0,Valid,Valid,Fixation
1669787048.922407,,Eye Tracker,474.0,134.0,Valid,Valid,Fixation
1669787048.9390619,,Eye Tracker,470.0,135.0,Valid,Valid,Fixation
1669787048.9557168,,Eye Tracker,471.0,132.0,Valid,Valid,Fixation
1669787048.9723709,,Eye Tracker,470.0,132.0,Valid,Valid,Fixation
1669787049.621906,,Eye Tracker,471.0,133.0,Valid,Valid,Fixation
1669787049.638561,,Eye Tracker,472.0,132.0,Valid,Valid,Fixation
1669787049.788454,,Mouse,469.5,131.0,,,Fixation
1669787049.805109,,Eye Tracker,467.0,130.0,Valid,Valid,Fixation
1669787049.821763,,Eye Tracker,468.0,125.0,Valid,Valid,Fixation
1669787049.871728,,Mouse,470.5,128.5,,,Fixation
1669787049.9550018,,Eye Tracker,473.0,132.0,Valid,Valid,Fixation
1669787049.971657,,Mouse,474.0,132.0,,,Fixation
1669787049.988311,,Eye Tracker,475.0,132.0,Valid,Valid,Fixation
1669787050.038275,,Mouse,475.0,127.5,,,Fixation
1669787050.121549,,Eye Tracker,475.0,123.0,Valid,Valid,Fixation
1669787050.1382039,,Mouse,473.5,120.5,,,Fixation
1669787050.1548588,,Eye Tracker,472.0,118.0,Valid,Valid,Fixation
1669787050.171514,,Mouse,472.3333333333333,119.33333333333333,,,Fixation
1669787050.188169,,Mouse,472.6666666666667,120.66666666666667,,,Fixation
1669787050.204823,,Eye Tracker,473.0,122.0,Valid,Valid,Fixation
1669787050.221478,,Eye Tracker,477.0,127.0,Valid,Valid,Fixation
1669787050.238133,,Mouse,476.0,125.33333333333333,,,Fixation
1669787050.254787,,Mouse,475.0,123.66666666666667,,,Fixation
1669787050.271442,,Eye Tracker,474.0,122.0,Valid,Valid,Fixation
1669787050.288097,,Mouse,474.5,120.5,,,Fixation
1669787050.304751,,Eye Tracker,475.0,119.0,Valid,Valid,Fixation
1669787050.321406,,Eye Tracker,475.0,123.0,Valid,Valid,Fixation
1669787050.3380609,,Eye Tracker,475.0,125.0,Valid,Valid,Fixation
1669787050.3547149,,Eye Tracker,476.0,123.0,Valid,Valid,Fixation
1669787050.3713698,,Eye Tracker,479.0,123.0,Valid,Valid,Fixation
1669787050.388026,,Eye Tracker,478.0,125.0,Valid,Valid,Fixation
1669787050.404681,,Eye Tracker,475.0,124.0,Valid,Valid,Fixation
1669787050.421335,,Eye Tracker,478.0,122.0,Valid,Valid,Fixation
1669787050.43799,,Eye Tracker,480.0,123.0,Valid,Valid,Fixation
1669787050.454645,,Eye Tracker,480.0,124.0,Valid,Valid,Fixation
1669787050.471299,,Eye Tracker,482.0,128.0,Valid,Valid,Fixation
1669787050.487954,,Eye Tracker,499.0,129.0,Valid,Valid,Fixation
1669787050.5046089,,Eye Tracker,507.0,130.0,Valid,Valid,Fixation
1669787050.521263,,Eye Tracker,510.0,143.0,Valid,Valid,Fixation
1669787050.5379179,,Mouse,511.5,153.0,,,Fixation
1669787050.5545719,,Eye Tracker,513.0,163.0,Valid,Valid,Fixation
1669787050.571226,,Eye Tracker,509.0,152.0,Valid,Valid,Fixation
1669787050.5878808,,Mouse,501.5,143.5,,,Fixation
1669787050.604536,,Eye Tracker,494.0,135.0,Invalid,Valid,Saccade
1669787050.6211898,,Eye Tracker,460.75,192.25,Invalid,Invalid,EyesNotFound
1669787050.637846,,Eye Tracker,427.5,249.5,Invalid,Invalid,EyesNotFound
1669787050.654501,,Mouse,394.25,306.75,,,Saccade
1669787050.671156,,Eye Tracker,361.0,364.0,Invalid,Valid,Saccade
1669787050.68781,,Mouse,321.5,427.0,,,Saccade
1669787050.704465,,Eye Tracker,282.0,490.0,Valid,Valid,Saccade
1669787050.7211199,,Mouse,307.0,438.5,,,Saccade
1669787050.737774,,Eye Tracker,332.0,387.0,Valid,Valid,Unclassified
1669787050.7544289,,Mouse,360.5,305.0,,,Saccade
1669787050.7710838,,Eye Tracker,389.0,223.0,Valid,Valid,Saccade
1669787050.7877378,,Mouse,386.5,207.0,,,Saccade
1669787050.804393,,Eye Tracker,384.0,191.0,Valid,Valid,Saccade
1669787050.821048,,Eye Tracker,486.0,127.0,Valid,Valid,Saccade
1669787050.837702,,Mouse,488.5,133.5,,,Saccade
1669787050.854357,,Eye Tracker,491.0,140.0,Valid,Valid,Fixation
1669787050.871012,,Mouse,492.3333333333333,139.0,,,Fixation
1669787050.887667,,Mouse,493.6666666666667,138.0,,,Fixation
1669787050.904322,,Eye Tracker,495.0,137.0,Valid,Valid,Fixation
1669787050.9209769,,Mouse,499.0,141.0,,,Fixation
1669787050.9376318,,Eye Tracker,503.0,145.0,Valid,Valid,Fixation
1669787050.9542859,,Mouse,502.5,143.5,,,Fixation
1669787050.9709408,,Eye Tracker,502.0,142.0,Valid,Valid,Fixation
1669787050.987596,,Mouse,504.0,143.0,,,Fixation
1669787051.00425,,Mouse,506.0,144.0,,,Fixation
1669787051.020905,,Eye Tracker,508.0,145.0,Valid,Valid,Fixation
1669787051.03756,,Mouse,508.0,144.0,,,Fixation
1669787051.054214,,Eye Tracker,508.0,143.0,Valid,Valid,Fixation
1669787051.070869,,Mouse,507.0,141.5,,,Fixation
1669787051.087524,,Eye Tracker,506.0,140.0,Valid,Valid,Fixation
1669787051.104178,,Mouse,504.5,137.5,,,Fixation
1669787051.120833,,Eye Tracker,503.0,135.0,Valid,Valid,Fixation
1669787051.1374888,,Eye Tracker,501.0,136.0,Valid,Valid,Fixation
1669787051.1541429,,Eye Tracker,502.0,136.0,Valid,Valid,Fixation
1669787051.1707978,,Eye Tracker,500.0,139.0,Valid,Valid,Fixation
1669787051.187453,,Eye Tracker,500.0,138.0,Valid,Valid,Fixation
1669787051.204108,,Eye Tracker,499.0,159.0,Valid,Valid,Fixation
1669787051.220762,,Eye Tracker,521.0,191.0,Valid,Valid,Saccade
1669787051.237417,,Eye Tracker,537.0,205.0,Valid,Valid,Fixation
1669787051.254072,,Eye Tracker,536.0,204.0,Valid,Valid,Fixation
1669787051.270726,,Eye Tracker,535.0,206.0,Valid,Valid,Fixation
1669787051.287381,,Eye Tracker,537.0,206.0,Valid,Valid,Fixation
1669787051.304036,,Eye Tracker,542.0,201.0,Valid,Valid,Fixation
1669787051.32069,,Eye Tracker,540.0,207.0,Valid,Valid,Fixation
1669787051.337345,,Eye Tracker,539.0,205.0,Valid,Valid,Fixation
1669787051.3539999,,Mouse,540.0,204.0,,,Fixation
1669787051.3706548,,Eye Tracker,541.0,203.0,Valid,Valid,Fixation
1669787051.38731,,Eye Tracker,542.0,211.0,Valid,Valid,Fixation
1669787051.403965,,Mouse,543.0,210.5,,,Fixation
1669787051.420619,,Eye Tracker,544.0,210.0,Valid,Valid,Fixation
1669787051.437274,,Mouse,539.0,209.5,,,Fixation
1669787051.453929,,Eye Tracker,534.0,209.0,Valid,Valid,Fixation
1669787051.470584,,Mouse,527.0,206.0,,,Fixation
1669787051.487238,,Eye Tracker,520.0,203.0,Valid,Valid,Fixation
1669787051.503893,,Mouse,520.0,203.5,,,Fixation
1669787051.5205479,,Eye Tracker,520.0,204.0,Valid,Valid,Fixation
1669787051.537202,,Mouse,522.0,205.0,,,Fixation
1669787051.5538568,,Eye Tracker,524.0,206.0,Valid,Valid,Fixation
1669787051.570512,,Mouse,525.0,205.5,,,Fixation
1669787051.5871658,,Eye Tracker,526.0,205.0,Valid,Valid,Fixation
1669787051.603821,,Mouse,524.0,206.5,,,Fixation
1669787051.620477,,Eye Tracker,522.0,208.0,Valid,Valid,Fixation
1669787051.637131,,Mouse,520.0,206.5,,,Fixation
1669787051.653786,,Eye Tracker,518.0,205.0,Valid,Valid,Fixation
1669787051.670441,,Mouse,517.5,203.0,,,Fixation
1669787051.687095,,Eye Tracker,517.0,201.0,Valid,Valid,Fixation
1669787051.70375,,Eye Tracker,519.0,206.0,Valid,Valid,Fixation
1669787051.7204049,,Mouse,519.0,207.66666666666666,,,Fixation
1669787051.7370598,,Mouse,519.0,209.33333333333334,,,Fixation
1669787051.7537138,,Eye Tracker,519.0,211.0,Valid,Valid,Fixation
1669787051.770369,,Eye Tracker,520.0,213.0,Valid,Valid,Fixation
1669787051.787024,,Mouse,519.0,215.5,,,Fixation
1669787051.803678,,Eye Tracker,518.0,218.0,Valid,Valid,Fixation
1669787051.820333,,Eye Tracker,519.0,220.0,Valid,Valid,Fixation
1669787051.836988,,Eye Tracker,520.0,223.0,Valid,Valid,Fixation
1669787051.853642,,Eye Tracker,516.0,220.0,Valid,Valid,Fixation
1669787051.870298,,Eye Tracker,515.0,216.0,Valid,Valid,Fixation
1669787051.8869529,,Eye Tracker,515.0,219.0,Valid,Valid,Fixation
1669787051.903607,,Mouse,515.0,218.5,,,Fixation
1669787051.9202619,,Eye Tracker,515.0,218.0,Valid,Valid,Fixation
1669787051.9369168,,Eye Tracker,512.0,221.0,Valid,Valid,Fixation
1669787051.9535708,,Eye Tracker,513.0,225.0,Valid,Valid,Fixation
1669787051.970226,,Mouse,514.5,221.5,,,Fixation
1669787051.986881,,Eye Tracker,516.0,218.0,Valid,Valid,Fixation
1669787052.003536,,Eye Tracker,514.0,216.0,Valid,Valid,Fixation
1669787052.02019,,Mouse,514.0,218.0,,,Fixation
1669787052.036845,,Eye Tracker,514.0,220.0,Valid,Valid,Fixation
1669787052.0535,,Eye Tracker,515.0,223.0,Valid,Valid,Fixation
1669787052.070154,,Mouse,514.3333333333334,223.66666666666666,,,Fixation
1669787052.086809,,Mouse,513.6666666666666,224.33333333333334,,,Fixation
1669787052.103464,,Eye Tracker,513.0,225.0,Valid,Valid,Fixation
1669787052.1201189,,Eye Tracker,514.0,228.0,Valid,Valid,Fixation
1669787052.1367738,,Mouse,516.0,228.0,,,Fixation
1669787052.153429,,Mouse,518.0,228.0,,,Fixation
1669787052.170083,,Eye Tracker,520.0,228.0,Valid,Valid,Fixation
1669787052.186738,,Mouse,520.0,226.5,,,Fixation
1669787052.203393,,Eye Tracker,520.0,225.0,Valid,Valid,Fixation
1669787052.220047,,Mouse,518.5,227.0,,,Fixation
1669787052.236702,,Eye Tracker,517.0,229.0,Valid,Valid,Fixation
1669787052.253357,,Mouse,517.0,229.0,,,Fixation
1669787052.270012,,Eye Tracker,517.0,229.0,Valid,Valid,Fixation
1669787052.286666,,Mouse,516.0,227.5,,,Fixation
1669787052.303321,,Eye Tracker,515.0,226.0,Valid,Valid,Fixation
1669787052.3199759,,Mouse,514.5,226.5,,,Fixation
1669787052.3366299,,Eye Tracker,514.0,227.0,Valid,Valid,Fixation
1669787052.3532848,,Mouse,514.0,226.0,,,Fixation
1669787052.369941,,Eye Tracker,514.0,225.0,Valid,Valid,Fixation
1669787052.386595,,Mouse,515.5,225.0,,,Fixation
1669787052.40325,,Eye Tracker,517.0,225.0,Valid,Valid,Fixation
1669787052.419905,,Mouse,517.0,225.5,,,Fixation
1669787052.436559,,Eye Tracker,517.0,226.0,Valid,Valid,Fixation
1669787052.453214,,Mouse,516.5,226.0,,,Fixation
1669787052.469869,,Eye Tracker,516.0,226.0,Valid,Valid,Fixation
1669787052.486523,,Mouse,516.3333333333334,227.0,,,Fixation
1669787052.503178,,Mouse,516.6666666666666,228.0,,,Fixation
1669787052.5198328,,Eye Tracker,517.0,229.0,Valid,Valid,Fixation
1669787052.536488,,Mouse,516.0,228.5,,,Fixation
1669787052.5531418,,Eye Tracker,515.0,228.0,Valid,Valid,Fixation
1669787052.569797,,Eye Tracker,513.0,232.0,Valid,Valid,Fixation
1669787052.586452,,Eye Tracker,513.0,234.0,Valid,Valid,Fixation
1669787052.603107,,Eye Tracker,515.0,233.0,Valid,Valid,Fixation
1669787052.619762,,Eye Tracker,521.0,248.0,Valid,Valid,Fixation
1669787052.636417,,Eye Tracker,529.0,269.0,Valid,Valid,Fixation
1669787052.653071,,Eye Tracker,530.0,281.0,Valid,Valid,Fixation
1669787052.669726,,Eye Tracker,529.0,293.0,Valid,Valid,Fixation
1669787052.6863809,,Mouse,527.0,291.5,,,Fixation
1669787052.7030349,,Eye Tracker,525.0,290.0,Valid,Valid,Fixation
1669787052.7196898,,Mouse,522.0,290.5,,,Fixation
1669787052.736345,,Eye Tracker,519.0,291.0,Valid,Valid,Fixation
1669787052.7529988,,Mouse,521.5,291.5,,,Fixation
1669787052.769654,,Eye Tracker,524.0,292.0,Valid,Valid,Fixation
1669787052.786309,,Mouse,527.5,292.5,,,Fixation
1669787052.802964,,Eye Tracker,531.0,293.0,Valid,Valid,Fixation
1669787052.819618,,Eye Tracker,532.0,291.0,Valid,Valid,Fixation
1669787052.836273,,Mouse,532.0,294.5,,,Fixation
1669787052.8529289,,Eye Tracker,532.0,298.0,Valid,Valid,Fixation
1669787052.869583,,Eye Tracker,531.0,300.0,Valid,Valid,Fixation
1669787052.8862379,,Mouse,530.6666666666666,298.3333333333333,,,Fixation
1669787052.9028928,,Mouse,530.3333333333334,296.6666666666667,,,Fixation
1669787052.9195468,,Eye Tracker,530.0,295.0,Valid,Valid,Fixation
1669787052.936202,,Mouse,530.5,297.0,,,Fixation
1669787052.952857,,Eye Tracker,531.0,299.0,Valid,Valid,Fixation
1669787052.969511,,Eye Tracker,531.0,303.0,Valid,Valid,Fixation
1669787052.986166,,Mouse,529.6666666666666,303.0,,,Fixation
1669787053.002821,,Mouse,528.3333333333334,303.0,,,Fixation
1669787053.019475,,Eye Tracker,527.0,303.0,Valid,Valid,Fixation
1669787053.03613,,Mouse,528.5,305.0,,,Fixation
1669787053.052785,,Eye Tracker,530.0,307.0,Valid,Valid,Fixation
1669787053.06944,,Mouse,532.0,306.5,,,Fixation
1669787053.086094,,Eye Tracker,534.0,306.0,Valid,Valid,Fixation
1669787053.1027489,,Mouse,535.0,308.0,,,Fixation
1669787053.1194038,,Eye Tracker,536.0,310.0,Valid,Valid,Fixation
1669787053.1360579,,Mouse,534.0,310.3333333333333,,,Fixation
1669787053.152714,,Mouse,532.0,310.6666666666667,,,Fixation
1669787053.169369,,Eye Tracker,530.0,311.0,Valid,Valid,Fixation
1669787053.186023,,Mouse,529.5,312.5,,,Fixation
1669787053.202678,,Eye Tracker,529.0,314.0,Valid,Valid,Fixation
1669787053.219333,,Mouse,530.0,315.0,,,Fixation
1669787053.235987,,Eye Tracker,531.0,316.0,Valid,Valid,Fixation
1669787053.252642,,Mouse,528.5,313.0,,,Fixation
1669787053.269297,,Eye Tracker,526.0,310.0,Valid,Valid,Fixation
1669787053.285951,,Mouse,526.5,310.0,,,Fixation
1669787053.3026059,,Eye Tracker,527.0,310.0,Valid,Valid,Fixation
1669787053.3192608,,Mouse,531.0,312.0,,,Fixation
1669787053.335916,,Eye Tracker,535.0,314.0,Valid,Valid,Fixation
1669787053.35257,,Mouse,532.5,316.0,,,Fixation
1669787053.369225,,Eye Tracker,530.0,318.0,Valid,Valid,Fixation
1669787053.38588,,Mouse,529.0,320.0,,,Fixation
1669787053.402535,,Eye Tracker,528.0,322.0,Valid,Valid,Fixation
1669787053.41919,,Mouse,527.5,320.0,,,Fixation
1669787053.435845,,Eye Tracker,527.0,318.0,Valid,Valid,Fixation
1669787053.452499,,Mouse,526.5,319.0,,,Fixation
1669787053.469154,,Eye Tracker,526.0,320.0,Valid,Valid,Fixation
1669787053.4858088,,Mouse,525.5,323.0,,,Fixation
1669787053.5024629,,Eye Tracker,525.0,326.0,Valid,Valid,Fixation
1669787053.5191178,,Mouse,525.0,324.0,,,Fixation
1669787053.535773,,Mouse,525.0,322.0,,,Fixation
1669787053.552427,,Eye Tracker,525.0,320.0,Valid,Valid,Fixation
1669787053.569082,,Mouse,525.5,316.5,,,Fixation
1669787053.585737,,Eye Tracker,526.0,313.0,Valid,Valid,Fixation
1669787053.602392,,Eye Tracker,523.0,317.0,Valid,Valid,Fixation
1669787053.619046,,Mouse,524.3333333333334,319.6666666666667,,,Fixation
1669787053.635701,,Mouse,525.6666666666666,322.3333333333333,,,Fixation
1669787053.6523569,,Eye Tracker,527.0,325.0,Valid,Valid,Fixation
1669787053.6690109,,Mouse,526.0,324.0,,,Fixation
1669787053.6856658,,Eye Tracker,525.0,323.0,Valid,Valid,Fixation
1669787053.702321,,Mouse,524.5,320.5,,,Fixation
1669787053.7189748,,Eye Tracker,524.0,318.0,Valid,Valid,Fixation
1669787053.73563,,Mouse,525.0,318.0,,,Fixation
1669787053.752285,,Eye Tracker,526.0,318.0,Valid,Valid,Fixation
1669787053.768939,,Mouse,525.0,318.3333333333333,,,Fixation
1669787053.785594,,Mouse,524.0,318.6666666666667,,,Fixation
1669787053.802249,,Eye Tracker,523.0,319.0,Valid,Valid,Fixation
1669787053.818903,,Mouse,522.0,321.0,,,Fixation
1669787053.835558,,Eye Tracker,521.0,323.0,Valid,Valid,Fixation
1669787053.852213,,Mouse,521.5,324.5,,,Fixation
1669787053.8688679,,Eye Tracker,522.0,326.0,Valid,Valid,Fixation
1669787053.885522,,Mouse,522.5,324.5,,,Fixation
1669787053.902178,,Eye Tracker,523.0,323.0,Valid,Valid,Fixation
1669787053.918833,,Eye Tracker,520.0,323.0,Valid,Valid,Fixation
1669787053.935487,,Mouse,515.5,325.0,,,Fixation
1669787053.952142,,Eye Tracker,511.0,327.0,Valid,Valid,Fixation
1669787053.968797,,Mouse,514.0,326.0,,,Fixation
1669787053.985451,,Eye Tracker,517.0,325.0,Valid,Valid,Fixation
1669787054.002106,,Mouse,518.0,324.0,,,Fixation
1669787054.018761,,Eye Tracker,519.0,323.0,Valid,Valid,Fixation
1669787054.035415,,Mouse,518.5,326.5,,,Fixation
1669787054.05207,,Eye Tracker,518.0,330.0,Valid,Valid,Fixation
1669787054.0687249,,Mouse,519.5,332.0,,,Fixation
1669787054.085379,,Eye Tracker,521.0,334.0,Valid,Valid,Fixation
1669787054.1020339,,Mouse,520.5,333.0,,,Fixation
1669787054.1186888,,Eye Tracker,520.0,332.0,Valid,Valid,Fixation
1669787054.135344,,Mouse,519.5,333.5,,,Fixation
1669787054.151998,,Eye Tracker,519.0,335.0,Valid,Valid,Fixation
1669787054.168654,,Eye Tracker,519.0,337.0,Valid,Valid,Fixation
1669787054.185309,,Mouse,518.5,334.0,,,Fixation
1669787054.201963,,Eye Tracker,518.0,331.0,Valid,Valid,Fixation
1669787054.218618,,Mouse,519.0,328.5,,,Fixation
1669787054.235273,,Eye Tracker,520.0,326.0,Valid,Valid,Fixation
1669787054.251927,,Mouse,522.0,332.0,,,Fixation
1669787054.2685819,,Eye Tracker,524.0,338.0,Valid,Valid,Fixation
1669787054.2852368,,Mouse,523.0,341.6666666666667,,,Fixation
1669787054.3018909,,Mouse,522.0,345.3333333333333,,,Fixation
1669787054.318546,,Eye Tracker,521.0,349.0,Valid,Valid,Fixation
1669787054.335201,,Mouse,520.5,346.5,,,Fixation
1669787054.351855,,Eye Tracker,520.0,344.0,Valid,Valid,Fixation
1669787054.36851,,Mouse,521.0,343.0,,,Fixation
1669787054.385165,,Eye Tracker,522.0,342.0,Valid,Valid,Fixation
1669787054.40182,,Mouse,521.0,342.0,,,Fixation
1669787054.418475,,Eye Tracker,520.0,342.0,Valid,Valid,Fixation
1669787054.43513,,Mouse,520.0,343.5,,,Fixation
1669787054.4517848,,Eye Tracker,520.0,345.0,Valid,Valid,Fixation
1669787054.4684389,,Eye Tracker,520.0,353.0,Valid,Valid,Fixation
1669787054.4850938,,Mouse,521.5,353.5,,,Fixation
1669787054.501749,,Eye Tracker,523.0,354.0,Valid,Valid,Fixation
1669787054.518403,,Mouse,520.6666666666666,355.0,,,Fixation
1669787054.535058,,Mouse,518.3333333333334,356.0,,,Fixation
1669787054.551713,,Eye Tracker,516.0,357.0,Valid,Valid,Fixation
1669787054.568367,,Mouse,517.0,359.0,,,Fixation
1669787054.585022,,Eye Tracker,518.0,361.0,Valid,Valid,Fixation
1669787054.601677,,Mouse,519.0,360.5,,,Fixation
1669787054.618331,,Eye Tracker,520.0,360.0,Valid,Valid,Fixation
1669787054.634986,,Mouse,520.3333333333334,360.6666666666667,,,Fixation
1669787054.651641,,Mouse,520.6666666666666,361.3333333333333,,,Fixation
1669787054.668297,,Eye Tracker,521.0,362.0,Valid,Valid,Fixation
1669787054.6849508,,Mouse,528.0,373.0,,,Saccade
1669787054.701606,,Eye Tracker,535.0,384.0,Valid,Valid,Saccade
1669787054.718261,,Mouse,539.0,389.5,,,Fixation
1669787054.734915,,Eye Tracker,543.0,395.0,Valid,Valid,Fixation
1669787054.75157,,Mouse,544.3333333333334,395.3333333333333,,,Fixation
1669787054.768225,,Mouse,545.6666666666666,395.6666666666667,,,Fixation
1669787054.784879,,Eye Tracker,547.0,396.0,Valid,Valid,Fixation
1669787054.801534,,Eye Tracker,550.0,398.0,Valid,Valid,Fixation
1669787054.818189,,Mouse,550.0,398.3333333333333,,,Fixation
1669787054.834843,,Mouse,550.0,398.6666666666667,,,Fixation
1669787054.851498,,Eye Tracker,550.0,399.0,Valid,Valid,Fixation
1669787054.8681529,,Mouse,549.5,400.0,,,Fixation
1669787054.8848069,,Eye Tracker,549.0,401.0,Valid,Valid,Fixation
1669787054.9014618,,Mouse,550.5,403.5,,,Fixation
1669787054.918118,,Eye Tracker,552.0,406.0,Valid,Valid,Fixation
1669787054.934773,,Mouse,553.0,406.0,,,Fixation
1669787054.951427,,Eye Tracker,554.0,406.0,Valid,Valid,Fixation
1669787054.968082,,Mouse,552.0,406.5,,,Fixation
1669787054.984737,,Eye Tracker,550.0,407.0,Valid,Valid,Fixation
1669787055.001391,,Mouse,550.0,408.5,,,Fixation
1669787055.018046,,Eye Tracker,550.0,410.0,Valid,Valid,Fixation
1669787055.0347009,,Mouse,550.6666666666666,409.3333333333333,,,Fixation
1669787055.051355,,Mouse,551.3333333333334,408.6666666666667,,,Fixation
1669787055.0680099,,Eye Tracker,552.0,408.0,Valid,Valid,Fixation
1669787055.0846648,,Mouse,552.0,409.5,,,Fixation
1669787055.1013188,,Eye Tracker,552.0,411.0,Valid,Valid,Fixation
1669787055.117974,,Mouse,552.5,413.0,,,Fixation
1669787055.134629,,Eye Tracker,553.0,415.0,Valid,Valid,Fixation
1669787055.151283,,Mouse,553.5,414.5,,,Fixation
1669787055.167939,,Eye Tracker,554.0,414.0,Valid,Valid,Fixation
1669787055.184594,,Mouse,556.0,413.6666666666667,,,Fixation
1669787055.201249,,Mouse,558.0,413.3333333333333,,,Fixation
1669787055.217903,,Eye Tracker,560.0,413.0,Valid,Valid,Fixation
1669787055.2345579,,Mouse,560.0,414.5,,,Fixation
1669787055.2512128,,Eye Tracker,560.0,416.0,Valid,Valid,Fixation
1669787055.2678668,,Mouse,560.5,419.0,,,Fixation
1669787055.284522,,Eye Tracker,561.0,422.0,Valid,Valid,Fixation
1669787055.301177,,Mouse,560.0,423.3333333333333,,,Fixation
1669787055.317831,,Mouse,559.0,424.6666666666667,,,Fixation
1669787055.334486,,Eye Tracker,558.0,426.0,Valid,Valid,Fixation
1669787055.351141,,Eye Tracker,558.0,430.0,Valid,Valid,Fixation
1669787055.367795,,Mouse,558.3333333333334,429.6666666666667,,,Fixation
1669787055.38445,,Mouse,558.6666666666666,429.3333333333333,,,Fixation
1669787055.401105,,Eye Tracker,559.0,429.0,Valid,Valid,Fixation
1669787055.41776,,Mouse,557.5,429.0,,,Fixation
1669787055.4344149,,Eye Tracker,556.0,429.0,Valid,Valid,Fixation
1669787055.4510698,,Eye Tracker,559.0,429.0,Valid,Valid,Fixation
1669787055.467725,,Mouse,559.0,431.0,,,Fixation
1669787055.484379,,Eye Tracker,559.0,433.0,Valid,Valid,Fixation
1669787055.501034,,Mouse,551.5,436.0,,,Fixation
1669787055.517689,,Eye Tracker,544.0,439.0,Valid,Valid,Fixation
1669787055.534343,,Mouse,536.5,440.0,,,Fixation
1669787055.550998,,Eye Tracker,529.0,441.0,Valid,Valid,Fixation
1669787055.567653,,Mouse,529.3333333333334,444.0,,,Fixation
1669787055.584307,,Mouse,529.6666666666666,447.0,,,Fixation
1669787055.600962,,Eye Tracker,530.0,450.0,Valid,Valid,Fixation
1669787055.617617,,Mouse,533.0,452.0,,,Fixation
1669787055.634271,,Eye Tracker,536.0,454.0,Valid,Valid,Fixation
1669787055.6509259,,Eye Tracker,532.0,454.0,Valid,Valid,Fixation
1669787055.667582,,Mouse,531.0,454.5,,,Fixation
1669787055.684236,,Eye Tracker,530.0,455.0,Valid,Valid,Fixation
1669787055.700891,,Mouse,528.5,456.0,,,Fixation
1669787055.717546,,Eye Tracker,527.0,457.0,Valid,Valid,Fixation
1669787055.734201,,Mouse,525.3333333333334,458.0,,,Fixation
1669787055.750855,,Mouse,523.6666666666666,459.0,,,Fixation
1669787055.76751,,Eye Tracker,522.0,460.0,Valid,Valid,Fixation
1669787055.784165,,Mouse,521.0,460.0,,,Fixation
1669787055.800819,,Eye Tracker,520.0,460.0,Valid,Valid,Fixation
1669787055.817474,,Mouse,521.5,460.0,,,Fixation
1669787055.8341289,,Eye Tracker,523.0,460.0,Valid,Valid,Fixation
1669787055.8507829,,Mouse,523.0,459.6666666666667,,,Fixation
1669787055.8674378,,Mouse,523.0,459.3333333333333,,,Fixation
1669787055.884093,,Eye Tracker,523.0,459.0,Valid,Valid,Fixation
1669787055.9007468,,Mouse,522.0,459.5,,,Fixation
1669787055.917402,,Eye Tracker,521.0,460.0,Valid,Valid,Fixation
1669787055.934058,,Eye Tracker,524.0,465.0,Valid,Valid,Fixation
1669787055.950712,,Mouse,522.0,463.5,,,Fixation
1669787055.967367,,Eye Tracker,520.0,462.0,Valid,Valid,Fixation
1669787055.984022,,Mouse,519.0,462.0,,,Fixation
1669787056.0006769,,Eye Tracker,518.0,462.0,Valid,Valid,Fixation
1669787056.017331,,Mouse,521.0,461.0,,,Fixation
1669787056.0339859,,Eye Tracker,524.0,460.0,Valid,Valid,Fixation
1669787056.0506408,,Mouse,524.5,459.0,,,Fixation
1669787056.0672948,,Eye Tracker,525.0,458.0,Valid,Valid,Fixation
1669787056.08395,,Mouse,523.0,459.6666666666667,,,Fixation
1669787056.100605,,Mouse,521.0,461.3333333333333,,,Fixation
1669787056.117259,,Eye Tracker,519.0,463.0,Valid,Valid,Fixation
1669787056.133914,,Eye Tracker,518.0,464.0,Valid,Valid,Fixation
1669787056.150569,,Mouse,518.2,463.4,,,Fixation
1669787056.167223,,Mouse,518.4,462.8,,,Fixation
1669787056.183879,MouseEvent,,518.6,462.2,,,Fixation
1669787056.2005339,,Mouse,518.8,461.6,,,Fixation
1669787056.217188,,Eye Tracker,519.0,461.0,Valid,Valid,Fixation
1669787056.2338428,,Mouse,519.3333333333334,460.6666666666667,,,Fixation
1669787056.250498,,Mouse,519.6666666666666,460.3333333333333,,,Fixation
1669787056.267153,,Eye Tracker,520.0,460.0,Valid,Valid,Fixation
1669787056.283807,,Eye Tracker,515.0,461.0,Valid,Valid,Fixation
1669787056.300462,,Mouse,516.0,461.6666666666667,,,Fixation
1669787056.317117,,Mouse,517.0,462.3333333333333,,,Fixation
1669787056.333771,,Eye Tracker,518.0,463.0,Valid,Valid,Fixation
1669787056.350426,,Mouse,518.5,463.5,,,Fixation
1669787056.367081,,Eye Tracker,519.0,464.0,Valid,Valid,Fixation
1669787056.383735,,Mouse,518.0,464.5,,,Fixation
1669787056.40039,,Eye Tracker,517.0,465.0,Valid,Valid,Fixation
1669787056.4170449,,Mouse,517.0,467.6666666666667,,,Fixation
1669787056.4336998,,Mouse,517.0,470.3333333333333,,,Fixation
1669787056.450355,,Eye Tracker,517.0,473.0,Valid,Valid,Fixation
1669787056.46701,,Eye Tracker,521.0,477.0,Valid,Valid,Fixation
1669787056.483664,,Eye Tracker,519.0,477.0,Valid,Valid,Fixation
1669787056.500319,,Eye Tracker,518.0,484.0,Valid,Valid,Fixation
1669787056.516974,,Eye Tracker,524.0,486.0,Valid,Valid,Fixation
1669787056.533629,,Eye Tracker,523.0,487.0,Valid,Valid,Fixation
1669787056.550283,,Eye Tracker,522.0,484.0,Valid,Valid,Fixation
1669787056.566938,,Eye Tracker,522.0,485.0,Valid,Valid,Fixation
1669787056.583593,,Eye Tracker,524.0,495.0,Valid,Valid,Fixation
1669787056.600247,,Eye Tracker,519.0,520.0,Valid,Valid,Saccade
1669787056.6169019,,Eye Tracker,520.0,535.0,Valid,Valid,Fixation
1669787056.6335568,,Eye Tracker,521.0,537.0,Valid,Valid,Fixation
1669787056.6502109,,Eye Tracker,522.0,542.0,Valid,Valid,Fixation
1669787056.6668658,,Eye Tracker,524.0,543.0,Valid,Valid,Fixation
1669787056.683522,,Eye Tracker,528.0,546.0,Valid,Valid,Fixation
1669787056.700176,,Eye Tracker,527.0,544.0,Valid,Valid,Fixation
1669787056.716831,,Eye Tracker,524.0,544.0,Valid,Valid,Fixation
1669787056.733486,,Eye Tracker,524.0,544.0,Valid,Valid,Fixation
1669787056.75014,,Eye Tracker,523.0,546.0,Valid,Valid,Fixation
1669787056.766795,,Eye Tracker,522.0,542.0,Valid,Valid,Fixation
1669787056.78345,,Eye Tracker,526.0,543.0,Valid,Valid,Fixation
1669787056.8001049,,Eye Tracker,528.0,546.0,Valid,Valid,Fixation
1669787056.8167589,,Eye Tracker,525.0,545.0,Valid,Valid,Fixation
1669787056.8334138,,Eye Tracker,520.0,542.0,Valid,Valid,Fixation
1669787056.850069,,Eye Tracker,520.0,540.0,Valid,Valid,Fixation
1669787056.8667228,,Eye Tracker,520.0,542.0,Valid,Valid,Fixation
1669787056.883378,,Eye Tracker,519.0,546.0,Valid,Valid,Fixation
1669787056.900033,,Eye Tracker,524.0,594.0,Valid,Valid,Saccade
1669787056.916687,,Eye Tracker,528.0,710.0,Valid,Invalid,Saccade
1669787056.933343,,Eye Tracker,527.2,698.2,Invalid,Invalid,EyesNotFound
1669787056.949998,,Eye Tracker,526.4,686.4,Invalid,Invalid,EyesNotFound
1669787056.966652,,Eye Tracker,525.6,674.6,Invalid,Invalid,EyesNotFound
1669787056.983307,MouseEvent,,524.8,662.8,,,EyesNotFound
1669787056.9999619,,Mouse,524.0,651.0,,,EyesNotFound
1669787057.0166159,,Eye Tracker,523.2,639.2,Invalid,Invalid,EyesNotFound
1669787057.0332708,,Eye Tracker,522.4,627.4,Invalid,Invalid,EyesNotFound
1669787057.049926,,Eye Tracker,521.6,615.6,Invalid,Invalid,EyesNotFound
1669787057.066581,,Eye Tracker,520.8,603.8,Invalid,Invalid,EyesNotFound
1669787057.083235,,Eye Tracker,520.0,592.0,Invalid,Valid,Saccade
1669787057.09989,,Eye Tracker,526.0,653.0,Valid,Valid,Saccade
1669787057.116545,,Eye Tracker,516.0,643.0,Valid,Valid,Unclassified
1669787057.133199,,Eye Tracker,503.0,631.0,Valid,Valid,Unclassified
1669787057.149854,,Eye Tracker,496.0,621.0,Valid,Valid,Unclassified
1669787057.166509,,Eye Tracker,510.0,569.0,Valid,Valid,Saccade
1669787057.183164,,Eye Tracker,522.0,566.0,Valid,Valid,Fixation
1669787057.1998188,,Eye Tracker,529.0,558.0,Valid,Valid,Fixation
1669787057.216474,,Eye Tracker,522.0,551.0,Valid,Valid,Fixation
1669787057.2331278,,Eye Tracker,520.0,555.0,Valid,Valid,Fixation
1669787057.249783,,Eye Tracker,517.0,567.0,Valid,Valid,Fixation
1669787057.266438,,Eye Tracker,519.0,555.0,Valid,Valid,Fixation
1669787057.283092,,Eye Tracker,521.0,553.0,Valid,Valid,Fixation
1669787057.299747,,Eye Tracker,520.0,557.0,Valid,Valid,Fixation
1669787057.316402,,Eye Tracker,525.0,564.0,Valid,Valid,Fixation
1669787057.333057,,Eye Tracker,526.0,559.0,Valid,Valid,Fixation
1669787057.349711,,Eye Tracker,520.0,553.0,Valid,Valid,Fixation
1669787057.366366,,Eye Tracker,516.0,556.0,Valid,Valid,Fixation
1669787057.3830209,,Eye Tracker,512.0,557.0,Valid,Valid,Fixation
1669787057.399675,,Eye Tracker,511.0,557.0,Valid,Valid,Fixation
1669787057.4163299,,Eye Tracker,518.0,558.0,Valid,Valid,Fixation
1669787057.432986,,Eye Tracker,521.0,555.0,Valid,Valid,Fixation
1669787057.44964,,Eye Tracker,518.0,553.0,Valid,Valid,Fixation
1669787057.466295,,Eye Tracker,516.0,550.0,Valid,Valid,Fixation
1669787057.48295,MouseEvent,,515.6666666666666,550.3333333333334,,,Fixation
1669787057.499604,,Mouse,515.3333333333334,550.6666666666666,,,Fixation
1669787057.516259,,Eye Tracker,515.0,551.0,Valid,Valid,Fixation
1669787057.532914,,Eye Tracker,516.0,550.0,Valid,Valid,Fixation
1669787057.549568,,Eye Tracker,515.0,546.0,Valid,Valid,Fixation
1669787057.566223,,Eye Tracker,511.0,551.0,Valid,Valid,Fixation
1669787057.5828779,,Eye Tracker,509.0,552.0,Valid,Valid,Fixation
1669787057.5995328,,Mouse,512.5,549.5,,,Fixation
1669787057.6161869,,Eye Tracker,516.0,547.0,Valid,Valid,Fixation
1669787057.6328418,,Mouse,515.5,545.5,,,Fixation
1669787057.649497,,Eye Tracker,515.0,544.0,Valid,Valid,Fixation
1669787057.666151,,Eye Tracker,510.0,548.0,Valid,Valid,Fixation
1669787057.682806,,Mouse,511.0,550.5,,,Fixation
1669787057.699462,,Eye Tracker,512.0,553.0,Valid,Valid,Fixation
1669787057.716116,,Eye Tracker,512.0,550.0,Valid,Valid,Fixation
1669787057.732771,,Eye Tracker,507.0,546.0,Valid,Valid,Fixation
1669787057.749426,,Mouse,506.5,545.0,,,Fixation
1669787057.76608,,Eye Tracker,506.0,544.0,Valid,Valid,Fixation
1669787057.7827349,,Mouse,508.0,542.5,,,Fixation
1669787057.7993898,,Eye Tracker,510.0,541.0,Valid,Valid,Fixation
1669787057.8160439,,Eye Tracker,511.0,545.0,Valid,Valid,Fixation
1669787057.8326988,,Mouse,510.3333333333333,545.0,,,Fixation
1669787057.849354,,Mouse,509.6666666666667,545.0,,,Fixation
1669787057.866009,,Eye Tracker,509.0,545.0,Valid,Valid,Fixation
1669787057.882663,,Eye Tracker,506.0,544.0,Valid,Valid,Fixation
1669787057.899318,,Eye Tracker,503.0,542.0,Valid,Valid,Fixation
1669787057.915973,,Mouse,504.0,541.5,,,Fixation
1669787057.932627,MouseEvent,,505.0,541.0,,,Fixation
1669787057.949283,,Mouse,506.0,540.5,,,Fixation
1669787057.9659379,,Eye Tracker,507.0,540.0,Valid,Valid,Fixation
1669787057.9825919,,Eye Tracker,506.0,538.0,Valid,Valid,Fixation
1669787057.9992468,,Eye Tracker,503.0,539.0,Valid,Valid,Fixation
1669787058.015902,,Eye Tracker,504.0,533.0,Valid,Valid,Fixation
1669787058.032556,,Eye Tracker,501.0,530.0,Valid,Valid,Fixation
1669787058.049211,,Mouse,501.5,531.5,,,Fixation
1669787058.065866,,Eye Tracker,502.0,533.0,Valid,Valid,Fixation
1669787058.08252,,Eye Tracker,502.0,531.0,Valid,Valid,Fixation
1669787058.099175,,Mouse,501.0,529.5,,,Fixation
1669787058.11583,,Eye Tracker,500.0,528.0,Valid,Valid,Fixation
1669787058.132485,,Mouse,500.0,528.0,,,Fixation
1669787058.149139,,Mouse,500.0,528.0,,,Fixation
1669787058.165794,,Eye Tracker,500.0,528.0,Valid,Valid,Fixation
1669787058.1824489,,Mouse,500.5,524.5,,,Fixation
1669787058.1991038,,Eye Tracker,501.0,521.0,Valid,Valid,Fixation
1669787058.215759,,Mouse,501.0,523.0,,,Fixation
1669787058.232414,,Eye Tracker,501.0,525.0,Valid,Valid,Fixation
1669787058.249068,,Eye Tracker,498.0,529.0,Valid,Valid,Fixation
1669787058.265723,,Mouse,497.6666666666667,527.6666666666666,,,Fixation
1669787058.282378,,Mouse,497.3333333333333,526.3333333333334,,,Fixation
1669787058.299032,,Eye Tracker,497.0,525.0,Valid,Valid,Fixation
1669787058.315687,,Eye Tracker,500.0,527.0,Valid,Valid,Fixation
1669787058.332342,,Mouse,499.5,526.0,,,Fixation
1669787058.348996,,Eye Tracker,499.0,525.0,Valid,Valid,Fixation
1669787058.365651,,Eye Tracker,493.0,520.0,Valid,Valid,Fixation
1669787058.3823059,,Mouse,494.0,519.0,,,Fixation
1669787058.3989608,,Eye Tracker,495.0,518.0,Valid,Valid,Fixation
1669787058.4156148,,Eye Tracker,499.0,517.0,Valid,Valid,Fixation
1669787058.43227,,Mouse,499.0,517.0,,,Fixation
1669787058.448926,,Eye Tracker,499.0,517.0,Valid,Valid,Fixation
1669787058.46558,,Eye Tracker,500.0,517.0,Valid,Valid,Fixation
1669787058.482235,,Mouse,499.6666666666667,517.3333333333334,,,Fixation
1669787058.49889,,Mouse,499.3333333333333,517.6666666666666,,,Fixation
1669787058.515544,,Eye Tracker,499.0,518.0,Valid,Valid,Fixation
1669787058.532199,,Mouse,497.0,521.5,,,Fixation
1669787058.5488539,,Eye Tracker,495.0,525.0,Valid,Valid,Fixation
1669787058.565508,,Mouse,494.5,523.5,,,Fixation
1669787058.5821629,,Eye Tracker,494.0,522.0,Valid,Valid,Fixation
1669787058.5988178,,Mouse,494.6666666666667,519.6666666666666,,,Fixation
1669787058.6154718,,Mouse,495.3333333333333,517.3333333333334,,,Fixation
1669787058.632127,,Eye Tracker,496.0,515.0,Valid,Valid,Fixation
1669787058.648782,,Mouse,496.5,515.5,,,Fixation
1669787058.665437,,Eye Tracker,497.0,516.0,Valid,Valid,Fixation
1669787058.682091,,Eye Tracker,500.0,516.0,Valid,Valid,Fixation
1669787058.698747,,Mouse,500.0,516.5,,,Fixation
1669787058.715402,,Eye Tracker,500.0,517.0,Valid,Valid,Fixation
1669787058.732056,,Eye Tracker,500.0,521.0,Valid,Valid,Fixation
1669787058.7487109,,Mouse,501.0,521.0,,,Fixation
1669787058.7653658,,Eye Tracker,502.0,521.0,Valid,Valid,Fixation
1669787058.7820199,,Mouse,501.0,519.0,,,Fixation
1669787058.7986748,,Eye Tracker,500.0,517.0,Valid,Valid,Fixation
1669787058.81533,,Mouse,499.0,518.5,,,Fixation
1669787058.831984,,Eye Tracker,498.0,520.0,Valid,Valid,Fixation
1669787058.848639,,Mouse,498.0,520.0,,,Fixation
1669787058.865294,,Eye Tracker,498.0,520.0,Valid,Valid,Fixation
1669787058.881948,,Mouse,498.0,519.5,,,Fixation
1669787058.898603,,Eye Tracker,498.0,519.0,Valid,Valid,Fixation
1669787058.915258,,Mouse,498.0,519.5,,,Fixation
1669787058.931913,,Eye Tracker,498.0,520.0,Valid,Valid,Fixation
1669787058.9485679,,Eye Tracker,496.0,519.0,Valid,Valid,Fixation
1669787058.9652228,,Eye Tracker,497.0,518.0,Valid,Valid,Fixation
1669787058.981878,,Eye Tracker,496.0,515.0,Valid,Valid,Fixation
1669787058.998532,,Eye Tracker,487.0,513.0,Valid,Valid,Fixation
1669787059.015187,,Eye Tracker,492.0,513.0,Valid,Valid,Fixation
1669787059.031842,,Eye Tracker,495.0,508.0,Valid,Valid,Fixation
1669787059.048496,,Eye Tracker,494.0,510.0,Valid,Valid,Fixation
1669787059.065151,,Mouse,495.5,512.0,,,Fixation
1669787059.081806,,Eye Tracker,497.0,514.0,Valid,Valid,Fixation
1669787059.09846,,Eye Tracker,499.0,514.0,Valid,Valid,Fixation
1669787059.115115,,Mouse,498.3333333333333,514.6666666666666,,,Fixation
1669787059.13177,,Mouse,497.6666666666667,515.3333333333334,,,Fixation
1669787059.148424,,Eye Tracker,497.0,516.0,Valid,Valid,Fixation
1669787059.1650789,,Mouse,496.8,515.2,,,Fixation
1669787059.1817338,MouseEvent,,496.6,514.4,,,Fixation
1669787059.19839,,Mouse,496.4,513.6,,,Fixation
1669787059.215044,,Mouse,496.2,512.8,,,Fixation
1669787059.231699,,Eye Tracker,496.0,512.0,Valid,Valid,Fixation
1669787059.248354,,Eye Tracker,497.0,515.0,Valid,Valid,Fixation
1669787059.265008,,Mouse,495.0,516.5,,,Fixation
1669787059.281663,,Eye Tracker,493.0,518.0,Valid,Valid,Fixation
1669787059.298318,,Mouse,491.5,518.0,,,Fixation
1669787059.314972,,Eye Tracker,490.0,518.0,Valid,Valid,Fixation
1669787059.331627,,Eye Tracker,493.0,521.0,Valid,Valid,Fixation
1669787059.3482819,,Eye Tracker,498.0,521.0,Valid,Valid,Fixation
1669787059.3649359,,Eye Tracker,500.0,521.0,Valid,Valid,Fixation
1669787059.3815908,,Eye Tracker,496.0,521.0,Valid,Valid,Fixation
1669787059.398246,,Eye Tracker,497.0,519.0,Valid,Valid,Fixation
1669787059.4148998,,Eye Tracker,495.0,521.0,Valid,Valid,Fixation
1669787059.431555,,Eye Tracker,492.0,523.0,Valid,Valid,Fixation
1669787059.448211,,Eye Tracker,495.0,523.0,Valid,Valid,Fixation
1669787059.464866,,Eye Tracker,495.0,523.0,Valid,Valid,Fixation
1669787059.48152,,Eye Tracker,499.0,523.0,Valid,Valid,Fixation
1669787059.498175,,Eye Tracker,495.0,521.0,Valid,Valid,Fixation
1669787059.5148299,,Mouse,489.5,521.5,,,Fixation
1669787059.531484,,Eye Tracker,484.0,522.0,Valid,Valid,Fixation
1669787059.5481389,,Eye Tracker,484.0,531.0,Valid,Valid,Fixation
1669787059.5647938,,Mouse,484.0,529.3333333333334,,,Fixation
1669787059.5814478,,Mouse,484.0,527.6666666666666,,,Fixation
1669787059.598103,,Eye Tracker,484.0,526.0,Valid,Valid,Fixation
1669787059.614758,,Mouse,482.5,525.5,,,Fixation
1669787059.631412,,Eye Tracker,481.0,525.0,Valid,Valid,Fixation
1669787059.648067,,Mouse,481.5,528.5,,,Fixation
1669787059.664722,,Eye Tracker,482.0,532.0,Valid,Valid,Fixation
1669787059.681376,,Mouse,482.6666666666667,529.6666666666666,,,Fixation
1669787059.698031,,Mouse,483.3333333333333,527.3333333333334,,,Fixation
1669787059.7146869,,Eye Tracker,484.0,525.0,Valid,Valid,Fixation
1669787059.7313418,,Mouse,483.5,524.5,,,Fixation
1669787059.7479959,,Eye Tracker,483.0,524.0,Valid,Valid,Fixation
1669787059.7646508,,Mouse,483.0,526.0,,,Fixation
1669787059.781306,,Eye Tracker,483.0,528.0,Valid,Valid,Fixation
1669787059.79796,,Mouse,483.5,527.5,,,Fixation
1669787059.814615,,Eye Tracker,484.0,527.0,Valid,Valid,Fixation
1669787059.83127,,Mouse,484.0,527.0,,,Fixation
1669787059.847924,,Eye Tracker,484.0,527.0,Valid,Valid,Fixation
1669787059.864579,,Mouse,484.5,525.0,,,Fixation
1669787059.881234,,Eye Tracker,485.0,523.0,Valid,Valid,Fixation
1669787059.897888,,Mouse,487.0,521.0,,,Fixation
1669787059.914543,,Eye Tracker,489.0,519.0,Valid,Valid,Fixation
1669787059.931198,,Eye Tracker,486.0,528.0,Valid,Valid,Fixation
1669787059.947852,,Eye Tracker,487.0,533.0,Valid,Valid,Fixation
1669787059.964508,,Eye Tracker,487.0,533.0,Valid,Valid,Fixation
1669787059.981163,,Eye Tracker,484.0,533.0,Valid,Valid,Fixation
1669787059.997818,,Eye Tracker,485.0,532.0,Valid,Valid,Fixation
1669787060.014472,,Eye Tracker,490.0,526.0,Valid,Valid,Fixation
1669787060.031127,,Eye Tracker,497.0,527.0,Valid,Valid,Fixation
1669787060.047782,,Eye Tracker,498.0,528.0,Valid,Valid,Fixation
1669787060.064436,,Eye Tracker,498.0,524.0,Valid,Valid,Fixation
1669787060.081091,,Eye Tracker,498.0,527.0,Valid,Valid,Fixation
1669787060.097746,,Eye Tracker,503.0,529.0,Valid,Valid,Fixation
1669787060.1144,,Eye Tracker,503.0,530.0,Valid,Valid,Fixation
1669787060.1310549,,Mouse,499.5,529.0,,,Fixation
1669787060.1477098,,Eye Tracker,496.0,528.0,Valid,Valid,Fixation
1669787060.1643639,,Mouse,495.5,528.0,,,Fixation
1669787060.1810188,,Eye Tracker,495.0,528.0,Valid,Valid,Fixation
1669787060.197674,,Mouse,496.5,528.0,,,Fixation
1669787060.214329,,Eye Tracker,498.0,528.0,Valid,Valid,Fixation
1669787060.230984,,Eye Tracker,500.0,527.0,Valid,Valid,Fixation
1669787060.247639,,Mouse,501.5,527.0,,,Fixation
1669787060.264294,,Eye Tracker,503.0,527.0,Valid,Valid,Fixation
1669787060.280948,,Eye Tracker,500.0,531.0,Valid,Valid,Fixation
1669787060.297603,,Eye Tracker,500.0,531.0,Valid,Valid,Fixation
1669787060.3142579,,Eye Tracker,503.0,527.0,Valid,Valid,Fixation
1669787060.3309119,,Eye Tracker,504.0,528.0,Valid,Valid,Fixation
1669787060.3475668,MouseEvent,,503.6666666666667,528.0,,,Fixation
1669787060.364222,,Mouse,503.3333333333333,528.0,,,Fixation
1669787060.3808758,,Eye Tracker,503.0,528.0,Valid,Valid,Fixation
1669787060.397531,,Eye Tracker,499.0,530.0,Valid,Valid,Fixation
1669787060.414186,,Eye Tracker,500.0,530.0,Valid,Valid,Fixation
1669787060.43084,,Eye Tracker,501.0,526.0,Valid,Valid,Fixation
1669787060.447495,,Eye Tracker,503.0,530.0,Valid,Valid,Fixation
1669787060.464151,,Eye Tracker,507.0,536.0,Valid,Valid,Fixation
1669787060.480805,,Eye Tracker,506.0,532.0,Valid,Valid,Fixation
1669787060.49746,,Mouse,505.5,530.0,,,Fixation
1669787060.5141149,,Eye Tracker,505.0,528.0,Valid,Valid,Fixation
1669787060.5307698,,Mouse,504.5,529.0,,,Fixation
1669787060.5474238,,Eye Tracker,504.0,530.0,Valid,Valid,Fixation
1669787060.564079,,Eye Tracker,501.0,528.0,Valid,Valid,Fixation
1669787060.580734,,Mouse,503.5,525.0,,,Fixation
1669787060.597388,,Eye Tracker,506.0,522.0,Valid,Valid,Fixation
1669787060.614043,,Eye Tracker,506.0,522.0,Valid,Valid,Fixation
1669787060.630698,,Eye Tracker,505.0,525.0,Valid,Valid,Fixation
1669787060.647352,,Eye Tracker,502.0,526.0,Valid,Valid,Fixation
1669787060.664007,,Eye Tracker,501.0,528.0,Valid,Valid,Fixation
1669787060.680662,,Eye Tracker,506.0,530.0,Valid,Valid,Fixation
1669787060.697316,,Mouse,506.5,527.0,,,Fixation
1669787060.7139719,,Eye Tracker,507.0,524.0,Valid,Valid,Fixation
1669787060.7306268,,Mouse,506.3333333333333,522.3333333333334,,,Fixation
1669787060.7472808,,Mouse,505.6666666666667,520.6666666666666,,,Fixation
1669787060.763936,,Eye Tracker,505.0,519.0,Valid,Valid,Fixation
1669787060.780591,,Eye Tracker,505.0,517.0,Valid,Valid,Fixation
1669787060.797246,,Mouse,504.5,516.0,,,Fixation
1669787060.8139,,Eye Tracker,504.0,515.0,Valid,Valid,Fixation
1669787060.830555,,Mouse,505.5,517.0,,,Fixation
1669787060.84721,,Eye Tracker,507.0,519.0,Valid,Valid,Fixation
1669787060.863864,,Eye Tracker,511.0,525.0,Valid,Valid,Fixation
1669787060.880519,,Mouse,509.0,524.0,,,Fixation
1669787060.897174,,Eye Tracker,507.0,523.0,Valid,Valid,Fixation
1669787060.913828,,Mouse,506.3333333333333,523.0,,,Fixation
1669787060.9304829,,Mouse,505.6666666666667,523.0,,,Fixation
1669787060.9471378,,Eye Tracker,505.0,523.0,Valid,Valid,Fixation
1669787060.963793,,Eye Tracker,508.0,522.0,Valid,Valid,Fixation
1669787060.980448,,Mouse,508.6666666666667,520.0,,,Fixation
1669787060.997103,,Mouse,509.3333333333333,518.0,,,Fixation
1669787061.013758,,Eye Tracker,510.0,516.0,Valid,Valid,Fixation
1669787061.030413,,Eye Tracker,513.0,517.0,Valid,Valid,Fixation
1669787061.0470679,,Eye Tracker,511.0,522.0,Valid,Valid,Fixation
1669787061.0637228,,Eye Tracker,513.0,520.0,Valid,Valid,Fixation
1669787061.0803769,,Eye Tracker,513.0,514.0,Valid,Valid,Fixation
1669787061.0970318,,Eye Tracker,511.0,516.0,Valid,Valid,Fixation
1669787061.113687,,Mouse,512.0,518.0,,,Fixation
1669787061.130341,,Eye Tracker,513.0,520.0,Valid,Valid,Fixation
1669787061.146996,,Eye Tracker,513.0,519.0,Valid,Valid,Fixation
1669787061.163651,,Mouse,511.6666666666667,518.6666666666666,,,Fixation
1669787061.180305,,Mouse,510.3333333333333,518.3333333333334,,,Fixation
1669787061.19696,,Eye Tracker,509.0,518.0,Valid,Valid,Fixation
1669787061.213616,,Eye Tracker,509.0,520.0,Valid,Valid,Fixation
1669787061.23027,,Mouse,511.0,522.0,,,Fixation
1669787061.2469249,,Eye Tracker,513.0,524.0,Valid,Valid,Fixation
1669787061.2635798,,Eye Tracker,515.0,522.0,Valid,Valid,Fixation
1669787061.2802339,,Mouse,514.5,521.5,,,Fixation
1669787061.2968888,,Eye Tracker,514.0,521.0,Valid,Valid,Fixation
1669787061.313544,,Eye Tracker,512.0,523.0,Valid,Valid,Fixation
1669787061.330199,,Mouse,511.0,520.5,,,Fixation
1669787061.346853,,Eye Tracker,510.0,518.0,Valid,Valid,Fixation
1669787061.363509,,Mouse,511.0,518.0,,,Fixation
1669787061.380164,,Mouse,512.0,518.0,,,Fixation
1669787061.396818,,Eye Tracker,513.0,518.0,Valid,Valid,Fixation
1669787061.413473,,Mouse,513.5,521.0,,,Fixation
1669787061.4301279,,Eye Tracker,514.0,524.0,Valid,Valid,Fixation
1669787061.4467819,,Mouse,513.0,522.5,,,Fixation
1669787061.4634368,,Eye Tracker,512.0,521.0,Valid,Valid,Fixation
1669787061.480093,,Mouse,510.5,521.0,,,Fixation
1669787061.496747,,Eye Tracker,509.0,521.0,Valid,Valid,Fixation
1669787061.513402,,Mouse,510.5,520.5,,,Fixation
1669787061.530057,,Eye Tracker,512.0,520.0,Valid,Valid,Fixation
1669787061.546711,,Mouse,511.5,518.0,,,Fixation
1669787061.563366,,Eye Tracker,511.0,516.0,Valid,Valid,Fixation
1669787061.580021,,Mouse,510.6666666666667,515.6666666666666,,,Fixation
1669787061.5966759,,Mouse,510.3333333333333,515.3333333333334,,,Fixation
1669787061.61333,,Eye Tracker,510.0,515.0,Valid,Valid,Fixation
1669787061.6299849,,Eye Tracker,499.0,515.0,Valid,Valid,Fixation
1669787061.6466398,,Mouse,491.3333333333333,515.3333333333334,,,Fixation
1669787061.6632938,,Mouse,483.6666666666667,515.6666666666666,,,Fixation
1669787061.679949,,Eye Tracker,476.0,516.0,Valid,Valid,Fixation
1669787061.696604,,Mouse,476.3333333333333,515.3333333333334,,,Fixation
1669787061.713258,,Mouse,476.6666666666667,514.6666666666666,,,Fixation
1669787061.729914,,Eye Tracker,477.0,514.0,Valid,Valid,Fixation
1669787061.746569,,Eye Tracker,478.0,515.0,Valid,Valid,Fixation
1669787061.763224,,Eye Tracker,474.0,512.0,Valid,Valid,Fixation
1669787061.7798789,,Eye Tracker,472.0,511.0,Valid,Valid,Fixation
1669787061.7965338,,Eye Tracker,471.0,517.0,Valid,Valid,Fixation
1669787061.8131878,,Eye Tracker,469.0,518.0,Valid,Valid,Fixation
1669787061.829843,,Mouse,469.0,517.5,,,Fixation
1669787061.846498,,Eye Tracker,469.0,517.0,Valid,Valid,Fixation
1669787061.863153,,Mouse,468.5,518.5,,,Fixation
1669787061.879807,,Eye Tracker,468.0,520.0,Valid,Valid,Fixation
1669787061.896462,,Mouse,465.6666666666667,520.3333333333334,,,Fixation
1669787061.913117,,Mouse,463.3333333333333,520.6666666666666,,,Fixation
1669787061.929771,,Eye Tracker,461.0,521.0,Valid,Valid,Fixation
1669787061.946426,,Mouse,461.5,520.5,,,Fixation
1669787061.963081,,Eye Tracker,462.0,520.0,Valid,Valid,Fixation
1669787061.9797359,,Eye Tracker,468.0,513.0,Valid,Valid,Fixation
1669787061.996391,,Mouse,468.0,513.5,,,Fixation
1669787062.013046,,Eye Tracker,468.0,514.0,Valid,Valid,Fixation
1669787062.0297,,Eye Tracker,467.0,519.0,Valid,Valid,Fixation
1669787062.046355,,Eye Tracker,466.0,515.0,Valid,Valid,Fixation
1669787062.06301,,Mouse,465.5,515.5,,,Fixation
1669787062.079664,,Eye Tracker,465.0,516.0,Valid,Valid,Fixation
1669787062.096319,,Eye Tracker,463.0,517.0,Valid,Valid,Fixation
1669787062.112974,,Mouse,465.5,515.5,,,Fixation
1669787062.129629,,Eye Tracker,468.0,514.0,Valid,Valid,Fixation
1669787062.1462839,,Mouse,466.3333333333333,513.6666666666666,,,Fixation
1669787062.1629388,,Mouse,464.6666666666667,513.3333333333334,,,Fixation
1669787062.179594,,Eye Tracker,463.0,513.0,Valid,Valid,Fixation
1669787062.196248,,Mouse,459.0,516.0,,,Fixation
1669787062.212903,,Eye Tracker,455.0,519.0,Valid,Valid,Fixation
1669787062.229559,,Mouse,455.5,519.5,,,Fixation
1669787062.246213,,Eye Tracker,456.0,520.0,Valid,Valid,Fixation
1669787062.262868,,Mouse,454.5,515.5,,,Fixation
1669787062.279523,,Eye Tracker,453.0,511.0,Valid,Valid,Fixation
1669787062.296177,,Eye Tracker,454.0,516.0,Valid,Valid,Fixation
1669787062.3128319,,Eye Tracker,454.0,518.0,Valid,Valid,Fixation
1669787062.3294868,,Eye Tracker,452.0,516.0,Valid,Valid,Fixation
1669787062.3461409,,Mouse,453.0,520.0,,,Fixation
1669787062.3627958,,Eye Tracker,454.0,524.0,Valid,Valid,Fixation
1669787062.379451,,Mouse,453.5,522.0,,,Fixation
1669787062.396106,,Eye Tracker,453.0,520.0,Valid,Valid,Fixation
1669787062.41276,,Mouse,452.5,516.5,,,Fixation
1669787062.429415,,Eye Tracker,452.0,513.0,Valid,Valid,Fixation
1669787062.44607,,Eye Tracker,449.0,514.0,Valid,Valid,Fixation
1669787062.462725,,Mouse,449.5,514.0,,,Fixation
1669787062.47938,,Eye Tracker,450.0,514.0,Valid,Valid,Fixation
1669787062.4960349,,Eye Tracker,450.0,513.0,Valid,Valid,Fixation
1669787062.5126889,,Eye Tracker,450.0,514.0,Valid,Valid,Fixation
1669787062.529345,,Mouse,450.0,513.5,,,Fixation
1669787062.546,,Eye Tracker,450.0,513.0,Valid,Valid,Fixation
1669787062.562654,,Mouse,447.5,511.5,,,Fixation
1669787062.579309,,Eye Tracker,445.0,510.0,Valid,Valid,Fixation
1669787062.595964,,Mouse,445.5,510.5,,,Fixation
1669787062.612618,,Eye Tracker,446.0,511.0,Valid,Valid,Fixation
1669787062.629273,,Mouse,445.0,510.0,,,Fixation
1669787062.645928,,Eye Tracker,444.0,509.0,Valid,Valid,Fixation
1669787062.6625829,,Mouse,443.6666666666667,510.0,,,Fixation
1669787062.679237,,Mouse,443.3333333333333,511.0,,,Fixation
1669787062.6958919,,Eye Tracker,443.0,512.0,Valid,Valid,Fixation
1669787062.7125468,,Eye Tracker,449.0,518.0,Valid,Valid,Fixation
1669787062.729202,,Mouse,446.5,515.5,,,Fixation
1669787062.745857,,Eye Tracker,444.0,513.0,Valid,Valid,Fixation
1669787062.762512,,Mouse,442.0,512.6666666666666,,,Fixation
1669787062.779166,,Mouse,440.0,512.3333333333334,,,Fixation
1669787062.795821,,Eye Tracker,438.0,512.0,Valid,Valid,Fixation
1669787062.812476,,Mouse,439.5,511.5,,,Fixation
1669787062.82913,,Eye Tracker,441.0,511.0,Valid,Valid,Fixation
1669787062.845785,,Mouse,440.0,509.3333333333333,,,Fixation
1669787062.8624399,,Mouse,439.0,507.6666666666667,,,Fixation
1669787062.879094,,Eye Tracker,438.0,506.0,Valid,Valid,Fixation
1669787062.8957489,,Mouse,437.5,506.5,,,Fixation
1669787062.912405,,Eye Tracker,437.0,507.0,Valid,Valid,Fixation
1669787062.92906,,Eye Tracker,440.0,503.0,Valid,Valid,Fixation
1669787062.945714,,Mouse,439.3333333333333,503.0,,,Fixation
1669787062.962369,,Mouse,438.6666666666667,503.0,,,Fixation
1669787062.979025,,Eye Tracker,438.0,503.0,Valid,Valid,Fixation
1669787062.995679,,Mouse,435.5,503.0,,,Fixation
1669787063.0123339,,Eye Tracker,433.0,503.0,Valid,Valid,Fixation
1669787063.0289888,,Mouse,433.0,503.0,,,Fixation
1669787063.0456429,,Eye Tracker,433.0,503.0,Valid,Valid,Fixation
1669787063.0622978,,Mouse,432.5,502.0,,,Fixation
1669787063.078953,,Eye Tracker,432.0,501.0,Valid,Valid,Fixation
1669787063.095607,,Mouse,431.3333333333333,500.6666666666667,,,Fixation
1669787063.112262,,Mouse,430.6666666666667,500.3333333333333,,,Fixation
1669787063.128917,,Eye Tracker,430.0,500.0,Valid,Valid,Fixation
1669787063.145571,,Eye Tracker,428.0,502.0,Valid,Valid,Fixation
1669787063.162227,,Mouse,427.6666666666667,502.6666666666667,,,Fixation
1669787063.178882,,Mouse,427.3333333333333,503.3333333333333,,,Fixation
1669787063.1955369,,Eye Tracker,427.0,504.0,Valid,Valid,Fixation
1669787063.2121909,,Mouse,426.5,504.5,,,Fixation
1669787063.2288458,,Eye Tracker,426.0,505.0,Valid,Valid,Fixation
1669787063.245501,,Mouse,424.5,505.0,,,Fixation
1669787063.262155,,Eye Tracker,423.0,505.0,Valid,Valid,Fixation
1669787063.27881,,Mouse,422.0,503.0,,,Fixation
1669787063.295466,,Eye Tracker,421.0,501.0,Valid,Valid,Fixation
1669787063.31212,,Mouse,421.0,502.5,,,Fixation
1669787063.328775,,Eye Tracker,421.0,504.0,Valid,Valid,Fixation
1669787063.34543,,Mouse,420.6666666666667,504.6666666666667,,,Fixation
1669787063.362084,,Mouse,420.3333333333333,505.3333333333333,,,Fixation
1669787063.3787389,,Eye Tracker,420.0,506.0,Valid,Valid,Fixation
1669787063.3953938,,Mouse,416.5,505.0,,,Fixation
1669787063.4120479,,Eye Tracker,413.0,504.0,Valid,Valid,Fixation
1669787063.4287028,,Mouse,414.0,502.5,,,Fixation
1669787063.445358,,Eye Tracker,415.0,501.0,Valid,Valid,Fixation
1669787063.462014,,Mouse,414.0,497.0,,,Fixation
1669787063.478668,,Eye Tracker,413.0,493.0,Valid,Valid,Fixation
1669787063.495323,,Mouse,410.3333333333333,492.3333333333333,,,Fixation
1669787063.511978,,Mouse,407.6666666666667,491.6666666666667,,,Fixation
1669787063.528632,,Eye Tracker,405.0,491.0,Valid,Valid,Fixation
1669787063.545287,,Mouse,405.0,492.0,,,Fixation
1669787063.5619419,,Eye Tracker,405.0,493.0,Valid,Valid,Fixation
1669787063.5785959,,Mouse,404.0,492.5,,,Fixation
1669787063.5952508,,Eye Tracker,403.0,492.0,Valid,Valid,Fixation
1669787063.611906,,Mouse,402.6666666666667,493.0,,,Fixation
1669787063.628561,,Mouse,402.3333333333333,494.0,,,Fixation
1669787063.645216,,Eye Tracker,402.0,495.0,Valid,Valid,Fixation
1669787063.661871,,Mouse,399.5,496.5,,,Fixation
1669787063.678525,,Eye Tracker,397.0,498.0,Valid,Valid,Fixation
1669787063.69518,,Eye Tracker,393.0,500.0,Valid,Valid,Fixation
1669787063.711835,,Eye Tracker,396.0,498.0,Valid,Valid,Fixation
1669787063.7284899,,Mouse,395.5,499.0,,,Fixation
1669787063.7451448,,Eye Tracker,395.0,500.0,Valid,Valid,Fixation
1669787063.7618,,Mouse,389.5,501.5,,,Fixation
1669787063.778455,,Eye Tracker,384.0,503.0,Valid,Valid,Fixation
1669787063.795109,,Mouse,371.0,503.0,,,Saccade
1669787063.811764,,Eye Tracker,358.0,503.0,Valid,Valid,Saccade
1669787063.828419,,Mouse,351.5,505.0,,,Saccade
1669787063.845073,,Eye Tracker,345.0,507.0,Valid,Valid,Fixation
1669787063.861728,,Mouse,345.0,507.3333333333333,,,Fixation
1669787063.8783839,,Mouse,345.0,507.6666666666667,,,Fixation
1669787063.895038,,Eye Tracker,345.0,508.0,Valid,Valid,Fixation
1669787063.9116929,,Mouse,341.0,506.5,,,Fixation
1669787063.9283478,,Eye Tracker,337.0,505.0,Valid,Valid,Fixation
1669787063.9450018,,Mouse,338.5,505.5,,,Fixation
1669787063.961657,,Eye Tracker,340.0,506.0,Valid,Valid,Fixation
1669787063.978312,,Mouse,343.0,507.5,,,Fixation
1669787063.994967,,Eye Tracker,346.0,509.0,Valid,Valid,Fixation
1669787064.011621,,Eye Tracker,341.0,505.0,Valid,Valid,Fixation
1669787064.028276,,Eye Tracker,342.0,504.0,Valid,Valid,Fixation
1669787064.044931,,Eye Tracker,339.0,508.0,Valid,Valid,Fixation
1669787064.061586,,Eye Tracker,330.0,507.0,Valid,Valid,Fixation
1669787064.0782409,,Eye Tracker,331.0,507.0,Valid,Valid,Fixation
1669787064.0948958,,Mouse,330.0,505.5,,,Fixation
1669787064.1115499,,Eye Tracker,329.0,504.0,Valid,Valid,Fixation
1669787064.1282048,,Mouse,328.0,504.3333333333333,,,Fixation
1669787064.14486,,Mouse,327.0,504.6666666666667,,,Fixation
1669787064.161514,,Eye Tracker,326.0,505.0,Valid,Valid,Fixation
1669787064.17817,,Eye Tracker,321.0,507.0,Valid,Valid,Fixation
1669787064.194825,,Mouse,320.3333333333333,505.3333333333333,,,Fixation
1669787064.211479,,Mouse,319.6666666666667,503.6666666666667,,,Fixation
1669787064.228134,,Eye Tracker,319.0,502.0,Valid,Valid,Fixation
1669787064.244789,,Mouse,318.5,497.5,,,Fixation
1669787064.2614439,,Eye Tracker,318.0,493.0,Valid,Valid,Fixation
1669787064.2780979,,Eye Tracker,319.0,498.0,Valid,Valid,Fixation
1669787064.2947528,,Mouse,318.3333333333333,501.3333333333333,,,Fixation
1669787064.311408,,Mouse,317.6666666666667,504.6666666666667,,,Fixation
1669787064.328062,,Eye Tracker,317.0,508.0,Valid,Valid,Fixation
1669787064.344718,,Mouse,316.0,509.0,,,Fixation
1669787064.361373,,Eye Tracker,315.0,510.0,Valid,Valid,Fixation
1669787064.378027,,Mouse,315.0,511.0,,,Fixation
1669787064.394682,,Eye Tracker,315.0,512.0,Valid,Valid,Fixation
1669787064.411337,,Mouse,313.3333333333333,510.6666666666667,,,Fixation
1669787064.427991,,Mouse,311.6666666666667,509.3333333333333,,,Fixation
1669787064.444646,,Eye Tracker,310.0,508.0,Valid,Valid,Fixation
1669787064.4613008,,Mouse,311.5,504.5,,,Fixation
1669787064.4779549,,Eye Tracker,313.0,501.0,Valid,Valid,Fixation
1669787064.494611,,Mouse,315.0,503.0,,,Fixation
1669787064.511266,,Eye Tracker,317.0,505.0,Valid,Valid,Fixation
1669787064.527921,,Mouse,310.5,510.0,,,Fixation
1669787064.544575,,Eye Tracker,304.0,515.0,Valid,Valid,Fixation
1669787064.56123,,Mouse,300.3333333333333,513.3333333333334,,,Fixation
1669787064.5778859,,Mouse,296.6666666666667,511.6666666666667,,,Fixation
1669787064.5945399,,Eye Tracker,293.0,510.0,Valid,Valid,Fixation
1669787064.6111948,,Mouse,296.0,507.5,,,Fixation
1669787064.62785,,Eye Tracker,299.0,505.0,Valid,Valid,Fixation
1669787064.6445038,,Mouse,301.0,506.5,,,Fixation
1669787064.661159,,Eye Tracker,303.0,508.0,Valid,Valid,Fixation
1669787064.677814,,Eye Tracker,296.0,504.0,Valid,Valid,Fixation
1669787064.694468,,Eye Tracker,291.0,499.0,Valid,Valid,Fixation
1669787064.711123,,Eye Tracker,288.0,498.0,Valid,Valid,Fixation
1669787064.727778,,Mouse,287.3333333333333,497.3333333333333,,,Fixation
1669787064.744432,,Mouse,286.6666666666667,496.6666666666667,,,Fixation
1669787064.761087,,Eye Tracker,286.0,496.0,Valid,Valid,Fixation
1669787064.777742,,Eye Tracker,287.0,493.0,Valid,Valid,Fixation
1669787064.7943969,,Eye Tracker,288.0,497.0,Valid,Valid,Fixation
1669787064.8110518,,Mouse,287.0,504.5,,,Fixation
1669787064.827707,,Eye Tracker,286.0,512.0,Valid,Valid,Fixation
1669787064.844362,,Eye Tracker,284.0,509.0,Valid,Valid,Fixation
1669787064.861016,,Eye Tracker,268.0,506.0,Valid,Valid,Fixation
1669787064.877671,,Eye Tracker,251.0,509.0,Valid,Valid,Fixation
1669787064.894327,,Mouse,250.5,509.5,,,Fixation
1669787064.910981,,Eye Tracker,250.0,510.0,Valid,Valid,Fixation
1669787064.927636,,Mouse,248.5,508.0,,,Fixation
1669787064.9442909,,Eye Tracker,247.0,506.0,Valid,Valid,Fixation
1669787064.960945,,Mouse,245.0,502.0,,,Fixation
1669787064.9775999,,Eye Tracker,243.0,498.0,Valid,Valid,Fixation
1669787064.9942548,,Mouse,243.0,500.5,,,Fixation
1669787065.0109088,,Eye Tracker,243.0,503.0,Valid,Valid,Fixation
1669787065.027564,,Eye Tracker,237.0,508.0,Valid,Valid,Fixation
1669787065.04422,,Eye Tracker,238.0,507.0,Valid,Valid,Fixation
1669787065.060875,,Mouse,239.5,506.0,,,Fixation
1669787065.077529,,Eye Tracker,241.0,505.0,Valid,Valid,Fixation
1669787065.094184,,Mouse,241.5,502.0,,,Fixation
1669787065.110839,,Eye Tracker,242.0,499.0,Valid,Valid,Fixation
1669787065.127493,,Eye Tracker,236.0,496.0,Valid,Valid,Fixation
1669787065.1441479,,Mouse,235.0,497.0,,,Fixation
1669787065.1608028,,Eye Tracker,234.0,498.0,Valid,Valid,Fixation
1669787065.1774569,,Mouse,237.0,502.5,,,Fixation
1669787065.1941118,,Eye Tracker,240.0,507.0,Valid,Valid,Fixation
1669787065.210767,,Eye Tracker,238.0,507.0,Valid,Valid,Fixation
1669787065.227421,,Mouse,236.0,504.0,,,Fixation
1669787065.244077,,Eye Tracker,234.0,501.0,Valid,Valid,Fixation
1669787065.260732,,Mouse,232.5,501.0,,,Fixation
1669787065.277387,,Eye Tracker,231.0,501.0,Valid,Valid,Fixation
1669787065.2940419,,Mouse,231.5,502.5,,,Fixation
1669787065.3106968,,Eye Tracker,232.0,504.0,Valid,Valid,Fixation
1669787065.327352,,Mouse,233.5,501.5,,,Fixation
1669787065.3440058,,Eye Tracker,235.0,499.0,Valid,Valid,Fixation
1669787065.360661,,Mouse,235.66666666666666,495.3333333333333,,,Fixation
1669787065.377316,,Mouse,236.33333333333334,491.6666666666667,,,Fixation
1669787065.39397,,Eye Tracker,237.0,488.0,Valid,Valid,Fixation
1669787065.410625,,Eye Tracker,236.0,490.0,Valid,Valid,Fixation
1669787065.42728,,Mouse,234.0,493.5,,,Fixation
1669787065.443934,,Eye Tracker,232.0,497.0,Valid,Valid,Fixation
1669787065.460589,,Mouse,231.33333333333334,496.6666666666667,,,Fixation
1669787065.477244,,Mouse,230.66666666666666,496.3333333333333,,,Fixation
1669787065.493898,,Eye Tracker,230.0,496.0,Valid,Valid,Fixation
1669787065.5105538,,Eye Tracker,231.0,501.0,Valid,Valid,Fixation
1669787065.527209,,Mouse,230.33333333333334,500.0,,,Fixation
1669787065.543863,,Mouse,229.66666666666666,499.0,,,Fixation
1669787065.560518,,Eye Tracker,229.0,498.0,Valid,Valid,Fixation
1669787065.577173,,Mouse,227.0,494.0,,,Fixation
1669787065.593829,,Eye Tracker,225.0,490.0,Valid,Valid,Fixation
1669787065.610483,,Eye Tracker,225.0,493.0,Valid,Valid,Fixation
1669787065.627138,,Mouse,225.0,491.5,,,Fixation
1669787065.6437929,,Eye Tracker,225.0,490.0,Valid,Valid,Fixation
1669787065.660447,,Mouse,224.33333333333334,490.3333333333333,,,Fixation
1669787065.6771019,,Mouse,223.66666666666666,490.6666666666667,,,Fixation
1669787065.693757,,Eye Tracker,223.0,491.0,Valid,Valid,Fixation
1669787065.7104108,,Mouse,222.5,489.0,,,Fixation
1669787065.727066,,Eye Tracker,222.0,487.0,Valid,Valid,Fixation
1669787065.743722,,Mouse,223.0,488.3333333333333,,,Fixation
1669787065.760376,,Mouse,224.0,489.6666666666667,,,Fixation
1669787065.777031,,Eye Tracker,225.0,491.0,Valid,Valid,Fixation
1669787065.793686,,Mouse,223.0,494.5,,,Fixation
1669787065.81034,,Eye Tracker,221.0,498.0,Valid,Valid,Fixation
1669787065.826995,,Eye Tracker,218.0,496.0,Valid,Valid,Fixation
1669787065.8436499,,Mouse,217.5,496.0,,,Fixation
1669787065.8603048,,Eye Tracker,217.0,496.0,Valid,Valid,Fixation
1669787065.8769588,,Mouse,217.33333333333334,493.6666666666667,,,Fixation
1669787065.893614,,Mouse,217.66666666666666,491.3333333333333,,,Fixation
1669787065.910269,,Eye Tracker,218.0,489.0,Valid,Valid,Fixation
1669787065.926923,,Mouse,217.0,483.5,,,Fixation
1669787065.943578,,Eye Tracker,216.0,478.0,Valid,Valid,Fixation
1669787065.960233,,Mouse,213.0,478.5,,,Fixation
1669787065.976888,,Eye Tracker,210.0,479.0,Valid,Valid,Fixation
1669787065.993543,,Mouse,210.33333333333334,481.3333333333333,,,Fixation
1669787066.0101979,,Mouse,210.66666666666666,483.6666666666667,,,Fixation
1669787066.026852,,Eye Tracker,211.0,486.0,Valid,Valid,Fixation
1669787066.0435069,,Eye Tracker,212.0,497.0,Valid,Valid,Fixation
1669787066.0601618,,Mouse,209.66666666666666,498.0,,,Fixation
1669787066.0768158,,Mouse,207.33333333333334,499.0,,,Fixation
1669787066.093471,,Eye Tracker,205.0,500.0,Valid,Valid,Fixation
1669787066.110126,,Mouse,204.5,495.0,,,Fixation
1669787066.126781,,Eye Tracker,204.0,490.0,Valid,Valid,Fixation
1669787066.143435,,Mouse,203.5,491.5,,,Fixation
1669787066.16009,,Eye Tracker,203.0,493.0,Valid,Valid,Fixation
1669787066.176745,,Mouse,203.0,494.5,,,Fixation
1669787066.193399,,Eye Tracker,203.0,496.0,Valid,Valid,Fixation
1669787066.2100549,,Mouse,203.5,491.0,,,Fixation
1669787066.2267098,,Eye Tracker,204.0,486.0,Valid,Valid,Fixation
1669787066.2433639,,Mouse,204.5,488.0,,,Fixation
1669787066.2600188,,Eye Tracker,205.0,490.0,Valid,Valid,Fixation
1669787066.276674,,Mouse,204.0,493.5,,,Fixation
1669787066.293328,,Eye Tracker,203.0,497.0,Valid,Valid,Fixation
1669787066.309983,,Mouse,201.5,494.5,,,Fixation
1669787066.326638,,Eye Tracker,200.0,492.0,Valid,Valid,Fixation
1669787066.343292,,Mouse,200.5,490.0,,,Fixation
1669787066.359947,,Eye Tracker,201.0,488.0,Valid,Valid,Fixation
1669787066.376602,,Mouse,198.5,488.0,,,Fixation
1669787066.393257,,Eye Tracker,196.0,488.0,Valid,Valid,Fixation
1669787066.409911,,Mouse,192.0,487.5,,,Fixation
1669787066.426566,,Eye Tracker,188.0,487.0,Valid,Valid,Fixation
1669787066.4432209,,Mouse,188.0,487.5,,,Fixation
1669787066.4598758,,Eye Tracker,188.0,488.0,Valid,Valid,Fixation
1669787066.476531,,Mouse,187.0,486.5,,,Fixation
1669787066.493186,,Eye Tracker,186.0,485.0,Valid,Valid,Fixation
1669787066.50984,,Mouse,185.0,484.0,,,Fixation
1669787066.526495,,Eye Tracker,184.0,483.0,Valid,Valid,Fixation
1669787066.54315,,Eye Tracker,187.0,485.0,Valid,Valid,Fixation
1669787066.559804,,Mouse,188.0,487.5,,,Fixation
1669787066.576459,,Eye Tracker,189.0,490.0,Valid,Valid,Fixation
1669787066.593114,,Mouse,190.0,495.0,,,Fixation
1669787066.609768,,Eye Tracker,191.0,500.0,Valid,Valid,Fixation
1669787066.626423,,Mouse,187.5,497.5,,,Fixation
1669787066.6430779,,Eye Tracker,184.0,495.0,Valid,Valid,Fixation
1669787066.659733,,Mouse,179.66666666666666,494.0,,,Fixation
1669787066.6763868,,Mouse,175.33333333333334,493.0,,,Fixation
1669787066.693043,,Eye Tracker,171.0,492.0,Valid,Valid,Fixation
1669787066.709698,,Mouse,173.5,495.5,,,Fixation
1669787066.726352,,Eye Tracker,176.0,499.0,Valid,Valid,Fixation
1669787066.743007,,Eye Tracker,178.0,497.0,Valid,Valid,Fixation
1669787066.759662,,Eye Tracker,175.0,495.0,Valid,Valid,Fixation
1669787066.776316,,Eye Tracker,172.0,497.0,Valid,Valid,Fixation
1669787066.792971,,Eye Tracker,170.0,497.0,Valid,Valid,Fixation
1669787066.8096259,,Eye Tracker,173.0,495.0,Valid,Valid,Fixation
1669787066.8262799,,Eye Tracker,174.0,501.0,Valid,Valid,Fixation
1669787066.8429348,,Mouse,173.0,502.3333333333333,,,Fixation
1669787066.85959,,Mouse,172.0,503.6666666666667,,,Fixation
1669787066.8762438,,Eye Tracker,171.0,505.0,Valid,Valid,Fixation
1669787066.892899,,Mouse,170.5,501.0,,,Fixation
1669787066.909554,,Eye Tracker,170.0,497.0,Valid,Valid,Fixation
1669787066.92621,,Mouse,171.5,497.5,,,Fixation
1669787066.942864,,Eye Tracker,173.0,498.0,Valid,Valid,Fixation
1669787066.959519,,Mouse,167.5,501.5,,,Fixation
1669787066.9761739,,Eye Tracker,162.0,505.0,Valid,Valid,Fixation
1669787066.992828,,Mouse,155.33333333333334,507.3333333333333,,,Fixation
1669787067.0094829,,Mouse,148.66666666666666,509.6666666666667,,,Fixation
1669787067.0261378,,Eye Tracker,142.0,512.0,Valid,Valid,Fixation
1669787067.0427918,,Mouse,138.5,520.5,,,Fixation
1669787067.059447,,Eye Tracker,135.0,529.0,Valid,Valid,Fixation
1669787067.076102,,Mouse,134.0,529.5,,,Fixation
1669787067.092756,,Eye Tracker,133.0,530.0,Valid,Valid,Fixation
1669787067.109411,,Mouse,132.0,529.6666666666666,,,Fixation
1669787067.126066,,Mouse,131.0,529.3333333333334,,,Fixation
1669787067.14272,,Eye Tracker,130.0,529.0,Valid,Valid,Fixation
1669787067.159376,,Eye Tracker,129.0,527.0,Valid,Valid,Fixation
1669787067.1760309,,Mouse,127.5,524.5,,,Fixation
1669787067.1926858,,Eye Tracker,126.0,522.0,Valid,Valid,Fixation
1669787067.2093399,,Eye Tracker,126.0,525.0,Valid,Valid,Fixation
1669787067.2259948,,Eye Tracker,124.0,524.0,Valid,Valid,Fixation
1669787067.24265,,Mouse,123.33333333333333,524.3333333333334,,,Fixation
1669787067.259304,,Mouse,122.66666666666667,524.6666666666666,,,Fixation
1669787067.275959,,Eye Tracker,122.0,525.0,Valid,Valid,Fixation
1669787067.292614,,Mouse,122.5,527.0,,,Fixation
1669787067.309268,,Eye Tracker,123.0,529.0,Valid,Valid,Fixation
1669787067.325923,,Mouse,123.0,526.0,,,Fixation
1669787067.342578,,Eye Tracker,123.0,523.0,Valid,Valid,Fixation
1669787067.359232,,Mouse,130.66666666666666,523.6666666666666,,,Fixation
1669787067.375887,,Mouse,138.33333333333334,524.3333333333334,,,Fixation
1669787067.3925428,,Eye Tracker,146.0,525.0,Valid,Valid,Fixation
1669787067.4091969,,Mouse,155.0,529.0,,,Fixation
1669787067.4258518,,Eye Tracker,164.0,533.0,Valid,Valid,Fixation
1669787067.442507,,Eye Tracker,157.0,529.0,Valid,Valid,Fixation
1669787067.459162,,Mouse,154.5,529.0,,,Fixation
1669787067.475816,,Eye Tracker,152.0,529.0,Valid,Valid,Fixation
1669787067.492471,,Mouse,151.5,529.5,,,Fixation
1669787067.509126,,Eye Tracker,151.0,530.0,Valid,Valid,Fixation
1669787067.52578,,Eye Tracker,159.0,529.0,Valid,Valid,Fixation
1669787067.542435,,Mouse,160.5,529.0,,,Fixation
1669787067.55909,,Eye Tracker,162.0,529.0,Valid,Valid,Fixation
1669787067.575744,,Eye Tracker,153.0,528.0,Valid,Valid,Fixation
1669787067.592399,,Mouse,150.5,527.5,,,Fixation
1669787067.6090539,,Eye Tracker,148.0,527.0,Valid,Valid,Fixation
1669787067.625709,,Mouse,151.0,528.0,,,Fixation
1669787067.642364,,Eye Tracker,154.0,529.0,Valid,Valid,Fixation
1669787067.659019,,Mouse,154.0,529.5,,,Fixation
1669787067.675673,,Eye Tracker,154.0,530.0,Valid,Valid,Fixation
1669787067.692328,,Eye Tracker,144.0,523.0,Valid,Valid,Fixation
1669787067.708983,,Mouse,144.5,524.0,,,Fixation
1669787067.725638,,Eye Tracker,145.0,525.0,Valid,Valid,Fixation
1669787067.742292,,Eye Tracker,147.0,531.0,Valid,Valid,Fixation
1669787067.758947,,Mouse,146.5,530.0,,,Fixation
1669787067.7756019,,Eye Tracker,146.0,529.0,Valid,Valid,Fixation
1669787067.7922559,,Mouse,148.5,529.5,,,Fixation
1669787067.8089108,,Eye Tracker,151.0,530.0,Valid,Valid,Fixation
1669787067.825566,,Eye Tracker,149.0,534.0,Valid,Valid,Fixation
1669787067.8422198,,Mouse,147.0,530.5,,,Fixation
1669787067.858876,,Eye Tracker,145.0,527.0,Valid,Valid,Fixation
1669787067.875531,,Eye Tracker,139.0,520.0,Valid,Valid,Fixation
1669787067.892185,,Mouse,138.0,520.5,,,Fixation
1669787067.90884,,Eye Tracker,137.0,521.0,Valid,Valid,Fixation
1669787067.925495,,Eye Tracker,142.0,524.0,Valid,Valid,Fixation
1669787067.942149,,Mouse,143.0,527.0,,,Fixation
1669787067.958804,,Eye Tracker,144.0,530.0,Valid,Valid,Fixation
1669787067.9754589,,Eye Tracker,143.0,531.0,Valid,Valid,Fixation
1669787067.9921138,,Mouse,143.0,529.0,,,Fixation
1669787068.0087678,,Eye Tracker,143.0,527.0,Valid,Valid,Fixation
1669787068.025423,,Eye Tracker,141.0,525.0,Valid,Valid,Fixation
1669787068.042078,,Eye Tracker,142.0,521.0,Valid,Valid,Fixation
1669787068.058732,,Eye Tracker,145.0,522.0,Valid,Valid,Fixation
1669787068.075387,,Eye Tracker,143.0,526.0,Valid,Valid,Fixation
1669787068.092043,,Mouse,143.5,527.0,,,Fixation
1669787068.108697,,Eye Tracker,144.0,528.0,Valid,Valid,Fixation
1669787068.125352,,Eye Tracker,146.0,527.0,Valid,Valid,Fixation
1669787068.1420069,,Eye Tracker,147.0,526.0,Valid,Valid,Fixation
1669787068.158661,,Eye Tracker,148.0,532.0,Valid,Valid,Fixation
1669787068.1753159,,Eye Tracker,141.0,530.0,Valid,Valid,Fixation
1669787068.1919708,,Eye Tracker,139.0,528.0,Valid,Valid,Fixation
1669787068.2086248,,Eye Tracker,146.0,529.0,Valid,Valid,Fixation
1669787068.22528,,Eye Tracker,145.0,531.0,Valid,Valid,Fixation
1669787068.241935,,Eye Tracker,145.0,531.0,Valid,Valid,Fixation
1669787068.25859,,Eye Tracker,146.0,535.0,Valid,Valid,Fixation
1669787068.275244,,Eye Tracker,143.0,538.0,Valid,Valid,Fixation
1669787068.291899,,Eye Tracker,139.0,533.0,Valid,Valid,Fixation
1669787068.308554,,Mouse,139.5,533.5,,,Fixation
1669787068.325209,,Eye Tracker,140.0,534.0,Valid,Valid,Fixation
1669787068.3418639,,Mouse,142.0,533.5,,,Fixation
1669787068.3585188,,Eye Tracker,144.0,533.0,Valid,Valid,Fixation
1669787068.3751729,,Eye Tracker,150.0,530.0,Valid,Valid,Fixation
1669787068.3918278,,Eye Tracker,155.0,531.0,Valid,Valid,Fixation
1669787068.408483,,Eye Tracker,152.0,534.0,Valid,Valid,Fixation
1669787068.425137,,Eye Tracker,151.0,534.0,Valid,Valid,Fixation
1669787068.441792,,Mouse,151.5,534.0,,,Fixation
1669787068.458447,,Eye Tracker,152.0,534.0,Valid,Valid,Fixation
1669787068.465702,,Mouse,150.0,535.5,,,Fixation
1669787068.475101,,Eye Tracker,148.0,537.0,Valid,Valid,Fixation
1669787068.4816918,,Mouse,146.5,536.0,,,Fixation
1669787068.491756,,Eye Tracker,145.0,535.0,Valid,Valid,Fixation
1669787068.497709,,Mouse,142.0,534.5,,,Fixation
1669787068.508411,,Eye Tracker,139.0,534.0,Valid,Valid,Fixation
1669787068.513645,,Mouse,139.5,537.0,,,Fixation
1669787068.525066,,Eye Tracker,140.0,540.0,Valid,Valid,Fixation
1669787068.5296469,,Mouse,144.5,541.0,,,Fixation
1669787068.54172,,Eye Tracker,149.0,542.0,Valid,Valid,Fixation
1669787068.5456538,,Eye Tracker,149.0,538.0,Valid,Valid,Fixation
1669787068.5583758,,Mouse,146.5,538.5,,,Fixation
1669787068.5616539,,Eye Tracker,144.0,539.0,Valid,Valid,Fixation
1669787068.575031,,Mouse,144.0,539.0,,,Fixation
1669787068.577615,,Eye Tracker,144.0,539.0,Valid,Valid,Fixation
1669787068.591685,,Mouse,143.5,538.5,,,Fixation
1669787068.60834,,Eye Tracker,143.0,538.0,Valid,Valid,Fixation
1669787068.624995,,Mouse,140.5,536.5,,,Fixation
1669787068.641649,,Eye Tracker,138.0,535.0,Valid,Valid,Fixation
1669787068.658304,,Eye Tracker,144.0,533.0,Valid,Valid,Fixation
1669787068.674959,,Eye Tracker,145.0,532.0,Valid,Valid,Fixation
1669787068.691613,,Mouse,143.66666666666666,532.0,,,Fixation
1669787068.708268,,Mouse,142.33333333333334,532.0,,,Fixation
1669787068.724923,,Eye Tracker,141.0,532.0,Valid,Valid,Fixation
1669787068.741577,,Eye Tracker,148.0,535.0,Valid,Valid,Fixation
1669787068.7582319,,Mouse,146.0,537.5,,,Fixation
1669787068.769568,,Eye Tracker,144.0,540.0,Valid,Valid,Fixation
1669787068.7748868,,Mouse,142.33333333333334,539.3333333333334,,,Fixation
1669787068.7856019,,Mouse,140.66666666666666,538.6666666666666,,,Fixation
1669787068.791542,,Eye Tracker,139.0,538.0,Valid,Valid,Fixation
1669787068.808197,,Eye Tracker,141.0,542.0,Valid,Valid,Fixation
1669787068.824852,,Mouse,140.0,543.0,,,Fixation
1669787068.841507,,Eye Tracker,139.0,544.0,Valid,Valid,Fixation
1669787068.858161,,Mouse,141.5,542.5,,,Fixation
1669787068.874816,,Eye Tracker,144.0,541.0,Valid,Valid,Fixation
1669787068.891471,,Eye Tracker,144.0,540.0,Valid,Valid,Fixation
1669787068.905539,,Mouse,142.66666666666666,538.3333333333334,,,Fixation
1669787068.908125,,Mouse,141.33333333333334,536.6666666666666,,,Fixation
1669787068.921596,,Eye Tracker,140.0,535.0,Valid,Valid,Fixation
1669787068.92478,,Mouse,141.5,536.0,,,Fixation
1669787068.937773,,Eye Tracker,143.0,537.0,Valid,Valid,Fixation
1669787068.9414349,,Eye Tracker,143.0,534.0,Valid,Valid,Fixation
1669787068.9580889,,Mouse,142.5,534.5,,,Fixation
1669787068.9747438,,Eye Tracker,142.0,535.0,Valid,Valid,Fixation
1669787068.991399,,Mouse,141.33333333333334,534.6666666666666,,,Fixation
1669787069.0080528,,Mouse,140.66666666666666,534.3333333333334,,,Fixation
1669787069.009508,,Eye Tracker,140.0,534.0,Valid,Valid,Fixation
1669787069.024708,,Mouse,139.0,534.5,,,Fixation
1669787069.025567,,Eye Tracker,138.0,535.0,Valid,Valid,Fixation
1669787069.041364,,Eye Tracker,132.0,540.0,Valid,Valid,Fixation
1669787069.0417318,,Eye Tracker,128.0,541.0,Valid,Valid,Fixation
1669787069.057565,,Eye Tracker,130.0,543.0,Valid,Valid,Fixation
1669787069.058019,,Eye Tracker,130.0,544.0,Valid,Valid,Fixation
1669787069.073741,,Eye Tracker,128.0,545.0,Valid,Valid,Fixation
1669787069.074673,,Eye Tracker,129.0,546.0,Valid,Valid,Fixation
1669787069.089735,,Eye Tracker,137.0,549.0,Valid,Valid,Fixation
1669787069.091328,,Eye Tracker,133.0,547.0,Valid,Valid,Fixation
1669787069.1079829,,Eye Tracker,130.0,547.0,Valid,Valid,Fixation
1669787069.124637,,Eye Tracker,132.0,544.0,Valid,Valid,Fixation
1669787069.137558,,Mouse,131.0,540.5,,,Fixation
1669787069.1412919,,Eye Tracker,130.0,537.0,Valid,Valid,Fixation
1669787069.1579468,,Eye Tracker,128.0,540.0,Valid,Valid,Fixation
1669787069.1746008,,Eye Tracker,134.0,546.0,Valid,Valid,Fixation
1669787069.191256,,Mouse,134.5,546.0,,,Fixation
1669787069.207911,,Eye Tracker,135.0,546.0,Valid,Valid,Fixation
1669787069.224565,,Mouse,132.0,544.5,,,Fixation
1669787069.24122,,Eye Tracker,129.0,543.0,Valid,Valid,Fixation
1669787069.257875,,Mouse,129.0,540.0,,,Fixation
1669787069.27453,,Eye Tracker,129.0,537.0,Valid,Valid,Fixation
1669787069.291185,,Mouse,127.5,535.0,,,Fixation
1669787069.3078399,,Eye Tracker,126.0,533.0,Valid,Valid,Fixation
1669787069.3244948,,Mouse,124.0,532.5,,,Fixation
1669787069.3411489,,Eye Tracker,122.0,532.0,Valid,Valid,Fixation
1669787069.3578038,,Mouse,122.0,531.5,,,Fixation
1669787069.361811,,Eye Tracker,122.0,531.0,Valid,Valid,Fixation
1669787069.361811,,Eye Tracker,121.0,530.0,Valid,Valid,Fixation
1669787069.374459,,Mouse,120.0,530.0,,,Fixation
1669787069.391113,,Eye Tracker,119.0,530.0,Valid,Valid,Fixation
1669787069.407768,,Mouse,120.5,531.5,,,Fixation
1669787069.4178839,,Eye Tracker,122.0,533.0,Valid,Valid,Fixation
1669787069.4178839,,Mouse,123.5,531.5,,,Fixation
1669787069.424423,,Eye Tracker,125.0,530.0,Valid,Valid,Fixation
1669787069.441077,,Mouse,124.0,532.5,,,Fixation
1669787069.457732,,Eye Tracker,123.0,535.0,Valid,Valid,Fixation
1669787069.4669979,,Mouse,122.0,538.5,,,Fixation
1669787069.474387,,Eye Tracker,121.0,542.0,Valid,Valid,Fixation
1669787069.491041,,Mouse,123.0,542.5,,,Fixation
1669787069.5076969,,Eye Tracker,125.0,543.0,Valid,Valid,Fixation
1669787069.5184278,,Mouse,124.5,542.5,,,Fixation
1669787069.5243518,,Eye Tracker,124.0,542.0,Valid,Valid,Fixation
1669787069.5410058,,Mouse,124.66666666666667,541.6666666666666,,,Fixation
1669787069.557661,,Mouse,125.33333333333333,541.3333333333334,,,Fixation
1669787069.574316,,Eye Tracker,126.0,541.0,Valid,Valid,Fixation
1669787069.590971,,Mouse,127.0,541.0,,,Fixation
1669787069.607625,,Eye Tracker,128.0,541.0,Valid,Valid,Fixation
1669787069.62428,,Mouse,125.5,540.5,,,Fixation
1669787069.640935,,Eye Tracker,123.0,540.0,Valid,Valid,Fixation
1669787069.657589,,Mouse,124.0,546.5,,,Fixation
1669787069.674244,,Eye Tracker,125.0,553.0,Valid,Valid,Fixation
1669787069.690899,,Mouse,123.5,561.0,,,Fixation
1669787069.707553,,Eye Tracker,122.0,569.0,Valid,Valid,Fixation
1669787069.7242079,,Mouse,119.33333333333333,570.6666666666666,,,Fixation
1669787069.740864,,Mouse,116.66666666666667,572.3333333333334,,,Fixation
1669787069.757518,,Eye Tracker,114.0,574.0,Valid,Valid,Fixation
1669787069.7737548,,Mouse,113.66666666666667,574.6666666666666,,,Fixation
1669787069.774173,,Mouse,113.33333333333333,575.3333333333334,,,Fixation
1669787069.785538,,Eye Tracker,113.0,576.0,Valid,Valid,Fixation
1669787069.790828,,Eye Tracker,117.0,573.0,Valid,Valid,Fixation
1669787069.801499,,Mouse,117.33333333333333,572.3333333333334,,,Fixation
1669787069.807482,,Mouse,117.66666666666667,571.6666666666666,,,Fixation
1669787069.81755,,Eye Tracker,118.0,571.0,Valid,Valid,Fixation
1669787069.824137,,Mouse,117.5,573.0,,,Fixation
1669787069.833693,,Eye Tracker,117.0,575.0,Valid,Valid,Fixation
1669787069.840792,,Mouse,117.0,575.0,,,Fixation
1669787069.849571,,Eye Tracker,117.0,575.0,Valid,Valid,Fixation
1669787069.857447,,Mouse,116.0,576.0,,,Fixation
1669787069.8655078,,Eye Tracker,115.0,577.0,Valid,Valid,Fixation
1669787069.874101,,Mouse,115.33333333333333,577.0,,,Fixation
1669787069.890756,,Mouse,115.66666666666667,577.0,,,Fixation
1669787069.9074109,,Eye Tracker,116.0,577.0,Valid,Valid,Fixation
1669787069.9240649,,Mouse,118.0,578.0,,,Fixation
1669787069.9407198,,Eye Tracker,120.0,579.0,Valid,Valid,Fixation
1669787069.957375,,Mouse,122.0,580.5,,,Fixation
1669787069.97403,,Eye Tracker,124.0,582.0,Valid,Valid,Fixation
1669787069.990685,,Mouse,122.66666666666667,582.6666666666666,,,Fixation
1669787070.00734,,Mouse,121.33333333333333,583.3333333333334,,,Fixation
1669787070.023994,,Eye Tracker,120.0,584.0,Valid,Valid,Fixation
1669787070.040649,,Mouse,115.0,583.5,,,Fixation
1669787070.057304,,Eye Tracker,110.0,583.0,Valid,Valid,Fixation
1669787070.073958,,Mouse,111.0,582.0,,,Fixation
1669787070.090613,,Eye Tracker,112.0,581.0,Valid,Valid,Fixation
1669787070.105635,,Mouse,114.33333333333333,580.6666666666666,,,Fixation
1669787070.1072679,,Mouse,116.66666666666667,580.3333333333334,,,Fixation
1669787070.121568,,Eye Tracker,119.0,580.0,Valid,Valid,Fixation
1669787070.1239228,,Mouse,118.5,580.5,,,Fixation
1669787070.137507,,Eye Tracker,118.0,581.0,Valid,Valid,Fixation
1669787070.1405768,,Mouse,115.5,583.0,,,Fixation
1669787070.153486,,Eye Tracker,113.0,585.0,Valid,Valid,Fixation
1669787070.157232,,Mouse,114.0,586.0,,,Fixation
1669787070.1695309,,Eye Tracker,115.0,587.0,Valid,Valid,Fixation
1669787070.173887,,Mouse,115.0,589.0,,,Fixation
1669787070.1855428,,Eye Tracker,115.0,591.0,Valid,Valid,Fixation
1669787070.190541,,Mouse,113.0,590.0,,,Fixation
1669787070.2015228,,Eye Tracker,111.0,589.0,Valid,Valid,Fixation
1669787070.207197,,Mouse,111.5,588.5,,,Fixation
1669787070.217515,,Eye Tracker,112.0,588.0,Valid,Valid,Fixation
1669787070.223852,,Mouse,112.5,592.0,,,Fixation
1669787070.233579,,Eye Tracker,113.0,596.0,Valid,Valid,Fixation
1669787070.240506,,Mouse,113.5,599.0,,,Fixation
1669787070.249533,,Eye Tracker,114.0,602.0,Valid,Valid,Fixation
1669787070.257161,,Eye Tracker,111.0,606.0,Valid,Valid,Fixation
1669787070.265545,,Mouse,110.0,607.5,,,Fixation
1669787070.2738159,,Eye Tracker,109.0,609.0,Valid,Valid,Fixation
1669787070.281553,,Mouse,109.5,612.0,,,Fixation
1669787070.29047,,Eye Tracker,110.0,615.0,Valid,Valid,Fixation
1669787070.297682,,Mouse,107.5,624.5,,,Fixation
1669787070.3071249,,Eye Tracker,105.0,634.0,Valid,Valid,Fixation
1669787070.313545,,Mouse,105.5,636.0,,,Fixation
1669787070.3237798,,Eye Tracker,106.0,638.0,Valid,Valid,Fixation
1669787070.329541,,Mouse,103.5,637.0,,,Fixation
1669787070.3404338,,Eye Tracker,101.0,636.0,Valid,Valid,Fixation
1669787070.345559,,Mouse,99.0,640.5,,,Fixation
1669787070.357089,,Eye Tracker,97.0,645.0,Valid,Valid,Fixation
1669787070.361631,,Eye Tracker,96.0,649.0,Valid,Valid,Fixation
1669787070.373744,,Mouse,95.0,648.0,,,Fixation
1669787070.377547,,Eye Tracker,94.0,647.0,Valid,Valid,Fixation
1669787070.390399,,Mouse,94.5,646.0,,,Fixation
1669787070.393528,,Eye Tracker,95.0,645.0,Valid,Valid,Fixation
1669787070.407053,,Mouse,96.0,642.0,,,Fixation
1669787070.409528,,Eye Tracker,97.0,639.0,Valid,Valid,Fixation
1669787070.423708,,Mouse,95.0,638.5,,,Fixation
1669787070.425528,,Eye Tracker,93.0,638.0,Valid,Valid,Fixation
1669787070.440364,,Mouse,93.5,640.5,,,Fixation
1669787070.457018,,Eye Tracker,94.0,643.0,Valid,Valid,Fixation
1669787070.4577138,,Mouse,93.0,643.0,,,Fixation
1669787070.473533,,Eye Tracker,92.0,643.0,Valid,Valid,Fixation
1669787070.4736729,,Eye Tracker,89.0,644.0,Valid,Valid,Fixation
1669787070.489548,,Mouse,90.0,647.0,,,Fixation
1669787070.4903278,,Eye Tracker,91.0,650.0,Valid,Valid,Fixation
1669787070.505758,,Eye Tracker,94.0,651.0,Valid,Valid,Fixation
1669787070.5069818,,Mouse,94.0,652.3333333333334,,,Fixation
1669787070.521591,,Mouse,94.0,653.6666666666666,,,Fixation
1669787070.523637,,Eye Tracker,94.0,655.0,Valid,Valid,Fixation
1669787070.537561,,Eye Tracker,82.0,655.0,Valid,Valid,Fixation
1669787070.540292,,Mouse,84.0,655.3333333333334,,,Fixation
1669787070.553549,,Mouse,86.0,655.6666666666666,,,Fixation
1669787070.556946,,Eye Tracker,88.0,656.0,Valid,Valid,Fixation
1669787070.569566,,Mouse,89.5,656.5,,,Fixation
1669787070.573601,,Eye Tracker,91.0,657.0,Valid,Valid,Fixation
1669787070.5855289,,Eye Tracker,88.0,658.0,Valid,Valid,Fixation
1669787070.590256,,Mouse,88.33333333333333,659.6666666666666,,,Fixation
1669787070.6015759,,Mouse,88.66666666666667,661.3333333333334,,,Fixation
1669787070.60691,,Eye Tracker,89.0,663.0,Valid,Valid,Fixation
1669787070.623565,,Mouse,86.0,665.0,,,Fixation
1669787070.625481,,Eye Tracker,83.0,667.0,Valid,Valid,Fixation
1669787070.64022,,Mouse,80.5,665.0,,,Fixation
1669787070.656874,,Eye Tracker,78.0,663.0,Valid,Valid,Fixation
1669787070.673529,,Mouse,80.0,663.0,,,Fixation
1669787070.6901839,,Eye Tracker,82.0,663.0,Valid,Valid,Fixation
1669787070.7068388,,Mouse,83.0,664.5,,,Fixation
1669787070.7234929,,Eye Tracker,84.0,666.0,Valid,Valid,Fixation
1669787070.7401478,,Mouse,85.5,664.5,,,Fixation
1669787070.7537088,,Eye Tracker,87.0,663.0,Valid,Valid,Fixation
1669787070.756803,,Eye Tracker,86.0,666.0,Valid,Valid,Fixation
1669787070.769685,,Mouse,84.5,666.0,,,Fixation
1669787070.773457,,Eye Tracker,83.0,666.0,Valid,Valid,Fixation
1669787070.78557,,Eye Tracker,79.0,663.0,Valid,Valid,Fixation
1669787070.790112,,Eye Tracker,72.0,664.0,Valid,Valid,Fixation
1669787070.801815,,Eye Tracker,74.0,665.0,Valid,Valid,Fixation
1669787070.806767,,Eye Tracker,75.0,665.0,Valid,Valid,Fixation
1669787070.8176858,,Eye Tracker,72.0,668.0,Valid,Valid,Fixation
1669787070.823421,,Mouse,73.0,669.5,,,Fixation
1669787070.833673,,Eye Tracker,74.0,671.0,Valid,Valid,Fixation
1669787070.840076,,Eye Tracker,75.0,670.0,Valid,Valid,Fixation
1669787070.849547,,Mouse,73.66666666666667,670.0,,,Fixation
1669787070.856731,,Mouse,72.33333333333333,670.0,,,Fixation
1669787070.8656669,,Eye Tracker,71.0,670.0,Valid,Valid,Fixation
1669787070.873385,,Mouse,72.5,671.0,,,Fixation
1669787070.881567,,Eye Tracker,74.0,672.0,Valid,Valid,Fixation
1669787070.89004,,Mouse,82.0,672.0,,,Fixation
1669787070.9066958,,Eye Tracker,90.0,672.0,Valid,Valid,Fixation
1669787070.923351,,Mouse,94.0,670.5,,,Fixation
1669787070.9400039,,Eye Tracker,98.0,669.0,Valid,Valid,Fixation
1669787070.9566588,,Mouse,97.5,668.0,,,Fixation
1669787070.973314,,Eye Tracker,97.0,667.0,Valid,Valid,Fixation
1669787070.98557,,Mouse,96.5,668.0,,,Fixation
1669787070.9899678,,Eye Tracker,96.0,669.0,Valid,Valid,Fixation
1669787071.001519,,Mouse,96.66666666666667,667.6666666666666,,,Fixation
1669787071.006623,,Mouse,97.33333333333333,666.3333333333334,,,Fixation
1669787071.017745,,Eye Tracker,98.0,665.0,Valid,Valid,Fixation
1669787071.023278,,Eye Tracker,95.0,663.0,Valid,Valid,Fixation
1669787071.0336459,,Eye Tracker,91.0,662.0,Valid,Valid,Fixation
1669787071.039932,,Mouse,90.0,662.0,,,Fixation
1669787071.0495179,,Eye Tracker,89.0,662.0,Valid,Valid,Fixation
1669787071.056587,,Eye Tracker,94.0,667.0,Valid,Valid,Fixation
1669787071.073242,,Eye Tracker,96.0,667.0,Valid,Valid,Fixation
1669787071.089866,,Mouse,94.0,667.0,,,Fixation
1669787071.089896,,Eye Tracker,92.0,667.0,Valid,Valid,Fixation
1669787071.106551,,Mouse,92.5,668.0,,,Fixation
1669787071.123206,,Eye Tracker,93.0,669.0,Valid,Valid,Fixation
1669787071.1398609,,Mouse,92.5,670.0,,,Fixation
1669787071.1565158,,Eye Tracker,92.0,671.0,Valid,Valid,Fixation
1669787071.173171,,Mouse,91.0,671.5,,,Fixation
1669787071.189826,,Eye Tracker,90.0,672.0,Valid,Valid,Fixation
1669787071.2064788,,Eye Tracker,94.0,669.0,Valid,Valid,Fixation
1669787071.217732,,Mouse,95.5,672.5,,,Fixation
1669787071.217732,,Eye Tracker,97.0,676.0,Valid,Valid,Fixation
1669787071.223134,,Mouse,95.5,675.5,,,Fixation
1669787071.239789,,Eye Tracker,94.0,675.0,Valid,Valid,Fixation
1669787071.256443,,Mouse,94.5,674.0,,,Fixation
1669787071.273098,,Eye Tracker,95.0,673.0,Valid,Valid,Fixation
1669787071.273645,,Mouse,96.0,674.0,,,Fixation
1669787071.273645,,Eye Tracker,97.0,675.0,Valid,Valid,Fixation
1669787071.289753,,Mouse,97.0,678.0,,,Fixation
1669787071.306407,,Eye Tracker,97.0,681.0,Valid,Valid,Fixation
1669787071.323062,,Eye Tracker,99.0,684.0,Valid,Valid,Fixation
1669787071.339717,,Mouse,102.0,681.5,,,Fixation
1669787071.356371,,Eye Tracker,105.0,679.0,Valid,Valid,Fixation
1669787071.373026,,Mouse,105.0,680.3333333333334,,,Fixation
1669787071.389682,,Mouse,105.0,681.6666666666666,,,Fixation
1669787071.3934948,,Eye Tracker,105.0,683.0,Valid,Valid,Fixation
1669787071.4063358,,Eye Tracker,98.0,683.0,Valid,Valid,Fixation
1669787071.409558,,Mouse,99.5,682.5,,,Fixation
1669787071.422991,,Eye Tracker,101.0,682.0,Valid,Valid,Fixation
1669787071.4255168,,Mouse,103.5,682.0,,,Fixation
1669787071.439646,,Eye Tracker,106.0,682.0,Valid,Valid,Fixation
1669787071.441527,,Eye Tracker,106.0,684.0,Valid,Valid,Fixation
1669787071.456301,,Mouse,107.0,686.5,,,Fixation
1669787071.4575639,,Eye Tracker,108.0,689.0,Valid,Valid,Fixation
1669787071.472955,,Mouse,108.33333333333333,688.6666666666666,,,Fixation
1669787071.473544,,Mouse,108.66666666666667,688.3333333333334,,,Fixation
1669787071.489609,,Eye Tracker,109.0,688.0,Valid,Valid,Fixation
1669787071.489615,,Eye Tracker,108.0,687.0,Valid,Valid,Fixation
1669787071.505547,,Mouse,109.5,686.0,,,Fixation
1669787071.506265,,Eye Tracker,111.0,685.0,Valid,Valid,Fixation
1669787071.52155,,Mouse,111.33333333333333,684.3333333333334,,,Fixation
1669787071.522919,,Mouse,111.66666666666667,683.6666666666666,,,Fixation
1669787071.537484,,Eye Tracker,112.0,683.0,Valid,Valid,Fixation
1669787071.539573,,Eye Tracker,106.0,683.0,Valid,Valid,Fixation
1669787071.553699,,Mouse,107.5,684.0,,,Fixation
1669787071.556228,,Eye Tracker,109.0,685.0,Valid,Valid,Fixation
1669787071.569552,,Mouse,108.0,685.0,,,Fixation
1669787071.572882,,Eye Tracker,107.0,685.0,Valid,Valid,Fixation
1669787071.585562,,Eye Tracker,101.0,687.0,Valid,Valid,Fixation
1669787071.589537,,Mouse,102.33333333333333,687.0,,,Fixation
1669787071.6015198,,Mouse,103.66666666666667,687.0,,,Fixation
1669787071.6061919,,Eye Tracker,105.0,687.0,Valid,Valid,Fixation
1669787071.617445,,Mouse,106.0,687.3333333333334,,,Fixation
1669787071.6228468,,Mouse,107.0,687.6666666666666,,,Fixation
1669787071.639502,,Eye Tracker,108.0,688.0,Valid,Valid,Fixation
1669787071.649533,,Eye Tracker,109.0,692.0,Valid,Valid,Fixation
1669787071.656157,,Mouse,108.0,691.0,,,Fixation
1669787071.665556,,Mouse,107.0,690.0,,,Fixation
1669787071.672811,,Eye Tracker,106.0,689.0,Valid,Valid,Fixation
1669787071.681459,,Mouse,107.0,691.0,,,Fixation
1669787071.689466,,Eye Tracker,108.0,693.0,Valid,Valid,Fixation
1669787071.697485,,Mouse,111.5,692.5,,,Fixation
1669787071.706121,,Eye Tracker,115.0,692.0,Valid,Valid,Fixation
1669787071.722776,,Mouse,113.33333333333333,691.3333333333334,,,Fixation
1669787071.73943,,Mouse,111.66666666666667,690.6666666666666,,,Fixation
1669787071.745514,,Eye Tracker,110.0,690.0,Valid,Valid,Fixation
1669787071.756085,,Mouse,109.5,692.0,,,Fixation
1669787071.761546,,Eye Tracker,109.0,694.0,Valid,Valid,Fixation
1669787071.77274,,Mouse,109.0,694.5,,,Fixation
1669787071.7775,,Eye Tracker,109.0,695.0,Valid,Valid,Fixation
1669787071.789394,,Mouse,102.0,698.0,,,Fixation
1669787071.79351,,Eye Tracker,95.0,701.0,Valid,Valid,Fixation
1669787071.8060489,,Mouse,91.66666666666667,706.0,,,Fixation
1669787071.8095589,,Mouse,88.33333333333333,711.0,,,Fixation
1669787071.8227038,,Eye Tracker,85.0,716.0,Valid,Valid,Fixation
1669787071.825506,,Mouse,85.5,721.5,,,Fixation
1669787071.839357,,Eye Tracker,86.0,727.0,Valid,Valid,Fixation
1669787071.84148,,Mouse,88.5,724.5,,,Fixation
1669787071.8560128,,Eye Tracker,91.0,722.0,Valid,Valid,Fixation
1669787071.872668,,Mouse,89.33333333333333,721.6666666666666,,,Fixation
1669787071.889322,,Mouse,87.66666666666667,721.3333333333334,,,Fixation
1669787071.905977,,Eye Tracker,86.0,721.0,Valid,Valid,Fixation
1669787071.922632,,Eye Tracker,87.0,726.0,Valid,Valid,Fixation
1669787071.939286,,Mouse,91.5,722.5,,,Fixation
1669787071.953821,,Eye Tracker,96.0,719.0,Valid,Valid,Fixation
1669787071.955941,,Mouse,93.66666666666667,718.0,,,Fixation
1669787071.972596,,Mouse,91.33333333333333,717.0,,,Fixation
1669787071.989251,,Eye Tracker,89.0,716.0,Valid,Valid,Fixation
1669787071.9935648,,Eye Tracker,93.0,724.0,Valid,Valid,Fixation
1669787072.005905,,Mouse,94.33333333333333,724.3333333333334,,,Fixation
1669787072.0095758,,Mouse,95.66666666666667,724.6666666666666,,,Fixation
1669787072.02256,,Eye Tracker,97.0,725.0,Valid,Valid,Fixation
1669787072.0280728,,Mouse,99.5,727.5,,,Fixation
1669787072.0392148,,Eye Tracker,102.0,730.0,Valid,Valid,Fixation
1669787072.0415828,,Eye Tracker,106.0,737.0,Valid,Valid,Fixation
1669787072.0558689,,Mouse,101.5,733.0,,,Fixation
1669787072.0575159,,Eye Tracker,97.0,729.0,Valid,Valid,Fixation
1669787072.0725238,,Mouse,97.0,729.5,,,Fixation
1669787072.073624,,Eye Tracker,97.0,730.0,Valid,Valid,Fixation
1669787072.089179,,Eye Tracker,103.0,730.0,Valid,Valid,Fixation
1669787072.089468,,Eye Tracker,99.0,729.0,Valid,Valid,Fixation
1669787072.1055229,,Eye Tracker,103.0,728.0,Valid,Valid,Fixation
1669787072.105833,,Eye Tracker,105.0,730.0,Valid,Valid,Fixation
1669787072.121671,,Eye Tracker,107.0,730.0,Valid,Valid,Fixation
1669787072.122488,,Eye Tracker,108.0,727.0,Valid,Valid,Fixation
1669787072.137559,,Mouse,106.0,729.5,,,Fixation
1669787072.139143,,Eye Tracker,104.0,732.0,Valid,Valid,Fixation
1669787072.153677,,Mouse,101.0,735.5,,,Fixation
1669787072.155797,,Eye Tracker,98.0,739.0,Valid,Valid,Fixation
1669787072.172452,,Eye Tracker,103.0,735.0,Valid,Valid,Fixation
1669787072.189107,,Mouse,104.5,733.5,,,Fixation
1669787072.193459,,Eye Tracker,106.0,732.0,Valid,Valid,Fixation
1669787072.205761,,Mouse,104.0,730.5,,,Fixation
1669787072.222416,,Eye Tracker,102.0,729.0,Valid,Valid,Fixation
1669787072.239071,,Eye Tracker,102.0,727.0,Valid,Valid,Fixation
1669787072.2557259,,Eye Tracker,104.0,738.0,Valid,Valid,Fixation
1669787072.2723799,,Eye Tracker,103.0,738.0,Valid,Valid,Fixation
1669787072.2890348,,Mouse,103.5,736.5,,,Fixation
1669787072.30569,,Eye Tracker,104.0,735.0,Valid,Valid,Fixation
1669787072.3223438,,Mouse,103.5,734.0,,,Fixation
1669787072.338999,,Eye Tracker,103.0,733.0,Valid,Valid,Fixation
1669787072.355654,,Mouse,103.0,733.0,,,Fixation
1669787072.372308,,Mouse,103.0,733.0,,,Fixation
1669787072.388963,,Eye Tracker,103.0,733.0,Valid,Valid,Fixation
1669787072.3935878,,Eye Tracker,106.0,732.0,Valid,Valid,Fixation
1669787072.3935878,,Mouse,107.0,730.3333333333334,,,Fixation
1669787072.405618,,Mouse,108.0,728.6666666666666,,,Fixation
1669787072.422272,,Eye Tracker,109.0,727.0,Valid,Valid,Fixation
1669787072.438927,,Mouse,109.0,728.5,,,Fixation
1669787072.455582,,Eye Tracker,109.0,730.0,Valid,Valid,Fixation
1669787072.4577498,,Eye Tracker,108.0,730.0,Valid,Valid,Fixation
1669787072.4577498,,Mouse,106.0,730.0,,,Fixation
1669787072.472236,,Eye Tracker,104.0,730.0,Valid,Valid,Fixation
1669787072.488891,,Mouse,103.0,730.5,,,Fixation
1669787072.5055459,,Eye Tracker,102.0,731.0,Valid,Valid,Fixation
1669787072.5222008,,Mouse,103.0,731.0,,,Fixation
1669787072.5388548,,Eye Tracker,104.0,731.0,Valid,Valid,Fixation
1669787072.555511,,Mouse,100.66666666666667,732.0,,,Fixation
1669787072.572166,,Mouse,97.33333333333333,733.0,,,Fixation
1669787072.585495,,Eye Tracker,94.0,734.0,Valid,Valid,Fixation
1669787072.58882,,Mouse,92.5,734.5,,,Fixation
1669787072.601485,,Eye Tracker,91.0,735.0,Valid,Valid,Fixation
1669787072.605474,,Eye Tracker,94.0,732.0,Valid,Valid,Fixation
1669787072.617483,,Mouse,95.5,733.5,,,Fixation
1669787072.622129,,Eye Tracker,97.0,735.0,Valid,Valid,Fixation
1669787072.633465,,Eye Tracker,104.0,728.0,Valid,Valid,Fixation
1669787072.638783,,Eye Tracker,100.0,725.0,Valid,Valid,Fixation
1669787072.6494648,,Eye Tracker,101.0,728.0,Valid,Valid,Fixation
1669787072.655438,,Eye Tracker,99.0,728.0,Valid,Valid,Fixation
1669787072.665478,,Eye Tracker,105.0,729.0,Valid,Valid,Fixation
1669787072.672093,,Mouse,106.0,728.5,,,Fixation
1669787072.681623,,Eye Tracker,107.0,728.0,Valid,Valid,Fixation
1669787072.688747,,Mouse,107.5,728.5,,,Fixation
1669787072.697509,,Eye Tracker,108.0,729.0,Valid,Valid,Fixation
1669787072.705402,,Eye Tracker,111.0,732.0,Valid,Valid,Fixation
1669787072.713553,,Mouse,111.5,732.0,,,Fixation
1669787072.7220569,,Eye Tracker,112.0,732.0,Valid,Valid,Fixation
1669787072.7294989,,Mouse,111.0,730.5,,,Fixation
1669787072.7387109,,Eye Tracker,110.0,729.0,Valid,Valid,Fixation
1669787072.745451,,Eye Tracker,104.0,731.0,Valid,Valid,Fixation
1669787072.7553658,,Mouse,104.0,731.5,,,Fixation
1669787072.761561,,Eye Tracker,104.0,732.0,Valid,Valid,Fixation
1669787072.772021,,Mouse,103.5,732.0,,,Fixation
1669787072.7776709,,Eye Tracker,103.0,732.0,Valid,Valid,Fixation
1669787072.788677,,Eye Tracker,101.0,732.0,Valid,Valid,Fixation
1669787072.793478,,Mouse,101.33333333333333,731.6666666666666,,,Fixation
1669787072.805331,,Mouse,101.66666666666667,731.3333333333334,,,Fixation
1669787072.80967,,Eye Tracker,102.0,731.0,Valid,Valid,Fixation
1669787072.821986,,Mouse,102.5,732.5,,,Fixation
1669787072.8255138,,Eye Tracker,103.0,734.0,Valid,Valid,Fixation
1669787072.838641,,Mouse,102.5,733.0,,,Fixation
1669787072.8415148,,Eye Tracker,102.0,732.0,Valid,Valid,Fixation
1669787072.855295,,Mouse,103.5,730.0,,,Fixation
1669787072.857547,,Eye Tracker,105.0,728.0,Valid,Valid,Fixation
1669787072.871949,,Eye Tracker,108.0,734.0,Valid,Valid,Fixation
1669787072.873685,,Mouse,109.0,734.0,,,Fixation
1669787072.888604,,Eye Tracker,110.0,734.0,Valid,Valid,Fixation
1669787072.88954,,Mouse,109.0,733.5,,,Fixation
1669787072.905258,,Eye Tracker,108.0,733.0,Valid,Valid,Fixation
1669787072.9056668,,Mouse,105.5,734.5,,,Fixation
1669787072.921542,,Eye Tracker,103.0,736.0,Valid,Valid,Fixation
1669787072.921913,,Mouse,102.0,739.0,,,Fixation
1669787072.937711,,Eye Tracker,101.0,742.0,Valid,Valid,Fixation
1669787072.9385679,,Mouse,100.5,742.0,,,Fixation
1669787072.953507,,Eye Tracker,100.0,742.0,Valid,Valid,Fixation
1669787072.955222,,Mouse,101.5,744.5,,,Fixation
1669787072.969641,,Eye Tracker,103.0,747.0,Valid,Valid,Fixation
1669787072.9718769,,Mouse,105.0,749.0,,,Fixation
1669787072.985522,,Eye Tracker,107.0,751.0,Valid,Valid,Fixation
1669787072.9885318,,Mouse,105.33333333333333,751.6666666666666,,,Fixation
1669787073.00168,,Mouse,103.66666666666667,752.3333333333334,,,Fixation
1669787073.0051858,,Eye Tracker,102.0,753.0,Valid,Valid,Fixation
1669787073.017477,,Eye Tracker,111.0,763.0,Valid,Valid,Fixation
1669787073.021841,,Mouse,112.5,779.0,,,Fixation
1669787073.033475,,Eye Tracker,114.0,795.0,Valid,Valid,Saccade
1669787073.038497,,Mouse,113.5,803.0,,,Saccade
1669787073.049736,,Eye Tracker,113.0,811.0,Valid,Valid,Fixation
1669787073.055152,,Eye Tracker,112.0,805.0,Valid,Valid,Fixation
1669787073.071806,,Mouse,113.5,805.0,,,Fixation
1669787073.088461,,Eye Tracker,115.0,805.0,Valid,Valid,Fixation
1669787073.0974998,,Eye Tracker,120.0,807.0,Valid,Valid,Fixation
1669787073.105116,,Eye Tracker,116.0,808.0,Valid,Valid,Fixation
1669787073.12177,,Eye Tracker,118.0,814.0,Valid,Valid,Fixation
1669787073.1384249,,Eye Tracker,117.0,815.0,Valid,Valid,Fixation
1669787073.145689,,Eye Tracker,114.0,815.0,Valid,Valid,Fixation
1669787073.145689,,Eye Tracker,113.0,817.0,Valid,Valid,Fixation
1669787073.155079,,Eye Tracker,118.0,814.0,Valid,Valid,Fixation
1669787073.171733,,Eye Tracker,124.0,817.0,Valid,Valid,Fixation
1669787073.1883879,,Eye Tracker,137.0,820.0,Valid,Valid,Fixation
1669787073.2050428,,Eye Tracker,151.0,829.0,Valid,Valid,Fixation
1669787073.209712,,Eye Tracker,147.0,831.0,Valid,Valid,Fixation
1669787073.209712,,Eye Tracker,134.0,897.0,Valid,Valid,Saccade
1669787073.2216969,,Eye Tracker,134.0,921.0,Valid,Invalid,Unclassified
1669787073.2383518,,Eye Tracker,125.0,1121.0,Valid,Invalid,Saccade
1669787073.255008,,Eye Tracker,125.0,1121.0,Valid,Invalid,Unclassified
1669787073.271662,,Eye Tracker,127.0,920.0,Valid,Valid,Saccade
1669787073.282223,,Eye Tracker,129.0,901.0,Valid,Valid,Saccade
1669787073.288317,,Eye Tracker,127.0,834.0,Valid,Valid,Saccade
1669787073.297518,,Eye Tracker,135.0,807.0,Valid,Valid,Saccade
1669787073.304972,,Eye Tracker,140.0,797.0,Valid,Valid,Fixation
1669787073.313487,,Eye Tracker,138.0,814.0,Valid,Valid,Fixation
1669787073.321627,,Eye Tracker,132.0,823.0,Valid,Valid,Fixation
1669787073.3296049,,Eye Tracker,129.0,831.0,Valid,Valid,Fixation
1669787073.338281,,Eye Tracker,133.0,825.0,Valid,Valid,Fixation
1669787073.345476,,Eye Tracker,134.0,832.0,Valid,Valid,Fixation
1669787073.354936,,Eye Tracker,133.0,826.0,Valid,Valid,Fixation
1669787073.3715909,,Eye Tracker,140.0,818.0,Valid,Valid,Fixation
1669787073.3882449,,Eye Tracker,145.0,812.0,Valid,Valid,Fixation
1669787073.4048998,,Eye Tracker,144.0,812.0,Valid,Valid,Fixation
1669787073.421555,,Eye Tracker,146.0,816.0,Valid,Valid,Fixation
1669787073.4382079,,Eye Tracker,156.0,815.0,Valid,Valid,Fixation
1669787073.4548628,,Eye Tracker,159.0,814.0,Valid,Valid,Fixation
1669787073.457659,,Eye Tracker,162.0,816.0,Valid,Valid,Fixation
1669787073.471518,,Eye Tracker,162.0,817.0,Valid,Valid,Fixation
1669787073.488173,,Eye Tracker,161.0,818.0,Valid,Valid,Fixation
1669787073.504828,,Eye Tracker,149.0,820.0,Valid,Valid,Fixation
1669787073.521483,,Eye Tracker,118.0,827.0,Valid,Valid,Saccade
1669787073.538137,,Eye Tracker,118.0,827.0,Valid,Valid,Fixation
1669787073.554792,,Eye Tracker,134.0,821.0,Valid,Valid,Fixation
1669787073.571447,,Eye Tracker,131.0,823.0,Valid,Valid,Fixation
1669787073.5881019,,Eye Tracker,127.0,825.0,Valid,Valid,Fixation
1669787073.6047559,,Eye Tracker,126.0,825.0,Valid,Valid,Fixation
1669787073.6214108,,Eye Tracker,121.0,818.0,Valid,Valid,Fixation
1669787073.638066,,Eye Tracker,122.0,817.0,Valid,Valid,Fixation
1669787073.6547198,,Eye Tracker,119.0,824.0,Valid,Valid,Fixation
1669787073.671375,,Eye Tracker,119.0,825.0,Valid,Valid,Fixation
1669787073.68803,,Eye Tracker,130.0,826.0,Valid,Valid,Fixation
1669787073.7046828,,Eye Tracker,138.0,819.0,Valid,Valid,Fixation
1669787073.721338,,Eye Tracker,140.0,813.0,Valid,Valid,Fixation
1669787073.737994,,Eye Tracker,143.0,811.0,Valid,Valid,Fixation
1669787073.754648,,Eye Tracker,148.0,807.0,Valid,Valid,Fixation
1669787073.771303,,Eye Tracker,155.0,808.0,Valid,Valid,Fixation
1669787073.787958,,Mouse,158.0,809.0,,,Fixation
1669787073.804612,,Eye Tracker,161.0,810.0,Valid,Valid,Fixation
1669787073.821267,,Eye Tracker,159.0,806.0,Valid,Valid,Fixation
1669787073.8379219,,Eye Tracker,156.0,812.0,Valid,Valid,Fixation
1669787073.841575,,Eye Tracker,155.0,812.0,Valid,Valid,Fixation
1669787073.8545768,,Eye Tracker,152.0,809.0,Valid,Valid,Fixation
1669787073.8712308,,Eye Tracker,155.0,813.0,Valid,Valid,Fixation
1669787073.887886,,Eye Tracker,164.0,813.0,Valid,Valid,Fixation
1669787073.904541,,Eye Tracker,165.0,809.0,Valid,Valid,Fixation
1669787073.921195,,Eye Tracker,161.0,802.0,Valid,Valid,Fixation
1669787073.93785,,Eye Tracker,161.0,806.0,Valid,Valid,Fixation
1669787073.954505,,Eye Tracker,154.0,809.0,Valid,Valid,Fixation
1669787073.971159,,Eye Tracker,150.0,805.0,Valid,Valid,Fixation
1669787073.987814,,Eye Tracker,153.0,809.0,Valid,Valid,Fixation
1669787074.004469,,Eye Tracker,158.0,812.0,Valid,Valid,Fixation
1669787074.021123,,Eye Tracker,165.0,812.0,Valid,Valid,Fixation
1669787074.037778,,Eye Tracker,168.0,814.0,Valid,Valid,Fixation
1669787074.0544329,,Eye Tracker,172.0,806.0,Valid,Valid,Fixation
1669787074.071087,,Eye Tracker,171.0,802.0,Valid,Valid,Fixation
1669787074.0877419,,Eye Tracker,176.0,802.0,Valid,Valid,Fixation
1669787074.1043968,,Eye Tracker,176.0,803.0,Valid,Valid,Fixation
1669787074.121052,,Eye Tracker,176.0,801.0,Valid,Valid,Fixation
1669787074.137706,,Eye Tracker,172.0,799.0,Valid,Valid,Fixation
1669787074.154361,,Eye Tracker,166.0,804.0,Valid,Valid,Fixation
1669787074.161646,,Eye Tracker,166.0,803.0,Valid,Valid,Fixation
1669787074.171016,,Eye Tracker,165.0,805.0,Valid,Valid,Fixation
1669787074.18767,,Eye Tracker,153.0,810.0,Valid,Valid,Fixation
1669787074.204325,,Eye Tracker,135.0,816.0,Valid,Valid,Fixation
1669787074.22098,,Eye Tracker,133.0,819.0,Valid,Valid,Fixation
1669787074.237634,,Eye Tracker,131.0,812.0,Valid,Valid,Fixation
1669787074.254289,,Eye Tracker,129.0,807.0,Valid,Valid,Fixation
1669787074.2709439,,Eye Tracker,125.0,812.0,Valid,Valid,Fixation
1669787074.287598,,Eye Tracker,119.0,818.0,Valid,Valid,Fixation
1669787074.3042529,,Eye Tracker,112.0,821.0,Valid,Valid,Fixation
1669787074.3209078,,Eye Tracker,114.0,821.0,Valid,Valid,Fixation
1669787074.3375618,,Eye Tracker,120.0,822.0,Valid,Valid,Fixation
1669787074.354217,,Eye Tracker,119.0,821.0,Valid,Valid,Fixation
1669787074.370872,,Eye Tracker,119.0,822.0,Valid,Valid,Fixation
1669787074.387527,,Eye Tracker,129.0,822.0,Valid,Valid,Fixation
1669787074.404181,,Eye Tracker,134.0,810.0,Valid,Valid,Fixation
1669787074.420836,,Eye Tracker,130.0,809.0,Valid,Valid,Fixation
1669787074.437491,,Eye Tracker,128.0,817.0,Valid,Valid,Fixation
1669787074.454145,,Eye Tracker,127.0,817.0,Valid,Valid,Fixation
1669787074.4708,,Eye Tracker,122.0,820.0,Valid,Valid,Fixation
1669787074.487455,,Eye Tracker,124.0,822.0,Valid,Valid,Fixation
1669787074.504109,,Eye Tracker,128.0,821.0,Valid,Valid,Fixation
1669787074.5207639,,Eye Tracker,126.0,816.0,Valid,Valid,Fixation
1669787074.5374188,,Eye Tracker,128.0,814.0,Valid,Valid,Fixation
1669787074.5540729,,Eye Tracker,127.0,814.0,Valid,Valid,Fixation
1669787074.5707278,,Eye Tracker,125.0,811.0,Valid,Valid,Fixation
1669787074.587383,,Eye Tracker,129.0,816.0,Valid,Valid,Fixation
1669787074.604037,,Eye Tracker,130.0,813.0,Valid,Valid,Fixation
1669787074.620692,,Eye Tracker,125.0,806.0,Valid,Valid,Fixation
1669787074.637347,,Eye Tracker,123.0,811.0,Valid,Valid,Fixation
1669787074.654002,,Eye Tracker,124.0,813.0,Valid,Valid,Fixation
1669787074.665555,,Eye Tracker,123.0,817.0,Valid,Valid,Fixation
1669787074.670656,,Eye Tracker,125.0,813.0,Valid,Valid,Fixation
1669787074.687311,,Eye Tracker,122.0,809.0,Valid,Valid,Fixation
1669787074.6974769,,Eye Tracker,120.0,810.0,Valid,Valid,Fixation
1669787074.703966,,Eye Tracker,117.0,815.0,Valid,Valid,Fixation
1669787074.713501,,Eye Tracker,117.0,811.0,Valid,Valid,Fixation
1669787074.72062,,Eye Tracker,114.0,807.0,Valid,Valid,Fixation
1669787074.729522,,Eye Tracker,106.0,808.0,Valid,Valid,Fixation
1669787074.737275,,Eye Tracker,108.0,812.0,Valid,Valid,Fixation
1669787074.745547,,Eye Tracker,104.0,810.0,Valid,Valid,Fixation
1669787074.7539299,,Eye Tracker,98.0,808.0,Valid,Valid,Fixation
1669787074.76162,,Eye Tracker,94.0,808.0,Valid,Valid,Fixation
1669787074.7705839,,Eye Tracker,96.0,807.0,Valid,Valid,Fixation
1669787074.7872388,,Eye Tracker,99.0,807.0,Valid,Valid,Fixation
1669787074.803895,,Eye Tracker,97.0,813.0,Valid,Valid,Fixation
1669787074.80951,,Eye Tracker,95.0,816.0,Valid,Valid,Fixation
1669787074.820548,,Eye Tracker,95.0,807.0,Valid,Valid,Fixation
1669787074.8255908,,Eye Tracker,93.0,807.0,Valid,Valid,Fixation
1669787074.837203,,Mouse,90.5,808.0,,,Fixation
1669787074.841521,,Eye Tracker,88.0,809.0,Valid,Valid,Fixation
1669787074.853858,,Mouse,88.0,807.5,,,Fixation
1669787074.857861,,Eye Tracker,88.0,806.0,Valid,Valid,Fixation
1669787074.870512,,Mouse,85.66666666666667,804.6666666666666,,,Fixation
1669787074.873515,,Mouse,83.33333333333333,803.3333333333334,,,Fixation
1669787074.887167,,Eye Tracker,81.0,802.0,Valid,Valid,Fixation
1669787074.889493,,Eye Tracker,83.0,799.0,Valid,Valid,Fixation
1669787074.903822,,Mouse,83.33333333333333,800.6666666666666,,,Fixation
1669787074.9056609,,Mouse,83.66666666666667,802.3333333333334,,,Fixation
1669787074.920477,,Eye Tracker,84.0,804.0,Valid,Valid,Fixation
1669787074.921587,,Mouse,84.0,805.5,,,Fixation
1669787074.937131,,Eye Tracker,84.0,807.0,Valid,Valid,Fixation
1669787074.937471,,Mouse,84.0,807.0,,,Fixation
1669787074.9535248,,Eye Tracker,84.0,807.0,Valid,Valid,Fixation
1669787074.953786,,Mouse,83.5,805.5,,,Fixation
1669787074.969714,,Eye Tracker,83.0,804.0,Valid,Valid,Fixation
1669787074.9704409,,Mouse,83.5,805.0,,,Fixation
1669787074.9857059,,Eye Tracker,84.0,806.0,Valid,Valid,Fixation
1669787074.9870949,,Mouse,83.0,807.0,,,Fixation
1669787075.001534,,Eye Tracker,82.0,808.0,Valid,Valid,Fixation
1669787075.0037498,,Eye Tracker,76.0,806.0,Valid,Valid,Fixation
1669787075.017662,,Eye Tracker,75.0,811.0,Valid,Valid,Fixation
1669787075.020405,,Eye Tracker,79.0,808.0,Valid,Valid,Fixation
1669787075.033503,,Eye Tracker,78.0,805.0,Valid,Valid,Fixation
1669787075.0370588,,Eye Tracker,83.0,831.0,Valid,Valid,Fixation
1669787075.049535,,Eye Tracker,94.0,848.0,Valid,Valid,Fixation
1669787075.053714,,Mouse,94.5,848.0,,,Fixation
1669787075.065513,,Eye Tracker,95.0,848.0,Valid,Valid,Fixation
1669787075.07037,,Mouse,96.5,852.0,,,Fixation
1669787075.081542,,Eye Tracker,98.0,856.0,Valid,Valid,Fixation
1669787075.087024,,Mouse,102.0,854.5,,,Fixation
1669787075.097524,,Eye Tracker,106.0,853.0,Valid,Valid,Fixation
1669787075.103678,,Mouse,103.5,852.0,,,Fixation
1669787075.1135519,,Eye Tracker,101.0,851.0,Valid,Valid,Fixation
1669787075.120333,,Mouse,97.5,849.5,,,Fixation
1669787075.129577,,Eye Tracker,94.0,848.0,Valid,Valid,Fixation
1669787075.136987,,Mouse,94.0,847.5,,,Fixation
1669787075.145747,,Eye Tracker,94.0,847.0,Valid,Valid,Fixation
1669787075.153642,,Mouse,91.0,849.3333333333334,,,Fixation
1669787075.161496,,Mouse,88.0,851.6666666666666,,,Fixation
1669787075.170297,,Eye Tracker,85.0,854.0,Valid,Valid,Fixation
1669787075.177525,,Mouse,84.5,854.0,,,Fixation
1669787075.1869519,,Eye Tracker,84.0,854.0,Valid,Valid,Fixation
1669787075.193452,,Mouse,86.0,853.5,,,Fixation
1669787075.203606,,Eye Tracker,88.0,853.0,Valid,Valid,Fixation
1669787075.2094588,,Mouse,88.5,851.0,,,Fixation
1669787075.2202609,,Eye Tracker,89.0,849.0,Valid,Valid,Fixation
1669787075.2255569,,Mouse,90.0,849.5,,,Fixation
1669787075.2369158,,Eye Tracker,91.0,850.0,Valid,Valid,Fixation
1669787075.241533,,Eye Tracker,94.0,853.0,Valid,Valid,Fixation
1669787075.2535698,,Mouse,89.5,852.0,,,Fixation
1669787075.25757,,Eye Tracker,85.0,851.0,Valid,Valid,Fixation
1669787075.270225,,Eye Tracker,82.0,855.0,Valid,Valid,Fixation
1669787075.273524,,Eye Tracker,94.0,858.0,Valid,Valid,Fixation
1669787075.28688,,Eye Tracker,92.0,860.0,Valid,Valid,Fixation
1669787075.289739,,Eye Tracker,83.0,856.0,Valid,Valid,Fixation
1669787075.303534,,Mouse,84.5,859.0,,,Fixation
1669787075.305526,,Eye Tracker,86.0,862.0,Valid,Valid,Fixation
1669787075.32019,,Eye Tracker,81.0,869.0,Valid,Valid,Fixation
1669787075.321651,,Eye Tracker,84.0,869.0,Valid,Valid,Fixation
1669787075.336845,,Eye Tracker,109.0,898.0,Valid,Valid,Saccade
1669787075.353499,,Eye Tracker,119.0,923.0,Valid,Valid,Fixation
1669787075.370154,,Eye Tracker,111.0,919.0,Valid,Valid,Fixation
1669787075.386808,,Mouse,112.0,922.0,,,Fixation
1669787075.403462,,Eye Tracker,113.0,925.0,Valid,Valid,Fixation
1669787075.420117,,Mouse,117.5,926.5,,,Fixation
1669787075.4367719,,Eye Tracker,122.0,928.0,Valid,Valid,Fixation
1669787075.4534268,,Eye Tracker,120.0,924.0,Valid,Valid,Fixation
1669787075.4700809,,Mouse,118.0,923.3333333333334,,,Fixation
1669787075.4867358,,Mouse,116.0,922.6666666666666,,,Fixation
1669787075.503391,,Eye Tracker,114.0,922.0,Valid,Valid,Fixation
1669787075.520045,,Mouse,113.0,922.0,,,Fixation
1669787075.5367,,Eye Tracker,112.0,922.0,Valid,Valid,Fixation
1669787075.553355,,Eye Tracker,107.0,919.0,Valid,Valid,Fixation
1669787075.57001,,Mouse,106.0,921.0,,,Fixation
1669787075.586665,,Eye Tracker,105.0,923.0,Valid,Valid,Fixation
1669787075.60332,,Mouse,106.5,927.5,,,Fixation
1669787075.619974,,Eye Tracker,108.0,932.0,Valid,Valid,Fixation
1669787075.6366289,,Mouse,109.5,929.5,,,Fixation
1669787075.6532838,,Eye Tracker,111.0,927.0,Valid,Valid,Fixation
1669787075.6699378,,Mouse,112.0,925.0,,,Fixation
1669787075.681589,,Mouse,113.0,923.0,,,Fixation
1669787075.681589,,Eye Tracker,114.0,921.0,Valid,Valid,Fixation
1669787075.686593,,Mouse,114.0,923.0,,,Fixation
1669787075.703248,,Eye Tracker,114.0,925.0,Valid,Valid,Fixation
1669787075.719903,,Mouse,112.0,923.5,,,Fixation
1669787075.736557,,Eye Tracker,110.0,922.0,Valid,Valid,Fixation
1669787075.745663,,Mouse,110.5,922.0,,,Fixation
1669787075.745663,,Eye Tracker,111.0,922.0,Valid,Valid,Fixation
1669787075.753212,,Eye Tracker,110.0,932.0,Valid,Valid,Fixation
1669787075.769867,,Eye Tracker,106.0,931.0,Valid,Valid,Fixation
1669787075.786521,,Eye Tracker,108.0,931.0,Valid,Valid,Fixation
1669787075.803176,,Eye Tracker,109.0,936.0,Valid,Valid,Fixation
1669787075.8198318,,Eye Tracker,110.0,931.0,Valid,Valid,Fixation
1669787075.8364859,,Eye Tracker,111.0,928.0,Valid,Valid,Fixation
1669787075.8531408,,Eye Tracker,116.0,932.0,Valid,Valid,Fixation
1669787075.857512,,Eye Tracker,121.0,938.0,Valid,Valid,Fixation
1669787075.869796,,Eye Tracker,128.0,956.0,Valid,Valid,Fixation
1669787075.873492,,Eye Tracker,143.0,995.0,Valid,Valid,Saccade
1669787075.88645,,Eye Tracker,146.0,1007.0,Valid,Valid,Fixation
1669787075.889477,,Eye Tracker,149.0,1006.0,Valid,Valid,Fixation
1669787075.903105,,Mouse,149.0,1006.5,,,Fixation
1669787075.9054499,,Eye Tracker,149.0,1007.0,Valid,Valid,Fixation
1669787075.91976,,Eye Tracker,149.0,1009.0,Valid,Valid,Fixation
1669787075.9214609,,Mouse,151.0,1009.0,,,Fixation
1669787075.936414,,Eye Tracker,153.0,1009.0,Valid,Valid,Fixation
1669787075.937459,,Mouse,153.33333333333334,1009.3333333333334,,,Fixation
1669787075.953069,,Mouse,153.66666666666666,1009.6666666666666,,,Fixation
1669787075.9534829,,Eye Tracker,154.0,1010.0,Valid,Valid,Fixation
1669787075.969526,,Eye Tracker,157.0,1010.0,Valid,Valid,Fixation
1669787075.969724,,Mouse,157.5,1010.5,,,Fixation
1669787075.985481,,Eye Tracker,158.0,1011.0,Valid,Valid,Fixation
1669787075.986379,,Mouse,157.0,1013.5,,,Fixation
1669787076.001472,,Eye Tracker,156.0,1016.0,Valid,Valid,Fixation
1669787076.003033,,Mouse,158.0,1015.0,,,Fixation
1669787076.0174809,,Eye Tracker,160.0,1014.0,Valid,Valid,Fixation
1669787076.019688,,Mouse,161.0,1011.5,,,Fixation
1669787076.0334399,,Eye Tracker,162.0,1009.0,Valid,Valid,Fixation
1669787076.0363429,,Eye Tracker,161.0,1011.0,Valid,Valid,Fixation
1669787076.049665,,Eye Tracker,157.0,1007.0,Valid,Valid,Fixation
1669787076.0529969,,Eye Tracker,146.0,1002.0,Valid,Valid,Fixation
1669787076.065518,,Mouse,148.0,1003.5,,,Fixation
1669787076.069653,,Eye Tracker,150.0,1005.0,Valid,Valid,Fixation
1669787076.086308,,Mouse,150.5,1004.0,,,Fixation
1669787076.0894818,,Eye Tracker,151.0,1003.0,Valid,Valid,Fixation
1669787076.102962,,Mouse,151.0,1002.0,,,Fixation
1669787076.119617,,Eye Tracker,151.0,1001.0,Valid,Valid,Fixation
1669787076.136272,,Mouse,151.0,1002.5,,,Fixation
1669787076.145515,,Eye Tracker,151.0,1004.0,Valid,Valid,Fixation
1669787076.152926,,Mouse,155.0,1004.5,,,Fixation
1669787076.1535618,,Eye Tracker,159.0,1005.0,Valid,Valid,Fixation
1669787076.1535618,,Mouse,159.5,1001.5,,,Fixation
1669787076.169581,,Eye Tracker,160.0,998.0,Valid,Valid,Fixation
1669787076.186236,,Eye Tracker,155.0,996.0,Valid,Valid,Fixation
1669787076.20289,,Mouse,158.0,995.5,,,Fixation
1669787076.209646,,Eye Tracker,161.0,995.0,Valid,Valid,Fixation
1669787076.209646,,Mouse,162.5,993.5,,,Fixation
1669787076.219545,,Eye Tracker,164.0,992.0,Valid,Valid,Fixation
1669787076.233459,,Mouse,161.5,992.0,,,Fixation
1669787076.2361999,,Eye Tracker,159.0,992.0,Valid,Valid,Fixation
1669787076.2494469,,Mouse,156.5,984.0,,,Fixation
1669787076.2528548,,Eye Tracker,154.0,976.0,Valid,Valid,Fixation
1669787076.2654948,,Mouse,150.5,970.0,,,Fixation
1669787076.2695088,,Eye Tracker,147.0,964.0,Valid,Valid,Fixation
1669787076.281483,,Mouse,145.5,964.5,,,Fixation
1669787076.286164,,Eye Tracker,144.0,965.0,Valid,Valid,Fixation
1669787076.297536,,Eye Tracker,146.0,963.0,Valid,Valid,Fixation
1669787076.302819,,Eye Tracker,152.0,962.0,Valid,Valid,Fixation
1669787076.313479,,Eye Tracker,155.0,962.0,Valid,Valid,Fixation
1669787076.319473,,Mouse,155.0,963.5,,,Fixation
1669787076.3295379,,Eye Tracker,155.0,965.0,Valid,Valid,Fixation
1669787076.336129,,Mouse,155.5,964.0,,,Fixation
1669787076.3456578,,Eye Tracker,156.0,963.0,Valid,Valid,Fixation
1669787076.352784,,Mouse,155.5,963.5,,,Fixation
1669787076.3614879,,Eye Tracker,155.0,964.0,Valid,Valid,Fixation
1669787076.369438,,Mouse,154.33333333333334,964.6666666666666,,,Fixation
1669787076.377588,,Mouse,153.66666666666666,965.3333333333334,,,Fixation
1669787076.386093,,Eye Tracker,153.0,966.0,Valid,Valid,Fixation
1669787076.393504,,Mouse,151.5,967.5,,,Fixation
1669787076.4027479,,Eye Tracker,150.0,969.0,Valid,Valid,Fixation
1669787076.4095469,,Mouse,150.5,967.5,,,Fixation
1669787076.419402,,Eye Tracker,151.0,966.0,Valid,Valid,Fixation
1669787076.425457,,Mouse,151.0,965.0,,,Fixation
1669787076.4360569,,Eye Tracker,151.0,964.0,Valid,Valid,Fixation
1669787076.4414968,,Mouse,151.0,965.0,,,Fixation
1669787076.4527118,,Eye Tracker,151.0,966.0,Valid,Valid,Fixation
1669787076.457576,,Eye Tracker,149.0,961.0,Valid,Valid,Fixation
1669787076.4693658,,Mouse,149.5,958.5,,,Fixation
1669787076.4734879,,Eye Tracker,150.0,956.0,Valid,Valid,Fixation
1669787076.486021,,Mouse,155.0,958.0,,,Fixation
1669787076.489497,,Eye Tracker,160.0,960.0,Valid,Valid,Fixation
1669787076.502676,,Mouse,162.0,961.5,,,Fixation
1669787076.5056078,,Eye Tracker,164.0,963.0,Valid,Valid,Fixation
1669787076.519331,,Mouse,160.5,961.0,,,Fixation
1669787076.521975,,Eye Tracker,157.0,959.0,Valid,Valid,Fixation
1669787076.535985,,Mouse,157.33333333333334,958.6666666666666,,,Fixation
1669787076.537771,,Mouse,157.66666666666666,958.3333333333334,,,Fixation
1669787076.55264,,Eye Tracker,158.0,958.0,Valid,Valid,Fixation
1669787076.553475,,Eye Tracker,162.0,963.0,Valid,Valid,Fixation
1669787076.569295,,Mouse,162.0,962.3333333333334,,,Fixation
1669787076.569512,,Mouse,162.0,961.6666666666666,,,Fixation
1669787076.5854669,,Eye Tracker,162.0,961.0,Valid,Valid,Fixation
1669787076.58595,,Mouse,163.5,959.0,,,Fixation
1669787076.601534,,Eye Tracker,165.0,957.0,Valid,Valid,Fixation
1669787076.6026049,,Eye Tracker,164.0,957.0,Valid,Valid,Fixation
1669787076.617497,,Mouse,163.5,955.5,,,Fixation
1669787076.6192598,,Eye Tracker,163.0,954.0,Valid,Valid,Fixation
1669787076.633451,,Mouse,165.0,953.6666666666666,,,Fixation
1669787076.6359138,,Mouse,167.0,953.3333333333334,,,Fixation
1669787076.649441,,Eye Tracker,169.0,953.0,Valid,Valid,Fixation
1669787076.652569,,Eye Tracker,171.0,958.0,Valid,Valid,Fixation
1669787076.6655579,,Mouse,172.5,960.0,,,Fixation
1669787076.669224,,Eye Tracker,174.0,962.0,Valid,Valid,Fixation
1669787076.68531,,Mouse,175.5,955.5,,,Fixation
1669787076.685878,,Eye Tracker,177.0,949.0,Valid,Valid,Fixation
1669787076.697506,,Mouse,181.5,940.0,,,Fixation
1669787076.702533,,Eye Tracker,186.0,931.0,Valid,Valid,Fixation
1669787076.713536,,Mouse,190.0,927.0,,,Fixation
1669787076.719188,,Eye Tracker,194.0,923.0,Valid,Valid,Fixation
1669787076.729526,,Eye Tracker,196.0,928.0,Valid,Valid,Fixation
1669787076.735842,,Eye Tracker,197.0,937.0,Valid,Valid,Fixation
1669787076.745506,,Eye Tracker,198.0,934.0,Valid,Valid,Fixation
1669787076.752497,,Mouse,197.5,931.5,,,Fixation
1669787076.761553,,Eye Tracker,197.0,929.0,Valid,Valid,Fixation
1669787076.769152,,Mouse,199.0,927.0,,,Fixation
1669787076.777539,,Eye Tracker,201.0,925.0,Valid,Valid,Fixation
1669787076.785807,,Mouse,202.5,924.0,,,Fixation
1669787076.793501,,Eye Tracker,204.0,923.0,Valid,Valid,Fixation
1669787076.802461,,Eye Tracker,207.0,923.0,Valid,Valid,Fixation
1669787076.809501,,Mouse,207.5,925.0,,,Fixation
1669787076.8191159,,Eye Tracker,208.0,927.0,Valid,Valid,Fixation
1669787076.825474,,Mouse,207.0,928.5,,,Fixation
1669787076.835772,,Eye Tracker,206.0,930.0,Valid,Valid,Fixation
1669787076.841537,,Eye Tracker,202.0,929.0,Valid,Valid,Fixation
1669787076.852426,,Eye Tracker,210.0,930.0,Valid,Valid,Fixation
1669787076.857506,,Eye Tracker,215.0,929.0,Valid,Valid,Fixation
1669787076.869081,,Eye Tracker,215.0,928.0,Valid,Valid,Fixation
1669787076.873739,,Eye Tracker,219.0,924.0,Valid,Valid,Fixation
1669787076.885736,,Eye Tracker,218.0,926.0,Valid,Valid,Fixation
1669787076.889459,,Eye Tracker,224.0,927.0,Valid,Valid,Fixation
1669787076.90239,,Eye Tracker,230.0,927.0,Valid,Valid,Fixation
1669787076.905422,,Eye Tracker,224.0,934.0,Valid,Valid,Fixation
1669787076.919045,,Eye Tracker,223.0,934.0,Valid,Valid,Fixation
1669787076.921499,,Mouse,225.0,932.5,,,Fixation
1669787076.9357,,Eye Tracker,227.0,931.0,Valid,Valid,Fixation
1669787076.9375,,Mouse,228.66666666666666,930.6666666666666,,,Fixation
1669787076.952354,,Mouse,230.33333333333334,930.3333333333334,,,Fixation
1669787076.953467,,Eye Tracker,232.0,930.0,Valid,Valid,Fixation
1669787076.969009,,Mouse,237.0,927.0,,,Fixation
1669787076.9695609,,Eye Tracker,242.0,924.0,Valid,Valid,Fixation
1669787076.985498,,Mouse,241.0,923.0,,,Fixation
1669787076.985664,,Eye Tracker,240.0,922.0,Valid,Valid,Fixation
1669787077.001649,,Mouse,239.5,924.0,,,Fixation
1669787077.002318,,Eye Tracker,239.0,926.0,Valid,Valid,Fixation
1669787077.0189729,,Mouse,240.5,927.0,,,Fixation
1669787077.0356278,,Eye Tracker,242.0,928.0,Valid,Valid,Fixation
1669787077.052283,,Eye Tracker,243.0,926.0,Valid,Valid,Fixation
1669787077.0689368,,Eye Tracker,243.0,925.0,Valid,Valid,Fixation
1669787077.085593,,Mouse,244.5,927.0,,,Fixation
1669787077.102248,,Eye Tracker,246.0,929.0,Valid,Valid,Fixation
1669787077.118902,,Eye Tracker,244.0,928.0,Valid,Valid,Fixation
1669787077.135557,,Mouse,240.5,927.0,,,Fixation
1669787077.152212,,Eye Tracker,237.0,926.0,Valid,Valid,Fixation
1669787077.168866,,Mouse,238.0,926.0,,,Fixation
1669787077.169579,,Eye Tracker,239.0,926.0,Valid,Valid,Fixation
1669787077.185489,,Mouse,242.5,927.0,,,Fixation
1669787077.185521,,Eye Tracker,246.0,928.0,Valid,Valid,Fixation
1669787077.201545,,Mouse,247.0,930.0,,,Fixation
1669787077.2021759,,Eye Tracker,248.0,932.0,Valid,Valid,Fixation
1669787077.217535,,Eye Tracker,247.0,933.0,Valid,Valid,Fixation
1669787077.2188299,,Mouse,246.5,932.5,,,Fixation
1669787077.233489,,Eye Tracker,246.0,932.0,Valid,Valid,Fixation
1669787077.2354848,,Mouse,245.33333333333334,931.6666666666666,,,Fixation
1669787077.249536,,Mouse,244.66666666666666,931.3333333333334,,,Fixation
1669787077.25214,,Eye Tracker,244.0,931.0,Valid,Valid,Fixation
1669787077.265548,,Mouse,244.5,931.0,,,Fixation
1669787077.2687938,,Eye Tracker,245.0,931.0,Valid,Valid,Fixation
1669787077.285449,,Mouse,243.5,928.0,,,Fixation
1669787077.2895489,,Eye Tracker,242.0,925.0,Valid,Valid,Fixation
1669787077.302104,,Mouse,243.0,924.5,,,Fixation
1669787077.305506,,Eye Tracker,244.0,924.0,Valid,Valid,Fixation
1669787077.318759,,Mouse,244.0,926.5,,,Fixation
1669787077.329639,,Eye Tracker,244.0,929.0,Valid,Valid,Fixation
1669787077.335413,,Mouse,244.33333333333334,930.0,,,Fixation
1669787077.345537,,Mouse,244.66666666666666,931.0,,,Fixation
1669787077.352069,,Eye Tracker,245.0,932.0,Valid,Valid,Fixation
1669787077.3537328,,Eye Tracker,249.0,924.0,Valid,Valid,Fixation
1669787077.3687239,,Mouse,250.0,924.0,,,Fixation
1669787077.385378,,Eye Tracker,251.0,924.0,Valid,Valid,Fixation
1669787077.4020329,,Eye Tracker,245.0,931.0,Valid,Valid,Fixation
1669787077.4186878,,Eye Tracker,248.0,932.0,Valid,Valid,Fixation
1669787077.4353418,,Eye Tracker,254.0,929.0,Valid,Valid,Fixation
1669787077.451997,,Eye Tracker,265.0,934.0,Valid,Valid,Fixation
1669787077.457563,,Eye Tracker,308.0,942.0,Valid,Valid,Saccade
1669787077.457563,,Mouse,320.3333333333333,943.6666666666666,,,Saccade
1669787077.468652,,Mouse,332.6666666666667,945.3333333333334,,,Saccade
1669787077.485306,,Eye Tracker,345.0,947.0,Valid,Valid,Saccade
1669787077.501961,,Mouse,348.0,947.5,,,Fixation
1669787077.505673,,Eye Tracker,351.0,948.0,Valid,Valid,Fixation
1669787077.505673,,Mouse,351.0,950.5,,,Fixation
1669787077.518616,,Eye Tracker,351.0,953.0,Valid,Valid,Fixation
1669787077.53527,,Mouse,353.0,954.5,,,Fixation
1669787077.551925,,Eye Tracker,355.0,956.0,Valid,Valid,Fixation
1669787077.56858,,Mouse,354.0,953.0,,,Fixation
1669787077.5852349,,Eye Tracker,353.0,950.0,Valid,Valid,Fixation
1669787077.6018898,,Eye Tracker,357.0,964.0,Valid,Valid,Fixation
1669787077.609489,,Mouse,359.5,967.0,,,Fixation
1669787077.618545,,Eye Tracker,362.0,970.0,Valid,Valid,Fixation
1669787077.6254458,,Mouse,360.6666666666667,968.3333333333334,,,Fixation
1669787077.6352,,Mouse,359.3333333333333,966.6666666666666,,,Fixation
1669787077.641536,,Eye Tracker,358.0,965.0,Valid,Valid,Fixation
1669787077.651854,,Mouse,359.0,962.0,,,Fixation
1669787077.657456,,Eye Tracker,360.0,959.0,Valid,Valid,Fixation
1669787077.668509,,Mouse,360.0,955.5,,,Fixation
1669787077.673436,,Eye Tracker,360.0,952.0,Valid,Valid,Fixation
1669787077.685164,,Mouse,361.0,952.5,,,Fixation
1669787077.6895099,MouseEvent,,362.0,953.0,,,Fixation
1669787077.701818,,Mouse,363.0,953.5,,,Fixation
1669787077.705484,,Eye Tracker,364.0,954.0,Valid,Valid,Fixation
1669787077.718473,,Mouse,367.0,957.5,,,Fixation
1669787077.7215889,,Eye Tracker,370.0,961.0,Valid,Valid,Fixation
1669787077.735128,,Mouse,373.0,963.5,,,Fixation
1669787077.7375169,,Eye Tracker,376.0,966.0,Valid,Valid,Fixation
1669787077.751782,,Mouse,374.5,960.5,,,Fixation
1669787077.7535229,,Eye Tracker,373.0,955.0,Valid,Valid,Fixation
1669787077.768437,,Mouse,375.0,954.0,,,Fixation
1669787077.76953,,Eye Tracker,377.0,953.0,Valid,Valid,Fixation
1669787077.7778199,,Mouse,380.5,953.0,,,Fixation
1669787077.7850919,,Eye Tracker,384.0,953.0,Valid,Valid,Fixation
1669787077.785444,,Mouse,385.6666666666667,952.0,,,Fixation
1669787077.801532,,Mouse,387.3333333333333,951.0,,,Fixation
1669787077.801746,,Eye Tracker,389.0,950.0,Valid,Valid,Fixation
1669787077.817666,,Eye Tracker,393.0,959.0,Valid,Valid,Fixation
1669787077.8184009,,Mouse,392.5,959.0,,,Fixation
1669787077.83352,,Eye Tracker,392.0,959.0,Valid,Valid,Fixation
1669787077.8350558,,Mouse,395.5,954.0,,,Fixation
1669787077.841836,,Eye Tracker,399.0,949.0,Valid,Valid,Fixation
1669787077.849484,,Mouse,399.0,948.0,,,Fixation
1669787077.851712,,Eye Tracker,399.0,947.0,Valid,Valid,Fixation
1669787077.8654408,,Eye Tracker,399.0,949.0,Valid,Valid,Fixation
1669787077.868366,,Eye Tracker,401.0,952.0,Valid,Valid,Fixation
1669787077.885021,,Eye Tracker,406.0,947.0,Valid,Valid,Fixation
1669787077.901676,,Eye Tracker,409.0,942.0,Valid,Valid,Fixation
1669787077.91833,,Eye Tracker,414.0,943.0,Valid,Valid,Fixation
1669787077.934985,,Eye Tracker,418.0,947.0,Valid,Valid,Fixation
1669787077.95164,,Eye Tracker,416.0,946.0,Valid,Valid,Fixation
1669787077.968294,,Mouse,415.0,941.5,,,Fixation
1669787077.9849489,,Eye Tracker,414.0,937.0,Valid,Valid,Fixation
1669787078.0016038,,Eye Tracker,400.0,938.0,Valid,Valid,Fixation
1669787078.0182579,,Mouse,396.0,935.6666666666666,,,Fixation
1669787078.0349128,,Mouse,392.0,933.3333333333334,,,Fixation
1669787078.051568,,Eye Tracker,388.0,931.0,Valid,Valid,Fixation
1669787078.068222,,Eye Tracker,388.0,925.0,Valid,Valid,Fixation
1669787078.084877,,Eye Tracker,390.0,924.0,Valid,Valid,Fixation
1669787078.101533,,Eye Tracker,392.0,925.0,Valid,Valid,Fixation
1669787078.118188,,Eye Tracker,393.0,922.0,Valid,Valid,Fixation
1669787078.134842,,Eye Tracker,391.0,919.0,Valid,Valid,Fixation
1669787078.151497,,Eye Tracker,392.0,920.0,Valid,Valid,Fixation
1669787078.1681519,,Eye Tracker,393.0,920.0,Valid,Valid,Fixation
1669787078.1848059,,Eye Tracker,394.0,920.0,Valid,Valid,Fixation
1669787078.2014608,,Eye Tracker,396.0,917.0,Valid,Valid,Fixation
1669787078.218116,,Eye Tracker,394.0,918.0,Valid,Valid,Fixation
1669787078.2347698,,Mouse,391.5,922.0,,,Fixation
1669787078.251425,,Eye Tracker,389.0,926.0,Valid,Valid,Fixation
1669787078.26808,,Eye Tracker,391.0,928.0,Valid,Valid,Fixation
1669787078.284734,MouseEvent,,395.6666666666667,929.0,,,Fixation
1669787078.301389,,Mouse,400.3333333333333,930.0,,,Fixation
1669787078.318044,,Eye Tracker,405.0,931.0,Valid,Valid,Fixation
1669787078.334698,,Mouse,407.0,929.5,,,Fixation
1669787078.351353,,Eye Tracker,409.0,928.0,Valid,Valid,Fixation
1669787078.361575,,Eye Tracker,403.0,927.0,Valid,Valid,Fixation
1669787078.3680089,,Eye Tracker,401.0,929.0,Valid,Valid,Fixation
1669787078.3846638,,Eye Tracker,405.0,925.0,Valid,Valid,Fixation
1669787078.4013178,,Eye Tracker,406.0,924.0,Valid,Valid,Fixation
1669787078.417973,,Eye Tracker,410.0,925.0,Valid,Valid,Fixation
1669787078.434628,,Eye Tracker,411.0,920.0,Valid,Valid,Fixation
1669787078.451282,,Eye Tracker,411.0,920.0,Valid,Valid,Fixation
1669787078.467937,,Mouse,410.5,923.5,,,Fixation
1669787078.484592,,Eye Tracker,410.0,927.0,Valid,Valid,Fixation
1669787078.501246,,Mouse,409.5,927.5,,,Fixation
1669787078.517901,,Eye Tracker,409.0,928.0,Valid,Valid,Fixation
1669787078.534556,,Mouse,409.0,927.0,,,Fixation
1669787078.55121,,Eye Tracker,409.0,926.0,Valid,Valid,Fixation
1669787078.567865,,Mouse,410.0,928.0,,,Fixation
1669787078.5845199,,Eye Tracker,411.0,930.0,Valid,Valid,Fixation
1669787078.6011739,,Mouse,412.0,932.0,,,Fixation
1669787078.61783,,Eye Tracker,413.0,934.0,Valid,Valid,Fixation
1669787078.634485,,Mouse,411.3333333333333,933.0,,,Fixation
1669787078.65114,,Mouse,409.6666666666667,932.0,,,Fixation
1669787078.667794,,Eye Tracker,408.0,931.0,Valid,Valid,Fixation
1669787078.684449,,Eye Tracker,410.0,927.0,Valid,Valid,Fixation
1669787078.701104,,Mouse,412.0,926.0,,,Fixation
1669787078.717758,,Mouse,414.0,925.0,,,Fixation
1669787078.734413,,Eye Tracker,416.0,924.0,Valid,Valid,Fixation
1669787078.7510679,,Mouse,414.5,925.0,,,Fixation
1669787078.767722,,Eye Tracker,413.0,926.0,Valid,Valid,Fixation
1669787078.7843769,,Mouse,410.5,929.5,,,Fixation
1669787078.8010318,,Eye Tracker,408.0,933.0,Valid,Valid,Fixation
1669787078.8176858,,Mouse,410.0,934.0,,,Fixation
1669787078.834341,,Eye Tracker,412.0,935.0,Valid,Valid,Fixation
1669787078.850996,,Mouse,415.0,935.0,,,Fixation
1669787078.867651,,Eye Tracker,418.0,935.0,Valid,Valid,Fixation
1669787078.884306,,Mouse,418.0,934.0,,,Fixation
1669787078.8976948,,Eye Tracker,418.0,933.0,Valid,Valid,Fixation
1669787078.900961,,Mouse,419.0,932.5,,,Fixation
1669787078.9135818,,Eye Tracker,420.0,932.0,Valid,Valid,Fixation
1669787078.917616,,Mouse,419.5,932.0,,,Fixation
1669787078.929513,,Eye Tracker,419.0,932.0,Valid,Valid,Fixation
1669787078.93427,,Mouse,419.5,933.5,,,Fixation
1669787078.9456239,,Eye Tracker,420.0,935.0,Valid,Valid,Fixation
1669787078.9509249,,Mouse,420.0,934.5,,,Fixation
1669787078.961525,,Eye Tracker,420.0,934.0,Valid,Valid,Fixation
1669787078.9675798,,Eye Tracker,417.0,933.0,Valid,Valid,Fixation
1669787078.977469,,Mouse,417.5,933.5,,,Fixation
1669787078.9842339,,Eye Tracker,418.0,934.0,Valid,Valid,Fixation
1669787078.993504,,Mouse,418.0,933.0,,,Fixation
1669787079.0008888,,Eye Tracker,418.0,932.0,Valid,Valid,Fixation
1669787079.009562,,Mouse,417.0,932.5,,,Fixation
1669787079.017544,,Eye Tracker,416.0,933.0,Valid,Valid,Fixation
1669787079.025491,,Eye Tracker,423.0,932.0,Valid,Valid,Fixation
1669787079.034198,,Eye Tracker,426.0,930.0,Valid,Valid,Fixation
1669787079.041522,,Mouse,422.0,930.5,,,Fixation
1669787079.050853,,Eye Tracker,418.0,931.0,Valid,Valid,Fixation
1669787079.067508,,Eye Tracker,414.0,935.0,Valid,Valid,Fixation
1669787079.084162,,Eye Tracker,416.0,933.0,Valid,Valid,Fixation
1669787079.097502,,Mouse,415.5,931.0,,,Fixation
1669787079.100817,,Eye Tracker,415.0,929.0,Valid,Valid,Fixation
1669787079.1134908,,Eye Tracker,415.0,928.0,Valid,Valid,Fixation
1669787079.117473,,Eye Tracker,415.0,932.0,Valid,Valid,Fixation
1669787079.129468,,Mouse,414.5,934.5,,,Fixation
1669787079.134127,,Eye Tracker,414.0,937.0,Valid,Valid,Fixation
1669787079.145525,,Eye Tracker,414.0,934.0,Valid,Valid,Fixation
1669787079.1507819,,Mouse,416.3333333333333,934.0,,,Fixation
1669787079.1674368,,Mouse,418.6666666666667,934.0,,,Fixation
1669787079.184092,,Eye Tracker,421.0,934.0,Valid,Valid,Fixation
1669787079.1935248,,Mouse,423.0,935.0,,,Fixation
1669787079.2007458,,Eye Tracker,425.0,936.0,Valid,Valid,Fixation
1669787079.209498,,Mouse,423.0,934.5,,,Fixation
1669787079.217401,,Eye Tracker,421.0,933.0,Valid,Valid,Fixation
1669787079.225631,,Mouse,421.0,933.0,,,Fixation
1669787079.234056,,Eye Tracker,421.0,933.0,Valid,Valid,Fixation
1669787079.2416809,,Mouse,423.5,933.0,,,Fixation
1669787079.25071,,Eye Tracker,426.0,933.0,Valid,Valid,Fixation
1669787079.267365,,Mouse,425.5,932.5,,,Fixation
1669787079.28402,,Eye Tracker,425.0,932.0,Valid,Valid,Fixation
1669787079.300674,,Mouse,420.5,933.0,,,Fixation
1669787079.317329,,Eye Tracker,416.0,934.0,Valid,Valid,Fixation
1669787079.333984,,Eye Tracker,416.0,935.0,Valid,Valid,Fixation
1669787079.337641,,Mouse,418.0,934.0,,,Fixation
1669787079.350638,,Mouse,420.0,933.0,,,Fixation
1669787079.361533,,Eye Tracker,422.0,932.0,Valid,Valid,Fixation
1669787079.367293,,Eye Tracker,423.0,933.0,Valid,Valid,Fixation
1669787079.383949,,Eye Tracker,418.0,938.0,Valid,Valid,Fixation
1669787079.3855069,,Eye Tracker,420.0,938.0,Valid,Valid,Fixation
1669787079.400603,,Eye Tracker,423.0,934.0,Valid,Valid,Fixation
1669787079.417258,,Eye Tracker,421.0,930.0,Valid,Valid,Fixation
1669787079.433913,,Mouse,422.5,932.5,,,Fixation
1669787079.450568,,Eye Tracker,424.0,935.0,Valid,Valid,Fixation
1669787079.467222,,Mouse,424.0,936.0,,,Fixation
1669787079.483877,,Eye Tracker,424.0,937.0,Valid,Valid,Fixation
1669787079.4975688,,Mouse,424.0,936.5,,,Fixation
1669787079.4975688,,Eye Tracker,424.0,936.0,Valid,Valid,Fixation
1669787079.500532,,Mouse,423.6666666666667,937.0,,,Fixation
1669787079.517186,,Mouse,423.3333333333333,938.0,,,Fixation
1669787079.533841,,Eye Tracker,423.0,939.0,Valid,Valid,Fixation
1669787079.545585,,Mouse,421.0,939.5,,,Fixation
1669787079.545585,,Eye Tracker,419.0,940.0,Valid,Valid,Fixation
1669787079.5504959,,Eye Tracker,423.0,939.0,Valid,Valid,Fixation
1669787079.5671499,,Mouse,423.6666666666667,938.6666666666666,,,Fixation
1669787079.5838048,,Mouse,424.3333333333333,938.3333333333334,,,Fixation
1669787079.60046,,Eye Tracker,425.0,938.0,Valid,Valid,Fixation
1669787079.6171138,,Mouse,425.0,937.0,,,Fixation
1669787079.63377,,Eye Tracker,425.0,936.0,Valid,Valid,Fixation
1669787079.641512,,Mouse,426.5,936.5,,,Fixation
1669787079.650425,,Eye Tracker,428.0,937.0,Valid,Valid,Fixation
1669787079.657512,,Eye Tracker,427.0,939.0,Valid,Valid,Fixation
1669787079.667079,,Mouse,424.6666666666667,938.6666666666666,,,Fixation
1669787079.673473,,Mouse,422.3333333333333,938.3333333333334,,,Fixation
1669787079.683734,,Eye Tracker,420.0,938.0,Valid,Valid,Fixation
1669787079.6895158,,Eye Tracker,419.0,937.0,Valid,Valid,Fixation
1669787079.700389,,Eye Tracker,425.0,940.0,Valid,Valid,Fixation
1669787079.705642,,Eye Tracker,426.0,939.0,Valid,Valid,Fixation
1669787079.7170439,,Eye Tracker,424.0,939.0,Valid,Valid,Fixation
1669787079.72149,,Eye Tracker,424.0,942.0,Valid,Valid,Fixation
1669787079.733698,,Mouse,425.3333333333333,941.3333333333334,,,Fixation
1669787079.737592,,Mouse,426.6666666666667,940.6666666666666,,,Fixation
1669787079.7503529,,Eye Tracker,428.0,940.0,Valid,Valid,Fixation
1669787079.753634,,Mouse,430.0,939.0,,,Fixation
1669787079.7670078,,Eye Tracker,432.0,938.0,Valid,Valid,Fixation
1669787079.769515,,Mouse,429.5,938.5,,,Fixation
1669787079.7836618,,Eye Tracker,427.0,939.0,Valid,Valid,Fixation
1669787079.785521,,Mouse,425.0,939.3333333333334,,,Fixation
1669787079.800317,,Mouse,423.0,939.6666666666666,,,Fixation
1669787079.8016388,,Eye Tracker,421.0,940.0,Valid,Valid,Fixation
1669787079.816972,,Mouse,422.5,941.0,,,Fixation
1669787079.8174798,,Eye Tracker,424.0,942.0,Valid,Valid,Fixation
1669787079.833626,,Mouse,424.5,942.0,,,Fixation
1669787079.8336549,,Eye Tracker,425.0,942.0,Valid,Valid,Fixation
1669787079.849504,,Mouse,423.0,944.5,,,Fixation
1669787079.850281,,Eye Tracker,421.0,947.0,Valid,Valid,Fixation
1669787079.865486,,Mouse,421.5,948.0,,,Fixation
1669787079.866936,,Eye Tracker,422.0,949.0,Valid,Valid,Fixation
1669787079.881542,,Mouse,422.3333333333333,946.3333333333334,,,Fixation
1669787079.883591,,Mouse,422.6666666666667,943.6666666666666,,,Fixation
1669787079.897611,,Eye Tracker,423.0,941.0,Valid,Valid,Fixation
1669787079.900246,,Mouse,423.0,939.5,,,Fixation
1669787079.913512,,Eye Tracker,423.0,938.0,Valid,Valid,Fixation
1669787079.9169009,,Mouse,423.0,936.5,,,Fixation
1669787079.929549,,Eye Tracker,423.0,935.0,Valid,Valid,Fixation
1669787079.933555,,Mouse,422.5,936.0,,,Fixation
1669787079.945489,,Eye Tracker,422.0,937.0,Valid,Valid,Fixation
1669787079.9502099,,Mouse,424.0,939.0,,,Fixation
1669787079.961479,,Eye Tracker,426.0,941.0,Valid,Valid,Fixation
1669787079.9668648,,Mouse,425.0,941.0,,,Fixation
1669787079.9775128,,Eye Tracker,424.0,941.0,Valid,Valid,Fixation
1669787079.98352,,Mouse,423.0,940.0,,,Fixation
1669787079.99353,,Eye Tracker,422.0,939.0,Valid,Valid,Fixation
1669787080.000174,,Eye Tracker,422.0,939.0,Valid,Valid,Fixation
1669787080.009496,,Eye Tracker,420.0,937.0,Valid,Valid,Fixation
1669787080.016829,,Eye Tracker,425.0,937.0,Valid,Valid,Fixation
1669787080.0255048,,Eye Tracker,429.0,942.0,Valid,Valid,Fixation
1669787080.033484,,Eye Tracker,425.0,941.0,Valid,Valid,Fixation
1669787080.041506,,Eye Tracker,424.0,943.0,Valid,Valid,Fixation
1669787080.050138,,Eye Tracker,424.0,943.0,Valid,Valid,Fixation
1669787080.066793,,Eye Tracker,422.0,943.0,Valid,Valid,Fixation
1669787080.083448,,Mouse,421.5,942.5,,,Fixation
1669787080.100102,,Eye Tracker,421.0,942.0,Valid,Valid,Fixation
1669787080.116757,,Mouse,421.0,942.5,,,Fixation
1669787080.1334128,,Eye Tracker,421.0,943.0,Valid,Valid,Fixation
1669787080.1500669,,Mouse,421.5,941.5,,,Fixation
1669787080.1667218,,Eye Tracker,422.0,940.0,Valid,Valid,Fixation
1669787080.183377,,Mouse,422.5,936.5,,,Fixation
1669787080.200031,,Eye Tracker,423.0,933.0,Valid,Valid,Fixation
1669787080.216686,,Mouse,421.0,934.5,,,Fixation
1669787080.233341,,Eye Tracker,419.0,936.0,Valid,Valid,Fixation
1669787080.249996,,Mouse,415.0,936.5,,,Fixation
1669787080.26665,,Eye Tracker,411.0,937.0,Valid,Valid,Fixation
1669787080.283305,,Mouse,410.3333333333333,938.3333333333334,,,Fixation
1669787080.29996,,Mouse,409.6666666666667,939.6666666666666,,,Fixation
1669787080.313663,,Eye Tracker,409.0,941.0,Valid,Valid,Fixation
1669787080.316614,,Eye Tracker,408.0,943.0,Valid,Valid,Fixation
1669787080.329519,,Eye Tracker,412.0,941.0,Valid,Valid,Fixation
1669787080.333269,,Mouse,413.5,942.0,,,Fixation
1669787080.345507,,Eye Tracker,415.0,943.0,Valid,Valid,Fixation
1669787080.3499238,,Eye Tracker,417.0,943.0,Valid,Valid,Fixation
1669787080.361512,,Eye Tracker,418.0,938.0,Valid,Valid,Fixation
1669787080.3665779,,Eye Tracker,417.0,939.0,Valid,Valid,Fixation
1669787080.377523,,Eye Tracker,415.0,936.0,Valid,Valid,Fixation
1669787080.3832328,,Eye Tracker,414.0,934.0,Valid,Valid,Fixation
1669787080.3934689,,Eye Tracker,414.0,935.0,Valid,Valid,Fixation
1669787080.399889,,Eye Tracker,411.0,937.0,Valid,Valid,Fixation
1669787080.4095109,,Mouse,414.5,940.0,,,Fixation
1669787080.416543,,Eye Tracker,418.0,943.0,Valid,Valid,Fixation
1669787080.42577,,Mouse,419.5,944.5,,,Fixation
1669787080.433198,,Eye Tracker,421.0,946.0,Valid,Valid,Fixation
1669787080.44153,,Mouse,418.5,946.5,,,Fixation
1669787080.449853,,Eye Tracker,416.0,947.0,Valid,Valid,Fixation
1669787080.457649,,Mouse,417.0,946.5,,,Fixation
1669787080.466507,,Eye Tracker,418.0,946.0,Valid,Valid,Fixation
1669787080.473481,,Eye Tracker,415.0,942.0,Valid,Valid,Fixation
1669787080.483162,,Mouse,414.5,942.5,,,Fixation
1669787080.489667,,Eye Tracker,414.0,943.0,Valid,Valid,Fixation
1669787080.499817,,Mouse,415.0,942.5,,,Fixation
1669787080.505508,,Eye Tracker,416.0,942.0,Valid,Valid,Fixation
1669787080.5164719,,Eye Tracker,417.0,940.0,Valid,Valid,Fixation
1669787080.5215209,,Eye Tracker,418.0,945.0,Valid,Valid,Fixation
1669787080.5331259,,Mouse,417.0,944.0,,,Fixation
1669787080.5455709,,Eye Tracker,416.0,943.0,Valid,Valid,Fixation
1669787080.5497808,,Mouse,416.5,942.0,,,Fixation
1669787080.561537,,Eye Tracker,417.0,941.0,Valid,Valid,Fixation
1669787080.566436,,Mouse,417.5,943.0,,,Fixation
1669787080.577756,,Eye Tracker,418.0,945.0,Valid,Valid,Fixation
1669787080.5830898,,Mouse,418.0,944.0,,,Fixation
1669787080.5936,,Eye Tracker,418.0,943.0,Valid,Valid,Fixation
1669787080.599745,,Mouse,418.5,943.0,,,Fixation
1669787080.609484,,Eye Tracker,419.0,943.0,Valid,Valid,Fixation
1669787080.6164,,Mouse,419.5,942.5,,,Fixation
1669787080.6255379,,Eye Tracker,420.0,942.0,Valid,Valid,Fixation
1669787080.633054,,Mouse,420.0,941.0,,,Fixation
1669787080.641484,,Eye Tracker,420.0,940.0,Valid,Valid,Fixation
1669787080.64971,,Mouse,420.5,940.0,,,Fixation
1669787080.657495,,Eye Tracker,421.0,940.0,Valid,Valid,Fixation
1669787080.666365,,Mouse,421.5,940.0,,,Fixation
1669787080.683019,,Eye Tracker,422.0,940.0,Valid,Valid,Fixation
1669787080.699674,,Eye Tracker,423.0,940.0,Valid,Valid,Fixation
1669787080.7163289,,Mouse,423.5,940.0,,,Fixation
1669787080.7329829,,Eye Tracker,424.0,940.0,Valid,Valid,Fixation
1669787080.7496378,,Mouse,422.5,939.5,,,Fixation
1669787080.7617018,,Eye Tracker,421.0,939.0,Valid,Valid,Fixation
1669787080.766293,,Eye Tracker,421.0,941.0,Valid,Valid,Fixation
1669787080.777519,,Mouse,419.5,940.0,,,Fixation
1669787080.782948,,Eye Tracker,418.0,939.0,Valid,Valid,Fixation
1669787080.79352,,Eye Tracker,416.0,939.0,Valid,Valid,Fixation
1669787080.799602,,Mouse,418.5,945.0,,,Fixation
1669787080.809483,,Eye Tracker,421.0,951.0,Valid,Valid,Fixation
1669787080.816257,,Eye Tracker,421.0,949.0,Valid,Valid,Fixation
1669787080.8257759,,Mouse,419.0,942.5,,,Fixation
1669787080.832912,,Eye Tracker,417.0,936.0,Valid,Valid,Fixation
1669787080.841487,,Eye Tracker,415.0,935.0,Valid,Valid,Fixation
1669787080.849566,,Eye Tracker,415.0,940.0,Valid,Valid,Fixation
1669787080.857522,,Eye Tracker,413.0,939.0,Valid,Valid,Fixation
1669787080.866221,,Eye Tracker,411.0,941.0,Valid,Valid,Fixation
1669787080.873507,,Eye Tracker,414.0,941.0,Valid,Valid,Fixation
1669787080.882876,,Eye Tracker,416.0,939.0,Valid,Valid,Fixation
1669787080.889966,,Eye Tracker,416.0,941.0,Valid,Valid,Fixation
1669787080.899531,,Eye Tracker,415.0,936.0,Valid,Valid,Fixation
1669787080.9054868,,Eye Tracker,420.0,936.0,Valid,Valid,Fixation
1669787080.9161859,,Eye Tracker,418.0,935.0,Valid,Valid,Fixation
1669787080.9328408,,Eye Tracker,417.0,934.0,Valid,Valid,Fixation
1669787080.9494948,,Eye Tracker,418.0,935.0,Valid,Valid,Fixation
1669787080.96615,,Eye Tracker,417.0,933.0,Valid,Valid,Fixation
1669787080.977506,,Eye Tracker,412.0,928.0,Valid,Valid,Fixation
1669787080.982805,,Eye Tracker,413.0,929.0,Valid,Valid,Fixation
1669787080.999459,,Mouse,411.5,930.0,,,Fixation
1669787081.016114,,Eye Tracker,410.0,931.0,Valid,Valid,Fixation
1669787081.03277,,Eye Tracker,398.0,936.0,Valid,Valid,Fixation
1669787081.049425,,Eye Tracker,400.0,934.0,Valid,Valid,Fixation
1669787081.066079,,Eye Tracker,409.0,935.0,Valid,Valid,Fixation
1669787081.0827339,,Eye Tracker,407.0,940.0,Valid,Valid,Fixation
1669787081.0993888,,Eye Tracker,411.0,939.0,Valid,Valid,Fixation
1669787081.1160429,,Eye Tracker,408.0,937.0,Valid,Valid,Fixation
1669787081.1326978,,Eye Tracker,407.0,936.0,Valid,Valid,Fixation
1669787081.149354,,Eye Tracker,412.0,937.0,Valid,Valid,Fixation
1669787081.166008,,Eye Tracker,414.0,937.0,Valid,Valid,Fixation
1669787081.182663,,Eye Tracker,411.0,938.0,Valid,Valid,Fixation
1669787081.199318,,Eye Tracker,411.0,940.0,Valid,Valid,Fixation
1669787081.215972,,Eye Tracker,412.0,943.0,Valid,Valid,Fixation
1669787081.232627,,Mouse,411.0,942.5,,,Fixation
1669787081.249282,,Eye Tracker,410.0,942.0,Valid,Valid,Fixation
1669787081.265936,,Eye Tracker,408.0,937.0,Valid,Valid,Fixation
1669787081.2825909,,Mouse,408.5,935.5,,,Fixation
1669787081.2895029,,Eye Tracker,409.0,934.0,Valid,Valid,Fixation
1669787081.2992458,,Eye Tracker,412.0,929.0,Valid,Valid,Fixation
1669787081.315901,,Eye Tracker,414.0,927.0,Valid,Valid,Fixation
1669787081.332556,,Eye Tracker,415.0,934.0,Valid,Valid,Fixation
1669787081.337542,,Mouse,415.5,935.0,,,Fixation
1669787081.349211,,Eye Tracker,416.0,936.0,Valid,Valid,Fixation
1669787081.3534958,,Mouse,414.5,935.0,,,Fixation
1669787081.365866,,Eye Tracker,413.0,934.0,Valid,Valid,Fixation
1669787081.377527,,Eye Tracker,413.0,936.0,Valid,Valid,Fixation
1669787081.38252,,Mouse,417.0,938.0,,,Fixation
1669787081.399175,,Eye Tracker,421.0,940.0,Valid,Valid,Fixation
1669787081.4158309,,Eye Tracker,421.0,937.0,Valid,Valid,Fixation
1669787081.425647,,Mouse,420.0,934.5,,,Fixation
1669787081.4324849,,Eye Tracker,419.0,932.0,Valid,Valid,Fixation
1669787081.4491398,,Mouse,419.5,933.0,,,Fixation
1669787081.465795,,Eye Tracker,420.0,934.0,Valid,Valid,Fixation
1669787081.482449,,Mouse,421.5,937.5,,,Fixation
1669787081.499104,,Eye Tracker,423.0,941.0,Valid,Valid,Fixation
1669787081.515759,,Mouse,422.5,940.0,,,Fixation
1669787081.532413,,Eye Tracker,422.0,939.0,Valid,Valid,Fixation
1669787081.537801,,Mouse,422.3333333333333,937.6666666666666,,,Fixation
1669787081.549068,,Mouse,422.6666666666667,936.3333333333334,,,Fixation
1669787081.561538,,Eye Tracker,423.0,935.0,Valid,Valid,Fixation
1669787081.565723,,Eye Tracker,423.0,935.0,Valid,Valid,Fixation
1669787081.5774698,,Eye Tracker,425.0,934.0,Valid,Valid,Fixation
1669787081.582378,,Eye Tracker,427.0,933.0,Valid,Valid,Fixation
1669787081.5935209,,Eye Tracker,421.0,932.0,Valid,Valid,Fixation
1669787081.599032,,Eye Tracker,420.0,931.0,Valid,Valid,Fixation
1669787081.609624,,Eye Tracker,426.0,928.0,Valid,Valid,Fixation
1669787081.615687,,Eye Tracker,426.0,933.0,Valid,Valid,Fixation
1669787081.6323419,,Eye Tracker,425.0,934.0,Valid,Valid,Fixation
1669787081.63362,,Eye Tracker,426.0,936.0,Valid,Valid,Fixation
1669787081.6489968,,Eye Tracker,420.0,937.0,Valid,Valid,Fixation
1669787081.657521,,Eye Tracker,421.0,937.0,Valid,Valid,Fixation
1669787081.665652,,Eye Tracker,418.0,938.0,Valid,Valid,Fixation
1669787081.673471,MouseEvent,,416.3333333333333,938.0,,,Fixation
1669787081.682307,,Mouse,414.6666666666667,938.0,,,Fixation
1669787081.698961,,Eye Tracker,413.0,938.0,Valid,Valid,Fixation
1669787081.715617,,Eye Tracker,419.0,934.0,Valid,Valid,Fixation
1669787081.732272,,Eye Tracker,423.0,933.0,Valid,Valid,Fixation
1669787081.748926,,Eye Tracker,428.0,932.0,Valid,Valid,Fixation
1669787081.765581,,Eye Tracker,426.0,929.0,Valid,Valid,Fixation
1669787081.7822359,,Eye Tracker,422.0,922.0,Valid,Valid,Fixation
1669787081.7988899,,Eye Tracker,424.0,924.0,Valid,Valid,Fixation
1669787081.8155448,,Eye Tracker,425.0,924.0,Valid,Valid,Fixation
1669787081.8322,,Eye Tracker,425.0,926.0,Valid,Valid,Fixation
1669787081.848855,,Eye Tracker,423.0,928.0,Valid,Valid,Fixation
1669787081.865509,,Eye Tracker,420.0,926.0,Valid,Valid,Fixation
1669787081.882164,,Eye Tracker,418.0,929.0,Valid,Valid,Fixation
1669787081.898819,,Eye Tracker,418.0,929.0,Valid,Valid,Fixation
1669787081.915474,,Eye Tracker,422.0,928.0,Valid,Valid,Fixation
1669787081.932129,,Eye Tracker,422.0,927.0,Valid,Valid,Fixation
1669787081.9487839,,Eye Tracker,416.0,932.0,Valid,Valid,Fixation
1669787081.965438,,Eye Tracker,415.0,936.0,Valid,Valid,Fixation
1669787081.9820929,,Eye Tracker,415.0,934.0,Valid,Valid,Fixation
1669787081.998749,,Eye Tracker,414.0,932.0,Valid,Valid,Fixation
1669787082.015403,,Mouse,414.5,932.5,,,Fixation
1669787082.032058,,Eye Tracker,415.0,933.0,Valid,Valid,Fixation
1669787082.048713,,Mouse,415.5,932.5,,,Fixation
1669787082.065367,,Eye Tracker,416.0,932.0,Valid,Valid,Fixation
1669787082.082022,,Eye Tracker,420.0,930.0,Valid,Valid,Fixation
1669787082.098677,,Eye Tracker,420.0,927.0,Valid,Valid,Fixation
1669787082.115332,,Eye Tracker,418.0,928.0,Valid,Valid,Fixation
1669787082.131986,,Mouse,417.0,930.5,,,Fixation
1669787082.1486409,,Eye Tracker,416.0,933.0,Valid,Valid,Fixation
1669787082.165297,,Mouse,415.25,931.75,,,Fixation
1669787082.181951,MouseEvent,,414.5,930.5,,,Fixation
1669787082.198606,,Mouse,413.75,929.25,,,Fixation
1669787082.215261,,Eye Tracker,413.0,928.0,Valid,Valid,Fixation
1669787082.231915,,Eye Tracker,413.0,929.0,Valid,Valid,Fixation
1669787082.24857,,Eye Tracker,412.0,939.0,Valid,Valid,Fixation
1669787082.265226,,Mouse,410.0,936.5,,,Fixation
1669787082.28188,,Eye Tracker,408.0,934.0,Valid,Valid,Fixation
1669787082.2985349,,Mouse,405.0,933.5,,,Fixation
1669787082.3151898,,Eye Tracker,402.0,933.0,Valid,Valid,Fixation
1669787082.3318439,,Mouse,403.5,934.0,,,Fixation
1669787082.3484988,,Eye Tracker,405.0,935.0,Valid,Valid,Fixation
1669787082.365154,,Eye Tracker,415.0,935.0,Valid,Valid,Fixation
1669787082.381809,,Mouse,413.5,936.0,,,Fixation
1669787082.398463,,Eye Tracker,412.0,937.0,Valid,Valid,Fixation
1669787082.415119,,Eye Tracker,403.0,934.0,Valid,Valid,Fixation
1669787082.431774,,Mouse,404.0,933.5,,,Fixation
1669787082.448428,,Eye Tracker,405.0,933.0,Valid,Valid,Fixation
1669787082.465083,,Mouse,407.6666666666667,933.6666666666666,,,Fixation
1669787082.4817379,,Mouse,410.3333333333333,934.3333333333334,,,Fixation
1669787082.4983919,,Eye Tracker,413.0,935.0,Valid,Valid,Fixation
1669787082.5150468,,Eye Tracker,409.0,937.0,Valid,Valid,Fixation
1669787082.531702,,Eye Tracker,404.0,936.0,Valid,Valid,Fixation
1669787082.548356,,Mouse,404.0,937.5,,,Fixation
1669787082.565011,,Eye Tracker,404.0,939.0,Valid,Valid,Fixation
1669787082.581667,,Eye Tracker,406.0,941.0,Valid,Valid,Fixation
1669787082.598321,,Eye Tracker,407.0,937.0,Valid,Valid,Fixation
1669787082.614976,,Eye Tracker,408.0,931.0,Valid,Valid,Fixation
1669787082.631631,,Eye Tracker,406.0,931.0,Valid,Valid,Fixation
1669787082.6482859,,Eye Tracker,401.0,935.0,Valid,Valid,Fixation
1669787082.6649399,,Eye Tracker,404.0,939.0,Valid,Valid,Fixation
1669787082.681596,,Mouse,403.5,939.5,,,Fixation
1669787082.698251,,Eye Tracker,403.0,940.0,Valid,Valid,Fixation
1669787082.714905,,Eye Tracker,404.0,933.0,Valid,Valid,Fixation
1669787082.73156,,Eye Tracker,407.0,930.0,Valid,Valid,Fixation
1669787082.748215,,Eye Tracker,408.0,933.0,Valid,Valid,Fixation
1669787082.764869,,Eye Tracker,411.0,935.0,Valid,Valid,Fixation
1669787082.781524,,Eye Tracker,412.0,935.0,Valid,Valid,Fixation
1669787082.798179,,Eye Tracker,419.0,932.0,Valid,Valid,Fixation
1669787082.814833,,Eye Tracker,419.0,929.0,Valid,Valid,Fixation
1669787082.831488,,Eye Tracker,412.0,943.0,Valid,Valid,Fixation
1669787082.8481429,,Eye Tracker,408.0,944.0,Valid,Valid,Fixation
1669787082.8647969,,Eye Tracker,407.0,940.0,Valid,Valid,Fixation
1669787082.8814518,,Eye Tracker,412.0,932.0,Valid,Valid,Fixation
1669787082.898108,,Eye Tracker,409.0,931.0,Valid,Valid,Fixation
1669787082.914763,,Eye Tracker,405.0,936.0,Valid,Valid,Fixation
1669787082.931418,,Eye Tracker,411.0,940.0,Valid,Valid,Fixation
1669787082.948073,,Eye Tracker,415.0,940.0,Valid,Valid,Fixation
1669787082.9647279,,Eye Tracker,415.0,940.0,Valid,Valid,Fixation
1669787082.981382,,Eye Tracker,411.0,937.0,Valid,Valid,Fixation
1669787082.9980369,,Eye Tracker,410.0,936.0,Valid,Valid,Fixation
1669787083.0146918,,Eye Tracker,417.0,933.0,Valid,Valid,Fixation
1669787083.0313458,,Eye Tracker,421.0,938.0,Valid,Valid,Fixation
1669787083.048001,,Eye Tracker,416.0,936.0,Valid,Valid,Fixation
1669787083.064656,,Eye Tracker,413.0,932.0,Valid,Valid,Fixation
1669787083.08131,,Eye Tracker,411.0,930.0,Valid,Valid,Fixation
1669787083.097965,,Eye Tracker,410.0,932.0,Valid,Valid,Fixation
1669787083.11462,,Eye Tracker,410.0,934.0,Valid,Valid,Fixation
1669787083.131274,,Eye Tracker,413.0,940.0,Valid,Valid,Fixation
1669787083.14793,,Eye Tracker,413.0,941.0,Valid,Valid,Fixation
1669787083.1645849,,Eye Tracker,411.0,934.0,Valid,Valid,Fixation
1669787083.1812398,,Eye Tracker,415.0,935.0,Valid,Valid,Fixation
1669787083.1978939,,Eye Tracker,421.0,934.0,Valid,Valid,Fixation
1669787083.21455,,Eye Tracker,417.0,934.0,Valid,Valid,Fixation
1669787083.231205,,Eye Tracker,412.0,936.0,Valid,Valid,Fixation
1669787083.247859,,Eye Tracker,416.0,935.0,Valid,Valid,Fixation
1669787083.264514,,Mouse,415.0,934.0,,,Fixation
1669787083.281169,,Eye Tracker,414.0,933.0,Valid,Valid,Fixation
1669787083.297823,,Eye Tracker,411.0,931.0,Valid,Valid,Fixation
1669787083.314478,,Eye Tracker,412.0,937.0,Valid,Valid,Fixation
1669787083.331133,,Eye Tracker,413.0,940.0,Valid,Valid,Fixation
1669787083.347787,,Eye Tracker,419.0,943.0,Valid,Valid,Fixation
1669787083.3644428,,Eye Tracker,422.0,941.0,Valid,Valid,Fixation
1669787083.381098,,Eye Tracker,419.0,937.0,Valid,Valid,Fixation
1669787083.397752,,Eye Tracker,416.0,939.0,Valid,Valid,Fixation
1669787083.414407,,Eye Tracker,416.0,945.0,Valid,Valid,Fixation
1669787083.431062,,Eye Tracker,417.0,942.0,Valid,Valid,Fixation
1669787083.4347029,,Eye Tracker,416.0,937.0,Valid,Valid,Fixation
1669787083.447717,,Eye Tracker,414.0,937.0,Valid,Valid,Fixation
1669787083.4544148,,Eye Tracker,413.0,940.0,Valid,Valid,Fixation
1669787083.464371,,Eye Tracker,413.0,943.0,Valid,Valid,Fixation
1669787083.481026,,Eye Tracker,417.0,936.0,Valid,Valid,Fixation
1669787083.497681,,Mouse,417.0,934.0,,,Fixation
1669787083.5143359,,Eye Tracker,417.0,932.0,Valid,Valid,Fixation
1669787083.5309908,,Eye Tracker,421.0,940.0,Valid,Valid,Fixation
1669787083.547646,,Mouse,420.0,940.0,,,Fixation
1669787083.5642998,,Eye Tracker,419.0,940.0,Valid,Valid,Fixation
1669787083.56453,,Eye Tracker,411.0,938.0,Valid,Valid,Fixation
1669787083.580955,MouseEvent,,412.0,938.6666666666666,,,Fixation
1669787083.59761,,Mouse,413.0,939.3333333333334,,,Fixation
1669787083.614264,,Eye Tracker,414.0,940.0,Valid,Valid,Fixation
1669787083.630919,,Mouse,416.0,941.0,,,Fixation
1669787083.647575,,Eye Tracker,418.0,942.0,Valid,Valid,Fixation
1669787083.664229,,Mouse,418.0,942.5,,,Fixation
1669787083.680884,,Eye Tracker,418.0,943.0,Valid,Valid,Fixation
1669787083.6975389,,Mouse,417.0,941.0,,,Fixation
1669787083.7054899,,Eye Tracker,416.0,939.0,Valid,Valid,Fixation
1669787083.7054899,,Eye Tracker,416.0,940.0,Valid,Valid,Fixation
1669787083.7141938,,Mouse,415.5,940.0,,,Fixation
1669787083.7308478,,Eye Tracker,415.0,940.0,Valid,Valid,Fixation
1669787083.747503,,Eye Tracker,417.0,942.0,Valid,Valid,Fixation
1669787083.764158,,Eye Tracker,416.0,946.0,Valid,Valid,Fixation
1669787083.780812,,Eye Tracker,411.0,942.0,Valid,Valid,Fixation
1669787083.797467,,Eye Tracker,415.0,938.0,Valid,Valid,Fixation
1669787083.814122,,Mouse,415.0,938.5,,,Fixation
1669787083.830777,,Eye Tracker,415.0,939.0,Valid,Valid,Fixation
1669787083.847432,,Eye Tracker,417.0,943.0,Valid,Valid,Fixation
1669787083.8640869,,Eye Tracker,419.0,948.0,Valid,Valid,Fixation
1669787083.880741,,Eye Tracker,417.0,943.0,Valid,Valid,Fixation
1669787083.8973958,,Eye Tracker,416.0,936.0,Valid,Valid,Fixation
1669787083.914051,,Eye Tracker,418.0,937.0,Valid,Valid,Fixation
1669787083.9307048,,Eye Tracker,419.0,938.0,Valid,Valid,Fixation
1669787083.947361,,Eye Tracker,416.0,938.0,Valid,Valid,Fixation
1669787083.964016,,Eye Tracker,416.0,938.0,Valid,Valid,Fixation
1669787083.980671,,Eye Tracker,419.0,939.0,Valid,Valid,Fixation
1669787083.997325,,Eye Tracker,419.0,940.0,Valid,Valid,Fixation
1669787084.01398,,Eye Tracker,416.0,941.0,Valid,Valid,Fixation
1669787084.0306349,,Mouse,416.5,941.5,,,Fixation
1669787084.047289,,Eye Tracker,417.0,942.0,Valid,Valid,Fixation
1669787084.063945,,Mouse,415.5,941.5,,,Fixation
1669787084.065508,,Eye Tracker,414.0,941.0,Valid,Valid,Fixation
1669787084.076443,,Eye Tracker,414.0,935.0,Valid,Valid,Fixation
1669787084.0806,,Eye Tracker,416.0,938.0,Valid,Valid,Fixation
1669787084.086475,,Eye Tracker,420.0,943.0,Valid,Valid,Fixation
1669787084.0965328,,Eye Tracker,423.0,943.0,Valid,Valid,Fixation
1669787084.097254,,Eye Tracker,422.0,941.0,Valid,Valid,Fixation
1669787084.113909,,Eye Tracker,416.0,942.0,Valid,Valid,Fixation
1669787084.11742,,Eye Tracker,414.0,944.0,Valid,Valid,Fixation
1669787084.127586,,Eye Tracker,421.0,941.0,Valid,Valid,Fixation
1669787084.130564,,Eye Tracker,423.0,940.0,Valid,Valid,Fixation
1669787084.147218,,Eye Tracker,420.0,940.0,Valid,Valid,Fixation
1669787084.156424,,Eye Tracker,418.0,941.0,Valid,Valid,Fixation
1669787084.163873,,Eye Tracker,421.0,944.0,Valid,Valid,Fixation
1669787084.180528,,Eye Tracker,424.0,941.0,Valid,Valid,Fixation
1669787084.197183,MouseEvent,,423.6666666666667,940.6666666666666,,,Fixation
1669787084.2138379,,Mouse,423.3333333333333,940.3333333333334,,,Fixation
1669787084.227572,,Eye Tracker,423.0,940.0,Valid,Valid,Fixation
1669787084.2304928,,Eye Tracker,423.0,941.0,Valid,Valid,Fixation
1669787084.247148,,Eye Tracker,425.0,938.0,Valid,Valid,Fixation
1669787084.25754,,Eye Tracker,422.0,941.0,Valid,Valid,Fixation
1669787084.263802,,Eye Tracker,420.0,944.0,Valid,Valid,Fixation
1669787084.280458,,Eye Tracker,418.0,940.0,Valid,Valid,Fixation
1669787084.297113,,Eye Tracker,419.0,936.0,Valid,Valid,Fixation
1669787084.313767,,Eye Tracker,420.0,939.0,Valid,Valid,Fixation
1669787084.330422,,Eye Tracker,416.0,946.0,Valid,Valid,Fixation
1669787084.347077,,Eye Tracker,418.0,946.0,Valid,Valid,Fixation
1669787084.363731,,Eye Tracker,423.0,948.0,Valid,Valid,Fixation
1669787084.3803859,,Eye Tracker,422.0,945.0,Valid,Valid,Fixation
1669787084.3970408,,Mouse,418.5,940.5,,,Fixation
1669787084.4136949,,Eye Tracker,415.0,936.0,Valid,Valid,Fixation
1669787084.4303498,,Eye Tracker,414.0,937.0,Valid,Valid,Fixation
1669787084.447005,,Eye Tracker,417.0,937.0,Valid,Valid,Fixation
1669787084.46366,,Eye Tracker,418.0,940.0,Valid,Valid,Fixation
1669787084.480315,,Eye Tracker,415.0,943.0,Valid,Valid,Fixation
1669787084.49697,,Eye Tracker,415.0,940.0,Valid,Valid,Fixation
1669787084.513625,,Eye Tracker,414.0,937.0,Valid,Valid,Fixation
1669787084.5302799,,Eye Tracker,412.0,939.0,Valid,Valid,Fixation
1669787084.5469348,,Mouse,410.6666666666667,941.3333333333334,,,Fixation
1669787084.56359,,Mouse,409.3333333333333,943.6666666666666,,,Fixation
1669787084.5802438,,Eye Tracker,408.0,946.0,Valid,Valid,Fixation
1669787084.596899,,Eye Tracker,407.0,945.0,Valid,Valid,Fixation
1669787084.613554,,Mouse,410.0,946.0,,,Fixation
1669787084.630208,,Eye Tracker,413.0,947.0,Valid,Valid,Fixation
1669787084.646863,,Eye Tracker,415.0,948.0,Valid,Valid,Fixation
1669787084.663518,,Mouse,413.5,948.0,,,Fixation
1669787084.680172,,Eye Tracker,412.0,948.0,Valid,Valid,Fixation
1669787084.696827,,Eye Tracker,413.0,949.0,Valid,Valid,Fixation
1669787084.713482,,Eye Tracker,413.0,942.0,Valid,Valid,Fixation
1669787084.730136,,Mouse,412.5,941.5,,,Fixation
1669787084.7467918,,Eye Tracker,412.0,941.0,Valid,Valid,Fixation
1669787084.763447,,Eye Tracker,409.0,940.0,Valid,Valid,Fixation
1669787084.780102,,Eye Tracker,410.0,942.0,Valid,Valid,Fixation
1669787084.796756,,Eye Tracker,413.0,950.0,Valid,Valid,Fixation
1669787084.813411,,Mouse,412.0,949.5,,,Fixation
1669787084.830067,,Eye Tracker,411.0,949.0,Valid,Valid,Fixation
1669787084.846721,,Eye Tracker,410.0,947.0,Valid,Valid,Fixation
1669787084.863376,,Eye Tracker,411.0,945.0,Valid,Valid,Fixation
1669787084.8800309,,Eye Tracker,409.0,945.0,Valid,Valid,Fixation
1669787084.896685,,Eye Tracker,411.0,945.0,Valid,Valid,Fixation
1669787084.9133399,,Eye Tracker,411.0,945.0,Valid,Valid,Fixation
1669787084.9299948,,Mouse,410.5,946.0,,,Fixation
1669787084.9466488,,Eye Tracker,410.0,947.0,Valid,Valid,Fixation
1669787084.963304,,Eye Tracker,408.0,944.0,Valid,Valid,Fixation
1669787084.97996,,Eye Tracker,408.0,943.0,Valid,Valid,Fixation
1669787084.996614,,Mouse,409.5,944.0,,,Fixation
1669787085.013269,,Eye Tracker,411.0,945.0,Valid,Valid,Fixation
1669787085.029924,,Eye Tracker,411.0,947.0,Valid,Valid,Fixation
1669787085.046579,,Eye Tracker,411.0,945.0,Valid,Valid,Fixation
1669787085.063233,,Eye Tracker,411.0,941.0,Valid,Valid,Fixation
1669787085.0798879,,Eye Tracker,410.0,943.0,Valid,Valid,Fixation
1669787085.0965428,,Eye Tracker,411.0,946.0,Valid,Valid,Fixation
1669787085.113198,,Eye Tracker,414.0,950.0,Valid,Valid,Fixation
1669787085.129853,,Mouse,414.6666666666667,949.6666666666666,,,Fixation
1669787085.146508,,Mouse,415.3333333333333,949.3333333333334,,,Fixation
1669787085.163162,,Eye Tracker,416.0,949.0,Valid,Valid,Fixation
1669787085.179817,,Eye Tracker,415.0,946.0,Valid,Valid,Fixation
1669787085.196473,,Mouse,415.0,946.6666666666666,,,Fixation
1669787085.201447,,Mouse,415.0,947.3333333333334,,,Fixation
1669787085.211994,,Eye Tracker,415.0,948.0,Valid,Valid,Fixation
1669787085.213127,,Mouse,416.0,947.5,,,Fixation
1669787085.2297819,,Eye Tracker,417.0,947.0,Valid,Valid,Fixation
1669787085.2464368,,Mouse,417.0,944.5,,,Fixation
1669787085.2630908,,Eye Tracker,417.0,942.0,Valid,Valid,Fixation
1669787085.279746,,Mouse,416.0,941.0,,,Fixation
1669787085.296401,,Eye Tracker,415.0,940.0,Valid,Valid,Fixation
1669787085.313056,,Eye Tracker,416.0,943.0,Valid,Valid,Fixation
1669787085.32971,,Eye Tracker,414.0,946.0,Valid,Valid,Fixation
1669787085.346365,,Eye Tracker,410.0,947.0,Valid,Valid,Fixation
1669787085.36302,,Eye Tracker,410.0,944.0,Valid,Valid,Fixation
1669787085.379674,,Eye Tracker,415.0,946.0,Valid,Valid,Fixation
1669787085.396329,,Eye Tracker,417.0,948.0,Valid,Valid,Fixation
1669787085.4024289,,Eye Tracker,420.0,946.0,Valid,Valid,Fixation
1669787085.412468,,Eye Tracker,420.0,944.0,Valid,Valid,Fixation
1669787085.4129848,,Eye Tracker,416.0,950.0,Valid,Valid,Fixation
1669787085.42964,,Eye Tracker,453.0,973.0,Valid,Valid,Saccade
1669787085.446295,,Eye Tracker,486.0,991.0,Valid,Valid,Saccade
1669787085.46295,,Eye Tracker,488.0,993.0,Valid,Valid,Fixation
1669787085.479604,,Eye Tracker,489.0,993.0,Valid,Valid,Fixation
1669787085.496259,,Eye Tracker,491.0,992.0,Valid,Valid,Fixation
1669787085.512914,,Eye Tracker,491.0,989.0,Valid,Valid,Fixation
1669787085.529568,,Eye Tracker,485.0,985.0,Valid,Valid,Fixation
1669787085.546223,,Mouse,483.0,987.5,,,Fixation
1669787085.562878,,Eye Tracker,481.0,990.0,Valid,Valid,Fixation
1669787085.5795329,,Mouse,483.0,991.0,,,Fixation
1669787085.5961869,,Eye Tracker,485.0,992.0,Valid,Valid,Fixation
1669787085.6128418,,Eye Tracker,486.0,987.0,Valid,Valid,Fixation
1669787085.629497,,Mouse,487.0,984.0,,,Fixation
1669787085.6461508,,Eye Tracker,488.0,981.0,Valid,Valid,Fixation
1669787085.662807,,Mouse,487.5,983.5,,,Fixation
1669787085.679462,,Eye Tracker,487.0,986.0,Valid,Valid,Fixation
1669787085.696116,,Mouse,486.5,988.5,,,Fixation
1669787085.712772,,Eye Tracker,486.0,991.0,Valid,Valid,Fixation
1669787085.7294269,,Mouse,486.5,989.0,,,Fixation
1669787085.7460809,,Eye Tracker,487.0,987.0,Valid,Valid,Fixation
1669787085.7627358,,Mouse,484.0,989.0,,,Fixation
1669787085.779391,,Eye Tracker,481.0,991.0,Valid,Valid,Fixation
1669787085.7960448,,Eye Tracker,485.0,994.0,Valid,Valid,Fixation
1669787085.8127,,Mouse,487.5,993.0,,,Fixation
1669787085.829355,,Eye Tracker,490.0,992.0,Valid,Valid,Fixation
1669787085.84601,,Mouse,490.0,993.0,,,Fixation
1669787085.862664,,Eye Tracker,490.0,994.0,Valid,Valid,Fixation
1669787085.879319,,Mouse,492.0,993.5,,,Fixation
1669787085.8959749,,Eye Tracker,494.0,993.0,Valid,Valid,Fixation
1669787085.912629,,Eye Tracker,494.0,990.0,Valid,Valid,Fixation
1669787085.9292839,,Mouse,490.5,989.5,,,Fixation
1669787085.9459388,,Eye Tracker,487.0,989.0,Valid,Valid,Fixation
1669787085.9625928,,Mouse,489.5,989.0,,,Fixation
1669787085.979248,,Eye Tracker,492.0,989.0,Valid,Valid,Fixation
1669787085.995903,,Eye Tracker,493.0,988.0,Valid,Valid,Fixation
1669787086.012557,,Mouse,492.5,989.5,,,Fixation
1669787086.029212,,Eye Tracker,492.0,991.0,Valid,Valid,Fixation
1669787086.045867,,Eye Tracker,502.0,991.0,Valid,Valid,Fixation
1669787086.062521,,Eye Tracker,504.0,989.0,Valid,Valid,Fixation
1669787086.079176,,Mouse,503.0,990.6666666666666,,,Fixation
1669787086.095831,,Mouse,502.0,992.3333333333334,,,Fixation
1669787086.1124868,,Eye Tracker,501.0,994.0,Valid,Valid,Fixation
1669787086.1291409,,Eye Tracker,500.0,996.0,Valid,Valid,Fixation
1669787086.1457958,,Mouse,497.0,994.5,,,Fixation
1669787086.162451,,Eye Tracker,494.0,993.0,Valid,Valid,Fixation
1669787086.179105,,Eye Tracker,494.0,992.0,Valid,Valid,Fixation
1669787086.19576,,Mouse,497.0,991.0,,,Fixation
1669787086.212415,,Eye Tracker,500.0,990.0,Valid,Valid,Fixation
1669787086.229069,,Mouse,495.0,989.3333333333334,,,Fixation
1669787086.245724,,Mouse,490.0,988.6666666666666,,,Fixation
1669787086.262379,,Eye Tracker,485.0,988.0,Valid,Valid,Fixation
1669787086.279033,,Eye Tracker,472.0,988.0,Valid,Valid,Fixation
1669787086.295688,,Mouse,473.3333333333333,987.0,,,Fixation
1669787086.312343,,Mouse,474.6666666666667,986.0,,,Fixation
1669787086.328997,,Eye Tracker,476.0,985.0,Valid,Valid,Fixation
1669787086.345653,,Mouse,476.5,984.5,,,Fixation
1669787086.362308,,Eye Tracker,477.0,984.0,Valid,Valid,Fixation
1669787086.378963,,Mouse,477.5,985.5,,,Fixation
1669787086.395617,,Eye Tracker,478.0,987.0,Valid,Valid,Fixation
1669787086.396445,,Mouse,478.0,986.5,,,Fixation
1669787086.412272,,Eye Tracker,478.0,986.0,Valid,Valid,Fixation
1669787086.428927,,Mouse,478.5,986.0,,,Fixation
1669787086.43647,,Eye Tracker,479.0,986.0,Valid,Valid,Fixation
1669787086.445581,,Mouse,480.0,984.5,,,Fixation
1669787086.451676,,Eye Tracker,481.0,983.0,Valid,Valid,Fixation
1669787086.451676,,Eye Tracker,480.0,982.0,Valid,Valid,Fixation
1669787086.4554799,,Eye Tracker,483.0,987.0,Valid,Valid,Fixation
1669787086.462236,,Eye Tracker,481.0,983.0,Valid,Valid,Fixation
1669787086.478891,,Eye Tracker,479.0,980.0,Valid,Valid,Fixation
1669787086.486489,,Mouse,479.0,979.6666666666666,,,Fixation
1669787086.495545,,Mouse,479.0,979.3333333333334,,,Fixation
1669787086.5121999,,Eye Tracker,479.0,979.0,Valid,Valid,Fixation
1669787086.526651,,Mouse,479.0,977.5,,,Fixation
1669787086.5288548,,Eye Tracker,479.0,976.0,Valid,Valid,Fixation
1669787086.5455089,,Mouse,480.5,976.0,,,Fixation
1669787086.546392,,Eye Tracker,482.0,976.0,Valid,Valid,Fixation
1669787086.5621638,,Mouse,486.6666666666667,976.6666666666666,,,Fixation
1669787086.576438,,Mouse,491.3333333333333,977.3333333333334,,,Fixation
1669787086.57882,,Eye Tracker,496.0,978.0,Valid,Valid,Fixation
1669787086.595474,,Mouse,504.5,976.0,,,Fixation
1669787086.59671,,Eye Tracker,513.0,974.0,Valid,Valid,Fixation
1669787086.612129,,Eye Tracker,514.0,973.0,Valid,Valid,Fixation
1669787086.625444,,Eye Tracker,516.0,971.0,Valid,Valid,Fixation
1669787086.628784,,Eye Tracker,521.0,967.0,Valid,Valid,Fixation
1669787086.645439,,Eye Tracker,523.0,966.0,Valid,Valid,Fixation
1669787086.662093,,Eye Tracker,521.0,964.0,Valid,Valid,Fixation
1669787086.678748,,Eye Tracker,520.0,964.0,Valid,Valid,Fixation
1669787086.6954029,,Mouse,524.5,962.0,,,Fixation
1669787086.7120569,,Eye Tracker,529.0,960.0,Valid,Valid,Fixation
1669787086.7287118,,Mouse,531.5,963.0,,,Fixation
1669787086.745367,,Eye Tracker,534.0,966.0,Valid,Valid,Fixation
1669787086.7620208,,Mouse,529.5,966.0,,,Fixation
1669787086.778676,,Eye Tracker,525.0,966.0,Valid,Valid,Fixation
1669787086.795331,,Mouse,526.0,963.5,,,Fixation
1669787086.811986,,Eye Tracker,527.0,961.0,Valid,Valid,Fixation
1669787086.828641,,Mouse,532.5,959.5,,,Fixation
1669787086.845296,,Eye Tracker,538.0,958.0,Valid,Valid,Fixation
1669787086.86195,,Mouse,535.5,959.5,,,Fixation
1669787086.878605,,Eye Tracker,533.0,961.0,Valid,Valid,Fixation
1669787086.8952599,,Mouse,531.0,960.5,,,Fixation
1669787086.9119148,,Eye Tracker,529.0,960.0,Valid,Valid,Fixation
1669787086.9285688,,Mouse,532.0,957.5,,,Fixation
1669787086.945224,,Eye Tracker,535.0,955.0,Valid,Valid,Fixation
1669787086.961879,,Mouse,536.0,959.5,,,Fixation
1669787086.978533,,Eye Tracker,537.0,964.0,Valid,Valid,Fixation
1669787086.995188,,Mouse,536.0,965.5,,,Fixation
1669787087.011843,,Eye Tracker,535.0,967.0,Valid,Valid,Fixation
1669787087.017806,,Mouse,533.5,964.5,,,Fixation
1669787087.017806,,Eye Tracker,532.0,962.0,Valid,Valid,Fixation
1669787087.028497,,Mouse,532.5,964.0,,,Fixation
1669787087.045153,,Eye Tracker,533.0,966.0,Valid,Valid,Fixation
1669787087.0618079,,Mouse,534.0,966.0,,,Fixation
1669787087.078462,,Mouse,535.0,966.0,,,Fixation
1669787087.0951169,,Eye Tracker,536.0,966.0,Valid,Valid,Fixation
1669787087.1117718,,Mouse,536.0,965.5,,,Fixation
1669787087.1284258,,Eye Tracker,536.0,965.0,Valid,Valid,Fixation
1669787087.145081,,Eye Tracker,541.0,966.0,Valid,Valid,Fixation
1669787087.161736,,Eye Tracker,544.0,963.0,Valid,Valid,Fixation
1669787087.178391,,Eye Tracker,547.0,963.0,Valid,Valid,Fixation
1669787087.195045,,Eye Tracker,548.0,965.0,Valid,Valid,Fixation
1669787087.2117,,Eye Tracker,563.0,954.0,Valid,Valid,Fixation
1669787087.228355,,Eye Tracker,590.0,947.0,Valid,Valid,Saccade
1669787087.245009,,Eye Tracker,600.0,954.0,Valid,Valid,Fixation
1669787087.2616649,,Eye Tracker,601.0,959.0,Valid,Valid,Fixation
1669787087.2783198,,Eye Tracker,607.0,953.0,Valid,Valid,Fixation
1669787087.2949739,,Eye Tracker,605.0,954.0,Valid,Valid,Fixation
1669787087.311629,,Mouse,604.5,953.5,,,Fixation
1669787087.328284,,Eye Tracker,604.0,953.0,Valid,Valid,Fixation
1669787087.344938,,Mouse,601.5,952.0,,,Fixation
1669787087.361593,,Eye Tracker,599.0,951.0,Valid,Valid,Fixation
1669787087.378248,,Mouse,600.5,954.5,,,Fixation
1669787087.394902,,Eye Tracker,602.0,958.0,Valid,Valid,Fixation
1669787087.4103749,,Mouse,604.6666666666666,958.3333333333334,,,Fixation
1669787087.411557,,Mouse,607.3333333333334,958.6666666666666,,,Fixation
1669787087.420399,,Eye Tracker,610.0,959.0,Valid,Valid,Fixation
1669787087.428212,,Eye Tracker,607.0,953.0,Valid,Valid,Fixation
1669787087.430459,,Mouse,605.0,953.0,,,Fixation
1669787087.444867,,Mouse,603.0,953.0,,,Fixation
1669787087.450496,,Eye Tracker,601.0,953.0,Valid,Valid,Fixation
1669787087.461521,,Eye Tracker,600.0,952.0,Valid,Valid,Fixation
1669787087.4706578,,Eye Tracker,602.0,953.0,Valid,Valid,Fixation
1669787087.4781759,,Mouse,606.0,956.5,,,Fixation
1669787087.4904869,,Eye Tracker,610.0,960.0,Valid,Valid,Fixation
1669787087.494832,,Mouse,611.3333333333334,960.6666666666666,,,Fixation
1669787087.511486,,Mouse,612.6666666666666,961.3333333333334,,,Fixation
1669787087.528141,,Eye Tracker,614.0,962.0,Valid,Valid,Fixation
1669787087.544796,,Eye Tracker,610.0,955.0,Valid,Valid,Fixation
1669787087.56145,,Mouse,611.0,955.0,,,Fixation
1669787087.578105,,Eye Tracker,612.0,955.0,Valid,Valid,Fixation
1669787087.59476,,Mouse,610.6666666666666,955.3333333333334,,,Fixation
1669787087.611414,,Mouse,609.3333333333334,955.6666666666666,,,Fixation
1669787087.628069,,Eye Tracker,608.0,956.0,Valid,Valid,Fixation
1669787087.644724,,Mouse,608.0,955.5,,,Fixation
1669787087.661378,,Eye Tracker,608.0,955.0,Valid,Valid,Fixation
1669787087.6780329,,Mouse,611.5,958.5,,,Fixation
1669787087.6946878,,Eye Tracker,615.0,962.0,Valid,Valid,Fixation
1669787087.711343,,Mouse,616.0,962.0,,,Fixation
1669787087.727998,,Eye Tracker,617.0,962.0,Valid,Valid,Fixation
1669787087.744653,,Eye Tracker,611.0,959.0,Valid,Valid,Fixation
1669787087.761308,,Eye Tracker,612.0,962.0,Valid,Valid,Fixation
1669787087.777962,,Mouse,618.0,960.0,,,Fixation
1669787087.794617,,Eye Tracker,624.0,958.0,Valid,Valid,Fixation
1669787087.811272,,Eye Tracker,626.0,959.0,Valid,Valid,Fixation
1669787087.820443,,Eye Tracker,629.0,958.0,Valid,Valid,Fixation
1669787087.827926,,Mouse,631.5,957.0,,,Fixation
1669787087.844581,,Eye Tracker,634.0,956.0,Valid,Valid,Fixation
1669787087.8612359,,Mouse,637.0,955.5,,,Fixation
1669787087.861577,,Eye Tracker,640.0,955.0,Valid,Valid,Fixation
1669787087.8724298,,Eye Tracker,704.0,957.0,Valid,Valid,Saccade
1669787087.8778899,,Mouse,708.0,959.0,,,Saccade
1669787087.882489,,Mouse,712.0,961.0,,,Fixation
1669787087.8945448,,Eye Tracker,716.0,963.0,Valid,Valid,Fixation
1669787087.902432,,Eye Tracker,719.0,966.0,Valid,Valid,Fixation
1669787087.9112,,Mouse,719.6666666666666,967.6666666666666,,,Fixation
1669787087.9125628,,Mouse,720.3333333333334,969.3333333333334,,,Fixation
1669787087.9278538,,Eye Tracker,721.0,971.0,Valid,Valid,Fixation
1669787087.932373,,Mouse,720.5,971.5,,,Fixation
1669787087.944509,,Eye Tracker,720.0,972.0,Valid,Valid,Fixation
1669787087.961165,,Mouse,719.5,972.0,,,Fixation
1669787087.97782,,Eye Tracker,719.0,972.0,Valid,Valid,Fixation
1669787087.994474,,Mouse,721.5,972.5,,,Fixation
1669787088.011129,,Eye Tracker,724.0,973.0,Valid,Valid,Fixation
1669787088.0224578,,Mouse,724.0,973.5,,,Fixation
1669787088.0277839,,Eye Tracker,724.0,974.0,Valid,Valid,Fixation
1669787088.042831,,Mouse,724.5,972.0,,,Fixation
1669787088.044438,,Eye Tracker,725.0,970.0,Valid,Valid,Fixation
1669787088.0610929,,Mouse,724.0,968.5,,,Fixation
1669787088.062387,,Eye Tracker,723.0,967.0,Valid,Valid,Fixation
1669787088.072438,,Mouse,723.3333333333334,968.6666666666666,,,Fixation
1669787088.0777478,,Mouse,723.6666666666666,970.3333333333334,,,Fixation
1669787088.0944018,,Eye Tracker,724.0,972.0,Valid,Valid,Fixation
1669787088.111057,,Eye Tracker,734.0,964.0,Valid,Valid,Fixation
1669787088.127712,,Mouse,734.0,963.0,,,Fixation
1669787088.144366,,Eye Tracker,734.0,962.0,Valid,Valid,Fixation
1669787088.161021,,Mouse,736.0,965.5,,,Fixation
1669787088.177677,,Eye Tracker,738.0,969.0,Valid,Valid,Fixation
1669787088.194331,,Mouse,738.5,966.5,,,Fixation
1669787088.202476,,Eye Tracker,739.0,964.0,Valid,Valid,Fixation
1669787088.210986,,Mouse,737.6666666666666,962.3333333333334,,,Fixation
1669787088.223423,,Mouse,736.3333333333334,960.6666666666666,,,Fixation
1669787088.2276409,,Eye Tracker,735.0,959.0,Valid,Valid,Fixation
1669787088.23345,,Mouse,735.0,959.5,,,Fixation
1669787088.2442958,,Eye Tracker,735.0,960.0,Valid,Valid,Fixation
1669787088.2609499,,Eye Tracker,741.0,964.0,Valid,Valid,Fixation
1669787088.277605,,Mouse,741.0,964.0,,,Fixation
1669787088.29426,,Mouse,741.0,964.0,,,Fixation
1669787088.310914,,Eye Tracker,741.0,964.0,Valid,Valid,Fixation
1669787088.327569,,Mouse,742.25,964.25,,,Fixation
1669787088.344224,MouseEvent,,743.5,964.5,,,Fixation
1669787088.360878,,Mouse,744.75,964.75,,,Fixation
1669787088.3734028,,Eye Tracker,746.0,965.0,Valid,Valid,Fixation
1669787088.377533,,Eye Tracker,754.0,965.0,Valid,Valid,Fixation
1669787088.394188,,Mouse,751.3333333333334,964.3333333333334,,,Fixation
1669787088.394393,,Mouse,748.6666666666666,963.6666666666666,,,Fixation
1669787088.404399,,Eye Tracker,746.0,963.0,Valid,Valid,Fixation
1669787088.410843,,Eye Tracker,749.0,964.0,Valid,Valid,Fixation
1669787088.414423,,Mouse,751.6666666666666,961.3333333333334,,,Fixation
1669787088.4274979,,Mouse,754.3333333333334,958.6666666666666,,,Fixation
1669787088.4441528,,Eye Tracker,757.0,956.0,Valid,Valid,Fixation
1669787088.444342,,Eye Tracker,753.0,957.0,Valid,Valid,Fixation
1669787088.454414,,Mouse,757.5,958.5,,,Fixation
1669787088.4608068,,Eye Tracker,762.0,960.0,Valid,Valid,Fixation
1669787088.464352,,Mouse,762.0,959.0,,,Fixation
1669787088.477462,,Eye Tracker,762.0,958.0,Valid,Valid,Fixation
1669787088.494117,,Mouse,761.0,957.6666666666666,,,Fixation
1669787088.510772,,Mouse,760.0,957.3333333333334,,,Fixation
1669787088.527426,,Eye Tracker,759.0,957.0,Valid,Valid,Fixation
1669787088.544081,,Eye Tracker,761.0,954.0,Valid,Valid,Fixation
1669787088.560736,,Mouse,761.0,954.5,,,Fixation
1669787088.57739,,Eye Tracker,761.0,955.0,Valid,Valid,Fixation
1669787088.594045,,Mouse,761.5,954.0,,,Fixation
1669787088.6107,,Eye Tracker,762.0,953.0,Valid,Valid,Fixation
1669787088.627354,,Eye Tracker,757.0,956.0,Valid,Valid,Fixation
1669787088.6440098,,Eye Tracker,757.0,958.0,Valid,Valid,Fixation
1669787088.660665,,Eye Tracker,761.0,958.0,Valid,Valid,Fixation
1669787088.677319,,Eye Tracker,748.0,953.0,Valid,Valid,Fixation
1669787088.693974,,Eye Tracker,737.0,959.0,Valid,Valid,Fixation
1669787088.710629,,Eye Tracker,737.0,959.0,Valid,Valid,Fixation
1669787088.727283,,Eye Tracker,734.0,946.0,Valid,Valid,Fixation
1669787088.743938,,Eye Tracker,737.0,948.0,Valid,Valid,Fixation
1669787088.755506,,Eye Tracker,742.0,946.0,Valid,Valid,Fixation
1669787088.755506,,Eye Tracker,743.0,945.0,Valid,Valid,Fixation
1669787088.760593,,Eye Tracker,743.0,951.0,Valid,Valid,Fixation
1669787088.777248,,Eye Tracker,741.0,947.0,Valid,Valid,Fixation
1669787088.793902,,Eye Tracker,739.0,952.0,Valid,Valid,Fixation
1669787088.810557,,Eye Tracker,738.0,953.0,Valid,Valid,Fixation
1669787088.8272119,,Eye Tracker,742.0,949.0,Valid,Valid,Fixation
1669787088.8438659,,Eye Tracker,742.0,956.0,Valid,Valid,Fixation
1669787088.8605208,,Eye Tracker,742.0,948.0,Valid,Valid,Fixation
1669787088.877177,MouseEvent,,742.6666666666666,947.0,,,Fixation
1669787088.893831,,Mouse,743.3333333333334,946.0,,,Fixation
1669787088.910486,,Eye Tracker,744.0,945.0,Valid,Valid,Fixation
1669787088.927141,,Eye Tracker,735.0,950.0,Valid,Valid,Fixation
1669787088.943795,,Eye Tracker,735.0,951.0,Valid,Valid,Fixation
1669787088.956555,,Eye Tracker,744.0,951.0,Valid,Valid,Fixation
1669787088.96045,,Eye Tracker,743.0,949.0,Valid,Valid,Fixation
1669787088.977105,,Eye Tracker,737.0,949.0,Valid,Valid,Fixation
1669787088.993759,,Eye Tracker,738.0,950.0,Valid,Valid,Fixation
1669787088.9964569,,Eye Tracker,746.0,948.0,Valid,Valid,Fixation
1669787089.010414,,Mouse,745.5,948.0,,,Fixation
1669787089.026808,,Eye Tracker,745.0,948.0,Valid,Valid,Fixation
1669787089.0270689,,Mouse,744.6666666666666,949.0,,,Fixation
1669787089.0437238,,Mouse,744.3333333333334,950.0,,,Fixation
1669787089.0464299,,Eye Tracker,744.0,951.0,Valid,Valid,Fixation
1669787089.0603778,,Mouse,745.0,951.0,,,Fixation
1669787089.077033,,Eye Tracker,746.0,951.0,Valid,Valid,Fixation
1669787089.093689,,Mouse,743.5,950.0,,,Fixation
1669787089.09641,,Eye Tracker,741.0,949.0,Valid,Valid,Fixation
1669787089.110343,,Mouse,740.0,949.5,,,Fixation
1669787089.126998,,Eye Tracker,739.0,950.0,Valid,Valid,Fixation
1669787089.136391,,Eye Tracker,737.0,949.0,Valid,Valid,Fixation
1669787089.143653,,Mouse,736.0,948.5,,,Fixation
1669787089.160307,,Eye Tracker,735.0,948.0,Valid,Valid,Fixation
1669787089.176962,,Mouse,737.5,948.5,,,Fixation
1669787089.1936169,,Eye Tracker,740.0,949.0,Valid,Valid,Fixation
1669787089.210271,,Eye Tracker,739.0,947.0,Valid,Valid,Fixation
1669787089.2269258,,Mouse,738.5,949.0,,,Fixation
1669787089.243581,,Eye Tracker,738.0,951.0,Valid,Valid,Fixation
1669787089.247557,,Mouse,739.5,952.0,,,Fixation
1669787089.2602348,,Eye Tracker,741.0,953.0,Valid,Valid,Fixation
1669787089.27689,,Mouse,739.5,951.0,,,Fixation
1669787089.293545,,Eye Tracker,738.0,949.0,Valid,Valid,Fixation
1669787089.3102,,Mouse,737.0,950.0,,,Fixation
1669787089.326855,,Eye Tracker,736.0,951.0,Valid,Valid,Fixation
1669787089.34351,,Eye Tracker,739.0,949.0,Valid,Valid,Fixation
1669787089.3601649,,Eye Tracker,737.0,949.0,Valid,Valid,Fixation
1669787089.376819,,Mouse,736.0,952.5,,,Fixation
1669787089.3934739,,Eye Tracker,735.0,956.0,Valid,Valid,Fixation
1669787089.4101288,,Eye Tracker,741.0,951.0,Valid,Valid,Fixation
1669787089.4267828,,Eye Tracker,740.0,941.0,Valid,Valid,Fixation
1669787089.443438,,Eye Tracker,734.0,944.0,Valid,Valid,Fixation
1669787089.460093,,Eye Tracker,730.0,941.0,Valid,Valid,Fixation
1669787089.476747,,Eye Tracker,731.0,940.0,Valid,Valid,Fixation
1669787089.493402,,Eye Tracker,739.0,952.0,Valid,Valid,Fixation
1669787089.510057,,Eye Tracker,738.0,953.0,Valid,Valid,Fixation
1669787089.526711,MouseEvent,,736.6666666666666,949.3333333333334,,,Fixation
1669787089.543366,,Mouse,735.3333333333334,945.6666666666666,,,Fixation
1669787089.5600219,,Eye Tracker,734.0,942.0,Valid,Valid,Fixation
1669787089.5766768,,Eye Tracker,734.0,943.0,Valid,Valid,Fixation
1669787089.5933309,,Eye Tracker,728.0,951.0,Valid,Valid,Fixation
1669787089.6099858,,Eye Tracker,732.0,947.0,Valid,Valid,Fixation
1669787089.626641,,Eye Tracker,736.0,941.0,Valid,Valid,Fixation
1669787089.643295,,Mouse,734.5,943.0,,,Fixation
1669787089.65995,,Eye Tracker,733.0,945.0,Valid,Valid,Fixation
1669787089.676605,,Mouse,733.5,945.5,,,Fixation
1669787089.693259,,Eye Tracker,734.0,946.0,Valid,Valid,Fixation
1669787089.709914,,Mouse,736.0,943.5,,,Fixation
1669787089.726569,,Eye Tracker,738.0,941.0,Valid,Valid,Fixation
1669787089.743223,,Mouse,738.0,944.0,,,Fixation
1669787089.759878,,Eye Tracker,738.0,947.0,Valid,Valid,Fixation
1669787089.776533,MouseEvent,,736.6666666666666,947.0,,,Fixation
1669787089.7931879,,Mouse,735.3333333333334,947.0,,,Fixation
1669787089.8098428,,Eye Tracker,734.0,947.0,Valid,Valid,Fixation
1669787089.826498,,Eye Tracker,733.0,948.0,Valid,Valid,Fixation
1669787089.843153,,Eye Tracker,735.0,950.0,Valid,Valid,Fixation
1669787089.859807,,Eye Tracker,737.0,946.0,Valid,Valid,Fixation
1669787089.876462,,Eye Tracker,739.0,948.0,Valid,Valid,Fixation
1669787089.893117,,Eye Tracker,739.0,945.0,Valid,Valid,Fixation
1669787089.909771,,Eye Tracker,741.0,945.0,Valid,Valid,Fixation
1669787089.926426,,Eye Tracker,737.0,945.0,Valid,Valid,Fixation
1669787089.943081,,Eye Tracker,735.0,945.0,Valid,Valid,Fixation
1669787089.959735,MouseEvent,,735.3333333333334,944.3333333333334,,,Fixation
1669787089.97639,,Mouse,735.6666666666666,943.6666666666666,,,Fixation
1669787089.9930449,,Eye Tracker,736.0,943.0,Valid,Valid,Fixation
1669787090.0096998,,Eye Tracker,741.0,936.0,Valid,Valid,Fixation
1669787090.026355,,Eye Tracker,752.0,957.0,Valid,Valid,Fixation
1669787090.04301,,Eye Tracker,754.0,956.0,Valid,Valid,Fixation
1669787090.059664,,Eye Tracker,742.0,942.0,Valid,Valid,Fixation
1669787090.0604398,,Eye Tracker,746.0,946.0,Valid,Valid,Fixation
1669787090.076319,,Eye Tracker,753.0,938.0,Valid,Valid,Fixation
1669787090.079411,,Eye Tracker,752.0,935.0,Valid,Valid,Fixation
1669787090.090515,,Eye Tracker,754.0,940.0,Valid,Valid,Fixation
1669787090.092974,,Eye Tracker,750.0,940.0,Valid,Valid,Fixation
1669787090.109629,,Eye Tracker,743.0,941.0,Valid,Valid,Fixation
1669787090.11041,,Eye Tracker,743.0,939.0,Valid,Valid,Fixation
1669787090.1204128,,Eye Tracker,749.0,941.0,Valid,Valid,Fixation
1669787090.126283,,Eye Tracker,741.0,948.0,Valid,Valid,Fixation
1669787090.140447,,Eye Tracker,739.0,945.0,Valid,Valid,Fixation
1669787090.142938,,Eye Tracker,737.0,945.0,Valid,Valid,Fixation
1669787090.1595929,,Eye Tracker,736.0,945.0,Valid,Valid,Fixation
1669787090.176247,,Eye Tracker,743.0,941.0,Valid,Valid,Fixation
1669787090.1929018,,Eye Tracker,767.0,939.0,Valid,Valid,Fixation
1669787090.209557,,Eye Tracker,751.0,944.0,Valid,Valid,Fixation
1669787090.2262108,,Eye Tracker,748.0,945.0,Valid,Valid,Fixation
1669787090.242867,,Eye Tracker,761.0,946.0,Valid,Valid,Fixation
1669787090.259522,,Eye Tracker,745.0,944.0,Valid,Valid,Fixation
1669787090.276176,,Eye Tracker,744.0,944.0,Valid,Valid,Fixation
1669787090.292831,,Eye Tracker,758.0,946.0,Valid,Valid,Fixation
1669787090.309486,,Eye Tracker,757.0,948.0,Valid,Valid,Fixation
1669787090.32614,,Eye Tracker,745.0,941.0,Valid,Valid,Fixation
1669787090.342795,,Eye Tracker,734.0,947.0,Valid,Valid,Fixation
1669787090.3594499,,Eye Tracker,747.0,955.0,Valid,Valid,Fixation
1669787090.3761048,,Eye Tracker,762.0,948.0,Valid,Valid,Fixation
1669787090.3814518,,Eye Tracker,753.0,936.0,Valid,Valid,Fixation
1669787090.3927588,,Mouse,750.0,940.5,,,Fixation
1669787090.4015648,,Eye Tracker,747.0,945.0,Valid,Valid,Fixation
1669787090.409414,,Mouse,746.0,944.0,,,Fixation
1669787090.426069,,Eye Tracker,745.0,943.0,Valid,Valid,Fixation
1669787090.4424539,,Mouse,746.0,941.8,,,Fixation
1669787090.442723,,Mouse,747.0,940.6,,,Fixation
1669787090.459378,MouseEvent,,748.0,939.4,,,Fixation
1669787090.476034,,Mouse,749.0,938.2,,,Fixation
1669787090.492688,,Eye Tracker,750.0,937.0,Valid,Valid,Fixation
1669787090.509343,,Eye Tracker,750.0,943.0,Valid,Valid,Fixation
1669787090.5259979,,Mouse,750.5,942.0,,,Fixation
1669787090.542652,,Eye Tracker,751.0,941.0,Valid,Valid,Fixation
1669787090.5593069,,Mouse,754.0,939.5,,,Fixation
1669787090.5759618,,Eye Tracker,757.0,938.0,Valid,Valid,Fixation
1669787090.5926158,,Mouse,752.0,940.5,,,Fixation
1669787090.609271,,Eye Tracker,747.0,943.0,Valid,Valid,Fixation
1669787090.625926,,Eye Tracker,741.0,945.0,Valid,Valid,Fixation
1669787090.642581,,Eye Tracker,741.0,945.0,Valid,Valid,Fixation
1669787090.659235,,Eye Tracker,741.0,944.0,Valid,Valid,Fixation
1669787090.67589,,Eye Tracker,741.0,937.0,Valid,Valid,Fixation
1669787090.6826348,,Mouse,739.0,932.5,,,Fixation
1669787090.692545,,Eye Tracker,737.0,928.0,Valid,Valid,Fixation
1669787090.702458,,Mouse,738.0,928.0,,,Fixation
1669787090.7092,,Eye Tracker,739.0,928.0,Valid,Valid,Fixation
1669787090.7258549,,Mouse,739.5,928.5,,,Fixation
1669787090.7425098,,Eye Tracker,740.0,929.0,Valid,Valid,Fixation
1669787090.759163,,Eye Tracker,740.0,936.0,Valid,Valid,Fixation
1669787090.7758179,,Eye Tracker,737.0,939.0,Valid,Valid,Fixation
1669787090.7924728,,Mouse,741.0,935.5,,,Fixation
1669787090.8091269,,Eye Tracker,745.0,932.0,Valid,Valid,Fixation
1669787090.8257818,,Mouse,745.3333333333334,935.3333333333334,,,Fixation
1669787090.842437,,Mouse,745.6666666666666,938.6666666666666,,,Fixation
1669787090.859091,,Eye Tracker,746.0,942.0,Valid,Valid,Fixation
1669787090.875746,,Mouse,740.5,939.5,,,Fixation
1669787090.892401,,Eye Tracker,735.0,937.0,Valid,Valid,Fixation
1669787090.909056,,Mouse,735.5,936.0,,,Fixation
1669787090.925711,,Eye Tracker,736.0,935.0,Valid,Valid,Fixation
1669787090.942366,,Eye Tracker,741.0,941.0,Valid,Valid,Fixation
1669787090.9590209,,Mouse,740.0,936.5,,,Fixation
1669787090.9756749,,Eye Tracker,739.0,932.0,Valid,Valid,Fixation
1669787090.9923298,,Eye Tracker,736.0,930.0,Valid,Valid,Fixation
1669787091.008985,,Mouse,735.5,934.5,,,Fixation
1669787091.025639,,Eye Tracker,735.0,939.0,Valid,Valid,Fixation
1669787091.042294,,Mouse,734.5,937.0,,,Fixation
1669787091.058949,,Eye Tracker,734.0,935.0,Valid,Valid,Fixation
1669787091.064611,,Eye Tracker,745.0,941.0,Valid,Valid,Fixation
1669787091.075603,,Mouse,745.0,941.5,,,Fixation
1669787091.084424,,Eye Tracker,745.0,942.0,Valid,Valid,Fixation
1669787091.092258,,Eye Tracker,737.0,935.0,Valid,Valid,Fixation
1669787091.094483,,Eye Tracker,741.0,941.0,Valid,Valid,Fixation
1669787091.108913,,Mouse,740.0,940.5,,,Fixation
1669787091.125567,,Eye Tracker,739.0,940.0,Valid,Valid,Fixation
1669787091.142222,,Eye Tracker,738.0,937.0,Valid,Valid,Fixation
1669787091.1588778,,Eye Tracker,736.0,939.0,Valid,Valid,Fixation
1669787091.175533,,Eye Tracker,733.0,936.0,Valid,Valid,Fixation
1669787091.1921868,,Eye Tracker,734.0,935.0,Valid,Valid,Fixation
1669787091.208842,,Eye Tracker,739.0,932.0,Valid,Valid,Fixation
1669787091.225497,,Eye Tracker,738.0,939.0,Valid,Valid,Fixation
1669787091.242151,,Eye Tracker,716.0,1029.0,Valid,Valid,Saccade
1669787091.258806,,Eye Tracker,706.0,1124.0,Valid,Valid,Saccade
1669787091.275461,,Eye Tracker,574.0,1287.0,Valid,Valid,Saccade
1669787091.292115,,Eye Tracker,574.0,1287.0,Valid,Valid,Unclassified
1669787091.30877,,Eye Tracker,789.0,1011.0,Invalid,Valid,Saccade
1669787091.325425,,Eye Tracker,715.0,1069.0,Valid,Valid,Saccade
1669787091.342079,,Eye Tracker,722.0,1074.0,Valid,Valid,Unclassified
1669787091.358734,,Eye Tracker,725.0,986.0,Valid,Valid,Saccade
1669787091.3753889,,Eye Tracker,737.0,985.0,Valid,Valid,Fixation
1669787091.3920438,,Eye Tracker,738.0,982.0,Valid,Valid,Fixation
1669787091.408699,,Eye Tracker,725.0,964.0,Valid,Valid,Fixation
1669787091.425354,,Eye Tracker,727.0,968.0,Valid,Valid,Fixation
1669787091.442009,,Eye Tracker,729.0,972.0,Valid,Valid,Fixation
1669787091.458663,,Mouse,732.0,967.5,,,Fixation
1669787091.475318,,Eye Tracker,735.0,963.0,Valid,Valid,Fixation
1669787091.491973,MouseEvent,,735.0,961.0,,,Fixation
1669787091.508627,,Mouse,735.0,959.0,,,Fixation
1669787091.525282,,Mouse,735.0,957.0,,,Fixation
1669787091.5419369,,Eye Tracker,735.0,955.0,Valid,Valid,Fixation
1669787091.558591,,Eye Tracker,736.0,951.0,Valid,Valid,Fixation
1669787091.5752459,,Eye Tracker,740.0,944.0,Valid,Valid,Fixation
1669787091.5919008,,Mouse,737.5,939.5,,,Fixation
1669787091.6085548,,Eye Tracker,735.0,935.0,Valid,Valid,Fixation
1669787091.625211,,Mouse,733.0,933.0,,,Fixation
1669787091.641866,,Eye Tracker,731.0,931.0,Valid,Valid,Fixation
1669787091.65852,,Mouse,734.0,933.0,,,Fixation
1669787091.675175,,Eye Tracker,737.0,935.0,Valid,Valid,Fixation
1669787091.69183,,Eye Tracker,739.0,936.0,Valid,Valid,Fixation
1669787091.708485,,Mouse,737.5,934.0,,,Fixation
1669787091.725139,,Eye Tracker,736.0,932.0,Valid,Valid,Fixation
1669787091.7417939,,Mouse,738.5,932.5,,,Fixation
1669787091.7584488,,Eye Tracker,741.0,933.0,Valid,Valid,Fixation
1669787091.7751029,,Eye Tracker,747.0,942.0,Valid,Valid,Fixation
1669787091.7917578,,Mouse,744.0,939.5,,,Fixation
1669787091.808413,,Eye Tracker,741.0,937.0,Valid,Valid,Fixation
1669787091.825067,,Eye Tracker,738.0,933.0,Valid,Valid,Fixation
1669787091.841723,,Mouse,738.0,934.0,,,Fixation
1669787091.858378,,Eye Tracker,738.0,935.0,Valid,Valid,Fixation
1669787091.875032,,Eye Tracker,739.0,936.0,Valid,Valid,Fixation
1669787091.891687,,Eye Tracker,736.0,937.0,Valid,Valid,Fixation
1669787091.908342,,Mouse,734.0,933.5,,,Fixation
1669787091.924996,,Eye Tracker,732.0,930.0,Valid,Valid,Fixation
1669787091.9416509,,Eye Tracker,735.0,929.0,Valid,Valid,Fixation
1669787091.9583058,,Eye Tracker,732.0,940.0,Valid,Valid,Fixation
1669787091.974961,,Mouse,731.0,939.0,,,Fixation
1669787091.991615,,Eye Tracker,730.0,938.0,Valid,Valid,Fixation
1669787092.00827,,Eye Tracker,729.0,933.0,Valid,Valid,Fixation
1669787092.024925,,Eye Tracker,734.0,934.0,Valid,Valid,Fixation
1669787092.041579,,Mouse,734.0,934.6666666666666,,,Fixation
1669787092.058234,,Mouse,734.0,935.3333333333334,,,Fixation
1669787092.07489,,Eye Tracker,734.0,936.0,Valid,Valid,Fixation
1669787092.091544,,Mouse,732.0,938.0,,,Fixation
1669787092.108199,,Eye Tracker,730.0,940.0,Valid,Valid,Fixation
1669787092.1248538,,Mouse,729.5,941.0,,,Fixation
1669787092.138327,,Eye Tracker,729.0,942.0,Valid,Valid,Fixation
1669787092.1415079,,Mouse,729.5,939.5,,,Fixation
1669787092.148465,,Eye Tracker,730.0,937.0,Valid,Valid,Fixation
1669787092.1581628,,Eye Tracker,728.0,933.0,Valid,Valid,Fixation
1669787092.169424,,Mouse,729.5,934.5,,,Fixation
1669787092.174818,,Eye Tracker,731.0,936.0,Valid,Valid,Fixation
1669787092.191472,,Mouse,731.3333333333334,935.0,,,Fixation
1669787092.208127,,Mouse,731.6666666666666,934.0,,,Fixation
1669787092.224782,,Eye Tracker,732.0,933.0,Valid,Valid,Fixation
1669787092.241437,,Mouse,730.5,932.5,,,Fixation
1669787092.258091,,Eye Tracker,729.0,932.0,Valid,Valid,Fixation
1669787092.274746,,Mouse,725.0,934.5,,,Fixation
1669787092.278475,,Eye Tracker,721.0,937.0,Valid,Valid,Fixation
1669787092.291401,,Mouse,723.0,936.5,,,Fixation
1669787092.3080559,,Eye Tracker,725.0,936.0,Valid,Valid,Fixation
1669787092.3247108,,Eye Tracker,732.0,933.0,Valid,Valid,Fixation
1669787092.341366,,Eye Tracker,726.0,935.0,Valid,Valid,Fixation
1669787092.3580198,,Eye Tracker,733.0,938.0,Valid,Valid,Fixation
1669787092.374675,,Mouse,734.0,939.0,,,Fixation
1669787092.380631,,Eye Tracker,735.0,940.0,Valid,Valid,Fixation
1669787092.381152,,Mouse,729.0,936.5,,,Fixation
1669787092.381152,,Eye Tracker,723.0,933.0,Valid,Valid,Fixation
1669787092.39133,,Eye Tracker,724.0,931.0,Valid,Valid,Fixation
1669787092.39955,,Mouse,723.5,934.5,,,Fixation
1669787092.407984,,Eye Tracker,723.0,938.0,Valid,Valid,Fixation
1669787092.4204419,,Eye Tracker,722.0,936.0,Valid,Valid,Fixation
1669787092.424639,,Mouse,724.5,934.0,,,Fixation
1669787092.441294,,Eye Tracker,727.0,932.0,Valid,Valid,Fixation
1669787092.457948,,Mouse,726.5,932.5,,,Fixation
1669787092.474603,,Eye Tracker,726.0,933.0,Valid,Valid,Fixation
1669787092.491258,,Mouse,725.5,931.0,,,Fixation
1669787092.5004199,,Eye Tracker,725.0,929.0,Valid,Valid,Fixation
1669787092.5079129,,Mouse,724.5,928.5,,,Fixation
1669787092.520417,,Eye Tracker,724.0,928.0,Valid,Valid,Fixation
1669787092.524567,,Mouse,724.5,932.0,,,Fixation
1669787092.540397,,Eye Tracker,725.0,936.0,Valid,Valid,Fixation
1669787092.541223,,Eye Tracker,726.0,939.0,Valid,Valid,Fixation
1669787092.557878,,Mouse,725.5,936.0,,,Fixation
1669787092.574532,,Eye Tracker,725.0,933.0,Valid,Valid,Fixation
1669787092.591187,,Mouse,725.0,933.0,,,Fixation
1669787092.607842,,Eye Tracker,725.0,933.0,Valid,Valid,Fixation
1669787092.6205359,,Mouse,723.0,932.5,,,Fixation
1669787092.624496,,Eye Tracker,721.0,932.0,Valid,Valid,Fixation
1669787092.641151,,Mouse,721.5,931.0,,,Fixation
1669787092.657806,,Eye Tracker,722.0,930.0,Valid,Valid,Fixation
1669787092.660408,,Eye Tracker,720.0,931.0,Valid,Valid,Fixation
1669787092.67446,,Eye Tracker,718.0,933.0,Valid,Valid,Fixation
1669787092.691115,,Mouse,722.5,932.0,,,Fixation
1669787092.7077699,,Eye Tracker,727.0,931.0,Valid,Valid,Fixation
1669787092.724424,,Eye Tracker,726.0,931.0,Valid,Valid,Fixation
1669787092.7410789,,Mouse,726.0,932.5,,,Fixation
1669787092.757735,,Eye Tracker,726.0,934.0,Valid,Valid,Fixation
1669787092.7614589,,Mouse,725.0,933.0,,,Fixation
1669787092.77439,,Eye Tracker,724.0,932.0,Valid,Valid,Fixation
1669787092.780326,,Mouse,723.5,931.5,,,Fixation
1669787092.791044,,Eye Tracker,723.0,931.0,Valid,Valid,Fixation
1669787092.807699,,Eye Tracker,727.0,932.0,Valid,Valid,Fixation
1669787092.811409,,Mouse,724.5,934.0,,,Fixation
1669787092.824354,,Eye Tracker,722.0,936.0,Valid,Valid,Fixation
1669787092.841008,,Mouse,721.0,936.0,,,Fixation
1669787092.857663,,Eye Tracker,720.0,936.0,Valid,Valid,Fixation
1669787092.874318,,Mouse,722.0,932.5,,,Fixation
1669787092.88182,,Eye Tracker,724.0,929.0,Valid,Valid,Fixation
1669787092.890972,,Eye Tracker,729.0,928.0,Valid,Valid,Fixation
1669787092.892459,,Mouse,728.0,927.5,,,Fixation
1669787092.9076269,,Eye Tracker,727.0,927.0,Valid,Valid,Fixation
1669787092.911363,,Mouse,726.5,927.5,,,Fixation
1669787092.921371,,Eye Tracker,726.0,928.0,Valid,Valid,Fixation
1669787092.9242818,,Eye Tracker,721.0,931.0,Valid,Valid,Fixation
1669787092.9409359,,Mouse,719.0,931.5,,,Fixation
1669787092.957591,,Eye Tracker,717.0,932.0,Valid,Valid,Fixation
1669787092.974246,,Mouse,720.5,929.0,,,Fixation
1669787092.990901,,Eye Tracker,724.0,926.0,Valid,Valid,Fixation
1669787093.007556,,Mouse,723.5,926.0,,,Fixation
1669787093.024211,,Eye Tracker,723.0,926.0,Valid,Valid,Fixation
1669787093.040866,,Eye Tracker,718.0,927.0,Valid,Valid,Fixation
1669787093.05752,,Eye Tracker,720.0,927.0,Valid,Valid,Fixation
1669787093.06339,,Eye Tracker,726.0,925.0,Valid,Valid,Fixation
1669787093.074175,,Eye Tracker,726.0,922.0,Valid,Valid,Fixation
1669787093.0908298,,Mouse,724.0,924.5,,,Fixation
1669787093.103425,,Eye Tracker,722.0,927.0,Valid,Valid,Fixation
1669787093.1074839,,Mouse,723.5,928.0,,,Fixation
1669787093.1225429,,Eye Tracker,725.0,929.0,Valid,Valid,Fixation
1669787093.1241388,,Eye Tracker,725.0,932.0,Valid,Valid,Fixation
1669787093.140794,,Eye Tracker,726.0,930.0,Valid,Valid,Fixation
1669787093.143373,,Eye Tracker,726.0,930.0,Valid,Valid,Fixation
1669787093.157448,,Eye Tracker,724.0,929.0,Valid,Valid,Fixation
1669787093.174103,,Eye Tracker,725.0,928.0,Valid,Valid,Fixation
1669787093.190758,,Eye Tracker,725.0,925.0,Valid,Valid,Fixation
1669787093.207412,,Eye Tracker,725.0,929.0,Valid,Valid,Fixation
1669787093.224068,,Eye Tracker,729.0,933.0,Valid,Valid,Fixation
1669787093.240723,MouseEvent,,726.3333333333334,934.3333333333334,,,Fixation
1669787093.257376,,Mouse,723.6666666666666,935.6666666666666,,,Fixation
1669787093.274031,,Eye Tracker,721.0,937.0,Valid,Valid,Fixation
1669787093.290686,,Eye Tracker,723.0,942.0,Valid,Valid,Fixation
1669787093.3073409,,Eye Tracker,723.0,932.0,Valid,Valid,Fixation
1669787093.322681,,Eye Tracker,721.0,932.0,Valid,Valid,Fixation
1669787093.322681,,Eye Tracker,733.0,936.0,Valid,Valid,Fixation
1669787093.3239949,,Eye Tracker,732.0,931.0,Valid,Valid,Fixation
1669787093.340651,,Eye Tracker,732.0,932.0,Valid,Valid,Fixation
1669787093.357306,,Eye Tracker,732.0,936.0,Valid,Valid,Fixation
1669787093.37396,,Eye Tracker,738.0,932.0,Valid,Valid,Fixation
1669787093.390615,,Eye Tracker,737.0,928.0,Valid,Valid,Fixation
1669787093.40727,,Eye Tracker,730.0,935.0,Valid,Valid,Fixation
1669787093.423924,,Eye Tracker,733.0,933.0,Valid,Valid,Fixation
1669787093.440579,,Mouse,736.5,930.5,,,Fixation
1669787093.457234,,Eye Tracker,740.0,928.0,Valid,Valid,Fixation
1669787093.473888,,Mouse,737.5,932.0,,,Fixation
1669787093.490543,,Eye Tracker,735.0,936.0,Valid,Valid,Fixation
1669787093.5071979,,Eye Tracker,735.0,942.0,Valid,Valid,Fixation
1669787093.5238519,,Eye Tracker,736.0,939.0,Valid,Valid,Fixation
1669787093.5405068,,Mouse,734.0,935.5,,,Fixation
1669787093.557162,,Eye Tracker,732.0,932.0,Valid,Valid,Fixation
1669787093.573818,,Eye Tracker,734.0,927.0,Valid,Valid,Fixation
1669787093.590472,,Mouse,733.5,930.5,,,Fixation
1669787093.607127,,Eye Tracker,733.0,934.0,Valid,Valid,Fixation
1669787093.623782,,Eye Tracker,728.0,938.0,Valid,Valid,Fixation
1669787093.640436,,Mouse,728.3333333333334,937.0,,,Fixation
1669787093.657091,,Mouse,728.6666666666666,936.0,,,Fixation
1669787093.6737459,,Eye Tracker,729.0,935.0,Valid,Valid,Fixation
1669787093.6904,,Mouse,729.5,934.5,,,Fixation
1669787093.705719,,Eye Tracker,730.0,934.0,Valid,Valid,Fixation
1669787093.7070549,,Eye Tracker,731.0,932.0,Valid,Valid,Fixation
1669787093.7237098,,Mouse,731.5,932.0,,,Fixation
1669787093.734408,,Eye Tracker,732.0,932.0,Valid,Valid,Fixation
1669787093.7403638,,Eye Tracker,730.0,939.0,Valid,Valid,Fixation
1669787093.744519,,Mouse,729.0,939.0,,,Fixation
1669787093.757019,,Eye Tracker,728.0,939.0,Valid,Valid,Fixation
1669787093.773674,,Eye Tracker,729.0,927.0,Valid,Valid,Fixation
1669787093.7744849,,Mouse,731.5,927.5,,,Fixation
1669787093.790328,,Eye Tracker,734.0,928.0,Valid,Valid,Fixation
1669787093.7943978,,Mouse,735.5,931.5,,,Fixation
1669787093.804538,,Eye Tracker,737.0,935.0,Valid,Valid,Fixation
1669787093.806984,,Eye Tracker,739.0,938.0,Valid,Valid,Fixation
1669787093.823639,,Mouse,738.5,937.0,,,Fixation
1669787093.840294,,Eye Tracker,738.0,936.0,Valid,Valid,Fixation
1669787093.8456268,,Mouse,737.0,936.0,,,Fixation
1669787093.856948,,Eye Tracker,736.0,936.0,Valid,Valid,Fixation
1669787093.865434,,Mouse,736.5,938.0,,,Fixation
1669787093.8736029,,Eye Tracker,737.0,940.0,Valid,Valid,Fixation
1669787093.876569,,Mouse,736.0,939.5,,,Fixation
1669787093.8902578,,Eye Tracker,735.0,939.0,Valid,Valid,Fixation
1669787093.905401,,Mouse,733.0,938.0,,,Fixation
1669787093.9069118,,Eye Tracker,731.0,937.0,Valid,Valid,Fixation
1669787093.915415,,Mouse,730.5,938.0,,,Fixation
1669787093.923567,,Eye Tracker,730.0,939.0,Valid,Valid,Fixation
1669787093.925534,,Eye Tracker,746.0,933.0,Valid,Valid,Fixation
1669787093.935535,,Mouse,753.5,934.0,,,Fixation
1669787093.940222,,Eye Tracker,761.0,935.0,Valid,Valid,Fixation
1669787093.9555159,,Mouse,760.5,937.5,,,Fixation
1669787093.956876,,Eye Tracker,760.0,940.0,Valid,Valid,Fixation
1669787093.973531,,Eye Tracker,761.0,936.0,Valid,Valid,Fixation
1669787093.98554,,Mouse,761.0,935.5,,,Fixation
1669787093.990186,,Eye Tracker,761.0,935.0,Valid,Valid,Fixation
1669787094.00684,,Eye Tracker,764.0,934.0,Valid,Valid,Fixation
1669787094.016556,,Mouse,764.0,935.5,,,Fixation
1669787094.023496,,Eye Tracker,764.0,937.0,Valid,Valid,Fixation
1669787094.0265908,,Eye Tracker,764.0,945.0,Valid,Valid,Fixation
1669787094.040151,,Eye Tracker,770.0,942.0,Valid,Valid,Fixation
1669787094.056805,,Mouse,769.5,940.5,,,Fixation
1669787094.0734599,,Eye Tracker,769.0,939.0,Valid,Valid,Fixation
1669787094.0901148,,Eye Tracker,766.0,946.0,Valid,Valid,Fixation
1669787094.10677,,Eye Tracker,768.0,948.0,Valid,Valid,Fixation
1669787094.123424,,Eye Tracker,767.0,944.0,Valid,Valid,Fixation
1669787094.140079,,Eye Tracker,766.0,942.0,Valid,Valid,Fixation
1669787094.156734,,Eye Tracker,769.0,941.0,Valid,Valid,Fixation
1669787094.173388,,Eye Tracker,766.0,944.0,Valid,Valid,Fixation
1669787094.190043,,Eye Tracker,768.0,946.0,Valid,Valid,Fixation
1669787094.206698,,Eye Tracker,771.0,945.0,Valid,Valid,Fixation
1669787094.223352,,Eye Tracker,767.0,946.0,Valid,Valid,Fixation
1669787094.240007,,Mouse,768.0,947.0,,,Fixation
1669787094.2566628,,Eye Tracker,769.0,948.0,Valid,Valid,Fixation
1669787094.2733169,,Eye Tracker,768.0,944.0,Valid,Valid,Fixation
1669787094.2899718,,Mouse,764.0,950.0,,,Fixation
1669787094.296426,,Eye Tracker,760.0,956.0,Valid,Valid,Fixation
1669787094.306627,,Eye Tracker,756.0,969.0,Valid,Valid,Fixation
1669787094.316324,,Mouse,737.3636363636364,1002.8181818181819,,,Fixation
1669787094.323281,,Eye Tracker,718.7272727272727,1036.6363636363637,Invalid,Invalid,EyesNotFound
1669787094.3265688,,Eye Tracker,700.0909090909091,1070.4545454545455,Invalid,Invalid,EyesNotFound
1669787094.339936,,Eye Tracker,681.4545454545455,1104.2727272727273,Invalid,Invalid,EyesNotFound
1669787094.356591,,Eye Tracker,662.8181818181818,1138.090909090909,Invalid,Invalid,EyesNotFound
1669787094.357516,,Eye Tracker,644.1818181818182,1171.909090909091,Invalid,Invalid,EyesNotFound
1669787094.373246,,Eye Tracker,625.5454545454545,1205.7272727272727,Invalid,Invalid,EyesNotFound
1669787094.377542,,Eye Tracker,606.9090909090909,1239.5454545454545,Invalid,Invalid,EyesNotFound
1669787094.388509,,Eye Tracker,588.2727272727273,1273.3636363636365,Invalid,Invalid,EyesNotFound
1669787094.3899,,Eye Tracker,569.6363636363636,1307.1818181818182,Invalid,Invalid,EyesNotFound
1669787094.397451,,Eye Tracker,551.0,1341.0,Invalid,Valid,Unclassified
1669787094.406555,,Eye Tracker,551.0,1341.0,Invalid,Valid,Unclassified
1669787094.407462,,Eye Tracker,669.0,1186.0,Invalid,Valid,Saccade
1669787094.407462,,Eye Tracker,719.0,1111.0,Valid,Valid,Saccade
1669787094.408577,,Eye Tracker,723.0,1047.0,Valid,Valid,Saccade
1669787094.42321,,Eye Tracker,723.0,1056.0,Valid,Valid,Unclassified
1669787094.439864,,Eye Tracker,765.0,1057.0,Valid,Valid,Saccade
1669787094.456519,,Eye Tracker,715.0,1038.0,Valid,Invalid,Saccade
1669787094.4731739,,Eye Tracker,750.0,977.0,Valid,Valid,Saccade
1669787094.4898288,,Eye Tracker,761.0,988.0,Valid,Valid,Fixation
1669787094.506484,,Eye Tracker,773.0,985.0,Valid,Valid,Fixation
1669787094.523139,,Eye Tracker,769.0,981.0,Valid,Valid,Fixation
1669787094.539793,,Eye Tracker,759.0,986.0,Valid,Valid,Fixation
1669787094.556448,,Eye Tracker,755.0,976.0,Valid,Valid,Fixation
1669787094.573103,,Eye Tracker,762.0,976.0,Valid,Valid,Fixation
1669787094.5783498,,Eye Tracker,767.0,962.0,Valid,Valid,Fixation
1669787094.589757,,Eye Tracker,769.0,954.0,Valid,Valid,Fixation
1669787094.606412,,Eye Tracker,755.0,971.0,Valid,Valid,Fixation
1669787094.6185648,,Eye Tracker,745.0,987.0,Valid,Valid,Fixation
1669787094.623067,,Eye Tracker,755.0,977.0,Valid,Valid,Fixation
1669787094.638334,,Eye Tracker,761.0,965.0,Valid,Valid,Fixation
1669787094.6397219,,Eye Tracker,763.0,958.0,Valid,Valid,Fixation
1669787094.6484509,,Eye Tracker,767.0,950.0,Valid,Valid,Fixation
1669787094.656376,,Eye Tracker,769.0,947.0,Valid,Valid,Fixation
1669787094.6683629,,Eye Tracker,774.0,945.0,Valid,Valid,Fixation
1669787094.6730309,,Eye Tracker,776.0,941.0,Valid,Valid,Fixation
1669787094.678387,,Eye Tracker,770.0,938.0,Valid,Valid,Fixation
1669787094.6884658,,Eye Tracker,771.0,939.0,Valid,Valid,Fixation
1669787094.6896858,,Eye Tracker,772.0,951.0,Valid,Valid,Fixation
1669787094.7063398,,Eye Tracker,771.0,951.0,Valid,Valid,Fixation
1669787094.7084038,,Eye Tracker,778.0,948.0,Valid,Valid,Fixation
1669787094.722996,,Eye Tracker,778.0,945.0,Valid,Valid,Fixation
1669787094.739651,,Eye Tracker,773.0,940.0,Valid,Valid,Fixation
1669787094.756305,,Eye Tracker,771.0,945.0,Valid,Valid,Fixation
1669787094.77296,,Eye Tracker,772.0,948.0,Valid,Valid,Fixation
1669787094.789615,,Eye Tracker,772.0,945.0,Valid,Valid,Fixation
1669787094.806269,,Eye Tracker,761.0,947.0,Valid,Valid,Fixation
1669787094.822924,,Eye Tracker,759.0,944.0,Valid,Valid,Fixation
1669787094.8395789,,Eye Tracker,767.0,942.0,Valid,Valid,Fixation
1669787094.856233,,Eye Tracker,767.0,943.0,Valid,Valid,Fixation
1669787094.8728878,,Eye Tracker,770.0,944.0,Valid,Valid,Fixation
1669787094.879384,,Eye Tracker,770.0,943.0,Valid,Valid,Fixation
1669787094.889543,,Eye Tracker,761.0,945.0,Valid,Valid,Fixation
1669787094.889556,,Mouse,761.0,944.5,,,Fixation
1669787094.900529,,Eye Tracker,761.0,944.0,Valid,Valid,Fixation
1669787094.906198,,Eye Tracker,760.0,944.0,Valid,Valid,Fixation
1669787094.919479,,Eye Tracker,761.0,945.0,Valid,Valid,Fixation
1669787094.922852,,Eye Tracker,767.0,951.0,Valid,Valid,Fixation
1669787094.939507,,Eye Tracker,768.0,948.0,Valid,Valid,Fixation
1669787094.956163,,Eye Tracker,763.0,942.0,Valid,Valid,Fixation
1669787094.972817,,Eye Tracker,762.0,944.0,Valid,Valid,Fixation
1669787094.989472,,Eye Tracker,756.0,943.0,Valid,Valid,Fixation
1669787095.0061269,,Mouse,757.5,944.0,,,Fixation
1669787095.022781,,Eye Tracker,759.0,945.0,Valid,Valid,Fixation
1669787095.0394359,,Eye Tracker,765.0,936.0,Valid,Valid,Fixation
1669787095.0560908,,Eye Tracker,765.0,935.0,Valid,Valid,Fixation
1669787095.0727448,,Eye Tracker,776.0,942.0,Valid,Valid,Fixation
1669787095.080354,,Mouse,774.0,946.0,,,Fixation
1669787095.0894,,Eye Tracker,772.0,950.0,Valid,Valid,Fixation
1669787095.100412,,Eye Tracker,767.0,949.0,Valid,Valid,Fixation
1669787095.106055,,Mouse,765.5,943.5,,,Fixation
1669787095.111414,,Eye Tracker,764.0,938.0,Valid,Valid,Fixation
1669787095.122709,,Eye Tracker,770.0,948.0,Valid,Valid,Fixation
1669787095.139364,,Mouse,770.5,947.0,,,Fixation
1669787095.140437,,Eye Tracker,771.0,946.0,Valid,Valid,Fixation
1669787095.156019,,Eye Tracker,764.0,943.0,Valid,Valid,Fixation
1669787095.172674,,Mouse,764.5,944.5,,,Fixation
1669787095.189329,,Eye Tracker,765.0,946.0,Valid,Valid,Fixation
1669787095.2059839,,Eye Tracker,771.0,939.0,Valid,Valid,Fixation
1669787095.2226388,,Eye Tracker,772.0,943.0,Valid,Valid,Fixation
1669787095.230543,,Eye Tracker,763.0,947.0,Valid,Valid,Fixation
1669787095.2392929,,Eye Tracker,769.0,941.0,Valid,Valid,Fixation
1669787095.241423,,Eye Tracker,771.0,939.0,Valid,Valid,Fixation
1669787095.2559478,,Mouse,769.0,938.0,,,Fixation
1669787095.2603939,,Mouse,767.0,937.0,,,Fixation
1669787095.2703989,,Eye Tracker,765.0,936.0,Valid,Valid,Fixation
1669787095.272603,,Eye Tracker,769.0,935.0,Valid,Valid,Fixation
1669787095.281431,,Mouse,769.5,938.0,,,Fixation
1669787095.289257,,Eye Tracker,770.0,941.0,Valid,Valid,Fixation
1669787095.305912,,Mouse,769.5,941.5,,,Fixation
1669787095.320468,,Eye Tracker,769.0,942.0,Valid,Valid,Fixation
1669787095.322567,,Mouse,767.5,941.5,,,Fixation
1669787095.339221,,Eye Tracker,766.0,941.0,Valid,Valid,Fixation
1669787095.355876,,Mouse,764.5,941.5,,,Fixation
1669787095.360396,,Eye Tracker,763.0,942.0,Valid,Valid,Fixation
1669787095.371628,,Eye Tracker,772.0,941.0,Valid,Valid,Fixation
1669787095.372531,,Mouse,774.5,943.0,,,Fixation
1669787095.389185,,Eye Tracker,777.0,945.0,Valid,Valid,Fixation
1669787095.39132,,Mouse,774.5,943.5,,,Fixation
1669787095.401397,,Eye Tracker,772.0,942.0,Valid,Valid,Fixation
1669787095.40584,,Mouse,772.5,939.5,,,Fixation
1669787095.41235,,Eye Tracker,773.0,937.0,Valid,Valid,Fixation
1669787095.4224958,,Eye Tracker,776.0,934.0,Valid,Valid,Fixation
1669787095.439151,,Mouse,773.5,937.0,,,Fixation
1669787095.4420109,,Eye Tracker,771.0,940.0,Valid,Valid,Fixation
1669787095.4558048,,Mouse,769.5,943.5,,,Fixation
1669787095.47246,,Eye Tracker,768.0,947.0,Valid,Valid,Fixation
1669787095.489115,,Eye Tracker,775.0,941.0,Valid,Valid,Fixation
1669787095.4916508,,Eye Tracker,775.0,939.0,Valid,Valid,Fixation
1669787095.505769,,Eye Tracker,773.0,945.0,Valid,Valid,Fixation
1669787095.5116398,,Eye Tracker,776.0,948.0,Valid,Valid,Fixation
1669787095.522424,,Eye Tracker,778.0,943.0,Valid,Valid,Fixation
1669787095.531303,,Eye Tracker,773.0,945.0,Valid,Valid,Fixation
1669787095.539079,,Eye Tracker,770.0,949.0,Valid,Valid,Fixation
1669787095.54264,,Eye Tracker,770.0,950.0,Valid,Valid,Fixation
1669787095.555733,,Mouse,767.0,949.5,,,Fixation
1669787095.562399,,Eye Tracker,764.0,949.0,Valid,Valid,Fixation
1669787095.572388,,Eye Tracker,770.0,947.0,Valid,Valid,Fixation
1669787095.572454,,Eye Tracker,776.0,948.0,Valid,Valid,Fixation
1669787095.589043,,Eye Tracker,776.0,948.0,Valid,Valid,Fixation
1669787095.605697,,Eye Tracker,774.0,952.0,Valid,Valid,Fixation
1669787095.622352,,Eye Tracker,771.0,952.0,Valid,Valid,Fixation
1669787095.6390069,,Mouse,771.0,953.0,,,Fixation
1669787095.6556618,,Eye Tracker,771.0,954.0,Valid,Valid,Fixation
1669787095.672317,,Mouse,772.0,953.5,,,Fixation
1669787095.688972,,Eye Tracker,773.0,953.0,Valid,Valid,Fixation
1669787095.705627,,Mouse,773.5,951.0,,,Fixation
1669787095.722281,,Eye Tracker,774.0,949.0,Valid,Valid,Fixation
1669787095.722419,,Eye Tracker,775.0,949.0,Valid,Valid,Fixation
1669787095.738936,,Mouse,776.5,953.5,,,Fixation
1669787095.747454,,Eye Tracker,778.0,958.0,Valid,Valid,Fixation
1669787095.755591,,Mouse,778.0,958.0,,,Fixation
1669787095.772245,,Eye Tracker,778.0,958.0,Valid,Valid,Fixation
1669787095.772734,,Mouse,777.0,955.0,,,Fixation
1669787095.7889,,Eye Tracker,776.0,952.0,Valid,Valid,Fixation
1669787095.802413,,Mouse,776.0,953.0,,,Fixation
1669787095.8055549,,Eye Tracker,776.0,954.0,Valid,Valid,Fixation
1669787095.8124208,,Mouse,777.0,953.5,,,Fixation
1669787095.822209,,Eye Tracker,778.0,953.0,Valid,Valid,Fixation
1669787095.8388638,,Eye Tracker,779.0,952.0,Valid,Valid,Fixation
1669787095.855519,,Mouse,780.0,952.0,,,Fixation
1669787095.8721728,,Eye Tracker,781.0,952.0,Valid,Valid,Fixation
1669787095.8834178,,Mouse,780.5,953.5,,,Fixation
1669787095.888829,,Eye Tracker,780.0,955.0,Valid,Valid,Fixation
1669787095.903344,,Eye Tracker,781.0,952.0,Valid,Valid,Fixation
1669787095.905484,,Eye Tracker,779.0,949.0,Valid,Valid,Fixation
1669787095.922138,,Mouse,779.5,952.5,,,Fixation
1669787095.924396,,Eye Tracker,780.0,956.0,Valid,Valid,Fixation
1669787095.938793,,Eye Tracker,784.0,954.0,Valid,Valid,Fixation
1669787095.943399,,Mouse,786.0,950.5,,,Fixation
1669787095.9534,,Eye Tracker,788.0,947.0,Valid,Valid,Fixation
1669787095.955448,,Mouse,789.5,946.5,,,Fixation
1669787095.964514,,Eye Tracker,791.0,946.0,Valid,Valid,Fixation
1669787095.9721029,,Mouse,789.0,948.0,,,Fixation
1669787095.988757,,Eye Tracker,787.0,950.0,Valid,Valid,Fixation
1669787096.0054119,,Mouse,786.5,952.0,,,Fixation
1669787096.013409,,Eye Tracker,786.0,954.0,Valid,Valid,Fixation
1669787096.0220668,,Mouse,786.3333333333334,953.3333333333334,,,Fixation
1669787096.0334408,,Mouse,786.6666666666666,952.6666666666666,,,Fixation
1669787096.0387208,,Eye Tracker,787.0,952.0,Valid,Valid,Fixation
1669787096.043534,,Eye Tracker,787.0,949.0,Valid,Valid,Fixation
1669787096.0543609,,Mouse,786.0,949.0,,,Fixation
1669787096.055376,,Mouse,785.0,949.0,,,Fixation
1669787096.0643718,,Eye Tracker,784.0,949.0,Valid,Valid,Fixation
1669787096.072031,,Eye Tracker,784.0,951.0,Valid,Valid,Fixation
1669787096.074394,,Eye Tracker,788.0,946.0,Valid,Valid,Fixation
1669787096.088685,,Eye Tracker,792.0,945.0,Valid,Valid,Fixation
1669787096.095394,,Eye Tracker,792.0,944.0,Valid,Valid,Fixation
1669787096.105341,,Eye Tracker,790.0,945.0,Valid,Valid,Fixation
1669787096.121996,,Eye Tracker,792.0,948.0,Valid,Valid,Fixation
1669787096.13865,,Eye Tracker,794.0,941.0,Valid,Valid,Fixation
1669787096.155305,,Eye Tracker,796.0,944.0,Valid,Valid,Fixation
1669787096.1719599,,Eye Tracker,803.0,946.0,Valid,Valid,Fixation
1669787096.188614,,Eye Tracker,805.0,924.0,Valid,Valid,Fixation
1669787096.2052689,,Eye Tracker,803.0,919.0,Valid,Valid,Fixation
1669787096.214534,,Eye Tracker,802.0,925.0,Valid,Valid,Fixation
1669787096.2219238,,Eye Tracker,802.0,924.0,Valid,Valid,Fixation
1669787096.234686,,Eye Tracker,805.0,928.0,Valid,Valid,Fixation
1669787096.238579,,Eye Tracker,805.0,926.0,Valid,Valid,Fixation
1669787096.254412,,Eye Tracker,802.0,930.0,Valid,Valid,Fixation
1669787096.255233,,Eye Tracker,800.0,936.0,Valid,Valid,Fixation
1669787096.265395,,Eye Tracker,803.0,930.0,Valid,Valid,Fixation
1669787096.271888,,Mouse,803.0,927.0,,,Fixation
1669787096.284364,,Eye Tracker,803.0,924.0,Valid,Valid,Fixation
1669787096.288543,,Eye Tracker,797.0,929.0,Valid,Valid,Fixation
1669787096.305197,,Mouse,798.0,930.0,,,Fixation
1669787096.321852,,Eye Tracker,799.0,931.0,Valid,Valid,Fixation
1669787096.338508,,Mouse,799.5,928.0,,,Fixation
1669787096.354434,,Eye Tracker,800.0,925.0,Valid,Valid,Fixation
1669787096.355162,,Mouse,799.0,927.6666666666666,,,Fixation
1669787096.3645139,,Mouse,798.0,930.3333333333334,,,Fixation
1669787096.3718169,,Eye Tracker,797.0,933.0,Valid,Valid,Fixation
1669787096.38442,,Mouse,800.0,935.0,,,Fixation
1669787096.3884718,,Eye Tracker,803.0,937.0,Valid,Valid,Fixation
1669787096.3953788,,Mouse,805.0,934.5,,,Fixation
1669787096.4051259,,Eye Tracker,807.0,932.0,Valid,Valid,Fixation
1669787096.405577,,Mouse,806.0,932.0,,,Fixation
1669787096.4217808,,Eye Tracker,805.0,932.0,Valid,Valid,Fixation
1669787096.42533,,Mouse,805.3333333333334,931.3333333333334,,,Fixation
1669787096.4365458,,Mouse,805.6666666666666,930.6666666666666,,,Fixation
1669787096.438436,,Eye Tracker,806.0,930.0,Valid,Valid,Fixation
1669787096.45509,,Mouse,806.0,929.0,,,Fixation
1669787096.45611,,Eye Tracker,806.0,928.0,Valid,Valid,Fixation
1669787096.471745,,Mouse,806.5,928.5,,,Fixation
1669787096.476537,,Eye Tracker,807.0,929.0,Valid,Valid,Fixation
1669787096.4884,,Eye Tracker,805.0,932.0,Valid,Valid,Fixation
1669787096.495533,,Eye Tracker,803.0,931.0,Valid,Valid,Fixation
1669787096.505055,,Eye Tracker,801.0,930.0,Valid,Valid,Fixation
1669787096.516386,,Eye Tracker,800.0,936.0,Valid,Valid,Fixation
1669787096.521709,,Eye Tracker,799.0,940.0,Valid,Valid,Fixation
1669787096.535465,,Eye Tracker,799.0,940.0,Valid,Valid,Fixation
1669787096.538364,,Eye Tracker,800.0,940.0,Valid,Valid,Fixation
1669787096.555019,,Eye Tracker,799.0,938.0,Valid,Valid,Fixation
1669787096.555389,,Mouse,800.5,938.0,,,Fixation
1669787096.566412,,Eye Tracker,802.0,938.0,Valid,Valid,Fixation
1669787096.5716739,,Mouse,806.0,944.0,,,Fixation
1669787096.5863779,,Eye Tracker,810.0,950.0,Valid,Valid,Fixation
1669787096.5883288,,Eye Tracker,816.0,958.0,Valid,Valid,Fixation
1669787096.604984,,Mouse,815.6666666666666,958.0,,,Fixation
1669787096.607437,,Mouse,815.3333333333334,958.0,,,Fixation
1669787096.6216378,,Eye Tracker,815.0,958.0,Valid,Valid,Fixation
1669787096.638293,,Mouse,815.0,961.0,,,Fixation
1669787096.647369,,Eye Tracker,815.0,964.0,Valid,Valid,Fixation
1669787096.654948,,Mouse,816.0,965.5,,,Fixation
1669787096.671602,,Eye Tracker,817.0,967.0,Valid,Valid,Fixation
1669787096.688257,,Mouse,817.5,964.5,,,Fixation
1669787096.704912,,Eye Tracker,818.0,962.0,Valid,Valid,Fixation
1669787096.721566,,Eye Tracker,816.0,964.0,Valid,Valid,Fixation
1669787096.736533,,Mouse,816.3333333333334,964.0,,,Fixation
1669787096.738221,,Mouse,816.6666666666666,964.0,,,Fixation
1669787096.754876,,Eye Tracker,817.0,964.0,Valid,Valid,Fixation
1669787096.756387,,Mouse,818.5,963.5,,,Fixation
1669787096.766393,,Eye Tracker,820.0,963.0,Valid,Valid,Fixation
1669787096.7715309,,Mouse,820.0,964.0,,,Fixation
1669787096.77736,,Eye Tracker,820.0,965.0,Valid,Valid,Fixation
1669787096.788185,,Mouse,819.5,963.5,,,Fixation
1669787096.796581,,Eye Tracker,819.0,962.0,Valid,Valid,Fixation
1669787096.804841,,Mouse,818.5,960.0,,,Fixation
1669787096.8173358,,Eye Tracker,818.0,958.0,Valid,Valid,Fixation
1669787096.821496,,Eye Tracker,818.0,958.0,Valid,Valid,Fixation
1669787096.836381,,Eye Tracker,816.0,962.0,Valid,Valid,Fixation
1669787096.83815,,Eye Tracker,815.0,967.0,Valid,Valid,Fixation
1669787096.854805,,Eye Tracker,814.0,967.0,Valid,Valid,Fixation
1669787096.8663878,,Eye Tracker,820.0,964.0,Valid,Valid,Fixation
1669787096.87146,,Eye Tracker,824.0,964.0,Valid,Valid,Fixation
1669787096.876394,,Eye Tracker,823.0,967.0,Valid,Valid,Fixation
1669787096.888114,,Eye Tracker,826.0,965.0,Valid,Valid,Fixation
1669787096.8964899,,Mouse,824.0,965.0,,,Fixation
1669787096.904769,,Eye Tracker,822.0,965.0,Valid,Valid,Fixation
1669787096.907359,,Eye Tracker,818.0,968.0,Valid,Valid,Fixation
1669787096.9174159,,Mouse,821.0,969.0,,,Fixation
1669787096.921424,,Eye Tracker,824.0,970.0,Valid,Valid,Fixation
1669787096.937515,,Mouse,826.0,971.5,,,Fixation
1669787096.938078,,Eye Tracker,828.0,973.0,Valid,Valid,Fixation
1669787096.948397,,Mouse,827.5,974.0,,,Fixation
1669787096.954733,,Eye Tracker,827.0,975.0,Valid,Valid,Fixation
1669787096.967387,,Mouse,849.5,968.0,,,Fixation
1669787096.9713879,,Eye Tracker,872.0,961.0,Valid,Valid,Saccade
1669787096.9880419,,Mouse,886.6666666666666,955.6666666666666,,,Saccade
1669787096.9883559,,Mouse,901.3333333333334,950.3333333333334,,,Saccade
1669787097.0046968,,Eye Tracker,916.0,945.0,Valid,Valid,Saccade
1669787097.007393,,Mouse,920.5,948.0,,,Saccade
1669787097.021352,,Eye Tracker,925.0,951.0,Valid,Valid,Fixation
1669787097.038008,,Mouse,923.5,950.0,,,Fixation
1669787097.054662,,Eye Tracker,922.0,949.0,Valid,Valid,Fixation
1669787097.071317,,Mouse,920.6666666666666,947.0,,,Fixation
1669787097.087972,,Mouse,919.3333333333334,945.0,,,Fixation
1669787097.104626,,Eye Tracker,918.0,943.0,Valid,Valid,Fixation
1669787097.121281,,Mouse,918.0,940.5,,,Fixation
1669787097.1379359,,Eye Tracker,918.0,938.0,Valid,Valid,Fixation
1669787097.15459,,Mouse,917.25,939.25,,,Fixation
1669787097.1712449,MouseEvent,,916.5,940.5,,,Fixation
1669787097.1878998,,Mouse,915.75,941.75,,,Fixation
1669787097.2045538,,Eye Tracker,915.0,943.0,Valid,Valid,Fixation
1669787097.221209,,Mouse,917.0,945.0,,,Fixation
1669787097.237864,,Eye Tracker,919.0,947.0,Valid,Valid,Fixation
1669787097.2384598,,Mouse,921.5,944.5,,,Fixation
1669787097.254518,,Eye Tracker,924.0,942.0,Valid,Valid,Fixation
1669787097.258339,,Mouse,924.0,940.0,,,Fixation
1669787097.268547,,Eye Tracker,924.0,938.0,Valid,Valid,Fixation
1669787097.271174,,Mouse,922.0,938.5,,,Fixation
1669787097.278552,,Eye Tracker,920.0,939.0,Valid,Valid,Fixation
1669787097.287829,,Mouse,919.5,940.0,,,Fixation
1669787097.289608,,Eye Tracker,919.0,941.0,Valid,Valid,Fixation
1669787097.304484,,Mouse,918.5,940.0,,,Fixation
1669787097.3083858,,Eye Tracker,918.0,939.0,Valid,Valid,Fixation
1669787097.321138,,Mouse,921.0,940.5,,,Fixation
1669787097.329303,,Eye Tracker,924.0,942.0,Valid,Valid,Fixation
1669787097.3377929,,Mouse,927.0,943.5,,,Fixation
1669787097.348384,,Eye Tracker,930.0,945.0,Valid,Valid,Fixation
1669787097.3544478,,Eye Tracker,926.0,943.0,Valid,Valid,Fixation
1669787097.358396,,Eye Tracker,908.0,938.0,Valid,Valid,Fixation
1669787097.369391,,Eye Tracker,892.0,930.0,Valid,Valid,Fixation
1669787097.3711019,,Eye Tracker,876.0,922.0,Valid,Valid,Fixation
1669787097.3877568,,Eye Tracker,879.0,923.0,Valid,Valid,Fixation
1669787097.38838,,Eye Tracker,874.0,926.0,Valid,Valid,Fixation
1669787097.404412,,Eye Tracker,870.0,929.0,Valid,Valid,Fixation
1669787097.421066,,Eye Tracker,876.0,933.0,Valid,Valid,Fixation
1669787097.437721,,Eye Tracker,880.0,932.0,Valid,Valid,Fixation
1669787097.454376,,Eye Tracker,882.0,930.0,Valid,Valid,Fixation
1669787097.47103,,Eye Tracker,879.0,932.0,Valid,Valid,Fixation
1669787097.487685,,Eye Tracker,881.0,931.0,Valid,Valid,Fixation
1669787097.504341,,Eye Tracker,879.0,939.0,Valid,Valid,Fixation
1669787097.520995,,Eye Tracker,877.0,943.0,Valid,Valid,Fixation
1669787097.5376499,,Eye Tracker,882.0,937.0,Valid,Valid,Fixation
1669787097.5543048,,Eye Tracker,884.0,932.0,Valid,Valid,Fixation
1669787097.57096,,Eye Tracker,883.0,930.0,Valid,Valid,Fixation
1669787097.5876138,,Mouse,882.5,931.0,,,Fixation
1669787097.604269,,Eye Tracker,882.0,932.0,Valid,Valid,Fixation
1669787097.620924,,Eye Tracker,882.0,931.0,Valid,Valid,Fixation
1669787097.637578,,Eye Tracker,882.0,928.0,Valid,Valid,Fixation
1669787097.654233,,Eye Tracker,883.0,928.0,Valid,Valid,Fixation
1669787097.670888,,Eye Tracker,885.0,931.0,Valid,Valid,Fixation
1669787097.687542,,Eye Tracker,885.0,928.0,Valid,Valid,Fixation
1669787097.704197,MouseEvent,,885.0,927.6666666666666,,,Fixation
1669787097.720852,,Mouse,885.0,927.3333333333334,,,Fixation
1669787097.7375069,,Eye Tracker,885.0,927.0,Valid,Valid,Fixation
1669787097.7541618,,Eye Tracker,887.0,927.0,Valid,Valid,Fixation
1669787097.770817,,Eye Tracker,880.0,920.0,Valid,Valid,Fixation
1669787097.787471,,Eye Tracker,876.0,923.0,Valid,Valid,Fixation
1669787097.804126,,Eye Tracker,881.0,935.0,Valid,Valid,Fixation
1669787097.820781,,Eye Tracker,881.0,937.0,Valid,Valid,Fixation
1669787097.837436,,Eye Tracker,878.0,935.0,Valid,Valid,Fixation
1669787097.841336,,Eye Tracker,875.0,929.0,Valid,Valid,Fixation
1669787097.85409,,Eye Tracker,874.0,929.0,Valid,Valid,Fixation
1669787097.870745,,Eye Tracker,875.0,931.0,Valid,Valid,Fixation
1669787097.8874,,Mouse,874.5,933.0,,,Fixation
1669787097.904054,,Eye Tracker,874.0,935.0,Valid,Valid,Fixation
1669787097.920414,,Eye Tracker,874.0,933.0,Valid,Valid,Fixation
1669787097.920709,,Mouse,875.3333333333334,931.3333333333334,,,Fixation
1669787097.93139,,Mouse,876.6666666666666,929.6666666666666,,,Fixation
1669787097.9373639,,Eye Tracker,878.0,928.0,Valid,Valid,Fixation
1669787097.9414148,,Mouse,878.0,929.0,,,Fixation
1669787097.9540179,,Eye Tracker,878.0,930.0,Valid,Valid,Fixation
1669787097.961537,,Eye Tracker,876.0,931.0,Valid,Valid,Fixation
1669787097.970674,,Mouse,876.5,930.5,,,Fixation
1669787097.972404,,Eye Tracker,877.0,930.0,Valid,Valid,Fixation
1669787097.987329,,Mouse,877.0,929.6666666666666,,,Fixation
1669787098.003983,,Mouse,877.0,929.3333333333334,,,Fixation
1669787098.020638,,Eye Tracker,877.0,929.0,Valid,Valid,Fixation
1669787098.031385,,Eye Tracker,879.0,924.0,Valid,Valid,Fixation
1669787098.037293,,Mouse,878.0,924.6666666666666,,,Fixation
1669787098.053947,,Mouse,877.0,925.3333333333334,,,Fixation
1669787098.070602,,Eye Tracker,876.0,926.0,Valid,Valid,Fixation
1669787098.087257,,Mouse,873.5,927.5,,,Fixation
1669787098.091395,,Eye Tracker,871.0,929.0,Valid,Valid,Fixation
1669787098.1039119,,Mouse,870.0,928.0,,,Fixation
1669787098.112429,,Eye Tracker,869.0,927.0,Valid,Valid,Fixation
1669787098.120566,,Mouse,870.0,925.0,,,Fixation
1669787098.132386,,Eye Tracker,871.0,923.0,Valid,Valid,Fixation
1669787098.1372209,,Mouse,871.3333333333334,922.6666666666666,,,Fixation
1669787098.143388,,Mouse,871.6666666666666,922.3333333333334,,,Fixation
1669787098.1538758,,Eye Tracker,872.0,922.0,Valid,Valid,Fixation
1669787098.1624,,Eye Tracker,876.0,924.0,Valid,Valid,Fixation
1669787098.1705298,,Mouse,877.0,926.5,,,Fixation
1669787098.183599,,Eye Tracker,878.0,929.0,Valid,Valid,Fixation
1669787098.187185,,Eye Tracker,876.0,930.0,Valid,Valid,Fixation
1669787098.203841,,Eye Tracker,876.0,929.0,Valid,Valid,Fixation
1669787098.220495,,Eye Tracker,876.0,929.0,Valid,Valid,Fixation
1669787098.23715,,Eye Tracker,877.0,928.0,Valid,Valid,Fixation
1669787098.253805,,Eye Tracker,871.0,928.0,Valid,Valid,Fixation
1669787098.270459,,Eye Tracker,869.0,927.0,Valid,Valid,Fixation
1669787098.282461,,Eye Tracker,873.0,923.0,Valid,Valid,Fixation
1669787098.287114,,Eye Tracker,871.0,922.0,Valid,Valid,Fixation
1669787098.302363,,Mouse,870.0,921.5,,,Fixation
1669787098.3037689,,Eye Tracker,869.0,921.0,Valid,Valid,Fixation
1669787098.313413,,Mouse,869.0,922.5,,,Fixation
1669787098.320423,,Eye Tracker,869.0,924.0,Valid,Valid,Fixation
1669787098.3323529,,Eye Tracker,872.0,925.0,Valid,Valid,Fixation
1669787098.3370779,,Mouse,874.0,925.5,,,Fixation
1669787098.3423889,,Eye Tracker,876.0,926.0,Valid,Valid,Fixation
1669787098.3533819,,Eye Tracker,875.0,929.0,Valid,Valid,Fixation
1669787098.3537328,,Eye Tracker,876.0,928.0,Valid,Valid,Fixation
1669787098.370388,,Eye Tracker,875.0,929.0,Valid,Valid,Fixation
1669787098.372438,,Eye Tracker,873.0,929.0,Valid,Valid,Fixation
1669787098.382493,,Eye Tracker,872.0,926.0,Valid,Valid,Fixation
1669787098.387042,,Eye Tracker,872.0,930.0,Valid,Valid,Fixation
1669787098.403697,,Eye Tracker,874.0,931.0,Valid,Valid,Fixation
1669787098.420353,,Eye Tracker,873.0,925.0,Valid,Valid,Fixation
1669787098.437007,,Eye Tracker,875.0,928.0,Valid,Valid,Fixation
1669787098.453662,,Eye Tracker,875.0,930.0,Valid,Valid,Fixation
1669787098.4634,,Eye Tracker,873.0,931.0,Valid,Valid,Fixation
1669787098.470317,,Mouse,873.6666666666666,928.3333333333334,,,Fixation
1669787098.486971,,Mouse,874.3333333333334,925.6666666666666,,,Fixation
1669787098.5036259,,Eye Tracker,875.0,923.0,Valid,Valid,Fixation
1669787098.5202808,,Mouse,874.0,922.0,,,Fixation
1669787098.52439,,Eye Tracker,873.0,921.0,Valid,Valid,Fixation
1669787098.5369349,,Mouse,871.0,925.0,,,Fixation
1669787098.544432,,Eye Tracker,869.0,929.0,Valid,Valid,Fixation
1669787098.5535898,,Mouse,870.0,927.0,,,Fixation
1669787098.570245,,Eye Tracker,871.0,925.0,Valid,Valid,Fixation
1669787098.586899,,Eye Tracker,872.0,926.0,Valid,Valid,Fixation
1669787098.603554,,Mouse,871.5,925.5,,,Fixation
1669787098.620209,,Eye Tracker,871.0,925.0,Valid,Valid,Fixation
1669787098.636864,,Mouse,870.6666666666666,924.0,,,Fixation
1669787098.644397,,Mouse,870.3333333333334,923.0,,,Fixation
1669787098.653519,,Eye Tracker,870.0,922.0,Valid,Valid,Fixation
1669787098.655371,,Eye Tracker,872.0,920.0,Valid,Valid,Fixation
1669787098.670174,,Mouse,873.0,919.0,,,Fixation
1669787098.6743488,,Eye Tracker,874.0,918.0,Valid,Valid,Fixation
1669787098.684393,,Mouse,875.5,920.5,,,Fixation
1669787098.6868289,,Eye Tracker,877.0,923.0,Valid,Valid,Fixation
1669787098.695649,,Mouse,877.5,924.5,,,Fixation
1669787098.7034829,,Eye Tracker,878.0,926.0,Valid,Valid,Fixation
1669787098.714364,,Mouse,877.3333333333334,925.6666666666666,,,Fixation
1669787098.7201378,,Mouse,876.6666666666666,925.3333333333334,,,Fixation
1669787098.724386,,Eye Tracker,876.0,925.0,Valid,Valid,Fixation
1669787098.73539,,Mouse,875.0,924.0,,,Fixation
1669787098.736793,,Eye Tracker,874.0,923.0,Valid,Valid,Fixation
1669787098.753447,,Mouse,874.0,923.0,,,Fixation
1669787098.770102,,Eye Tracker,874.0,923.0,Valid,Valid,Fixation
1669787098.786757,,Eye Tracker,876.0,921.0,Valid,Valid,Fixation
1669787098.803411,,Eye Tracker,876.0,921.0,Valid,Valid,Fixation
1669787098.820066,,Eye Tracker,875.0,923.0,Valid,Valid,Fixation
1669787098.836721,,Eye Tracker,876.0,922.0,Valid,Valid,Fixation
1669787098.853375,,Eye Tracker,880.0,925.0,Valid,Valid,Fixation
1669787098.8653889,,Eye Tracker,883.0,926.0,Valid,Valid,Fixation
1669787098.87003,,Eye Tracker,876.0,923.0,Valid,Valid,Fixation
1669787098.884501,,Eye Tracker,874.0,921.0,Valid,Valid,Fixation
1669787098.8866858,,Eye Tracker,876.0,916.0,Valid,Valid,Fixation
1669787098.903341,,Eye Tracker,877.0,919.0,Valid,Valid,Fixation
1669787098.9199948,,Eye Tracker,875.0,919.0,Valid,Valid,Fixation
1669787098.93665,,Eye Tracker,873.0,921.0,Valid,Valid,Fixation
1669787098.944397,,Eye Tracker,874.0,924.0,Valid,Valid,Fixation
1669787098.953305,,Eye Tracker,875.0,922.0,Valid,Valid,Fixation
1669787098.965354,,Eye Tracker,877.0,922.0,Valid,Valid,Fixation
1669787098.969959,,Eye Tracker,876.0,926.0,Valid,Valid,Fixation
1669787098.975746,,Eye Tracker,874.0,927.0,Valid,Valid,Fixation
1669787098.986614,,Eye Tracker,873.0,926.0,Valid,Valid,Fixation
1669787098.996362,,Eye Tracker,871.0,926.0,Valid,Valid,Fixation
1669787099.003269,,Eye Tracker,874.0,925.0,Valid,Valid,Fixation
1669787099.015511,,Eye Tracker,874.0,919.0,Valid,Valid,Fixation
1669787099.019923,,Eye Tracker,875.0,918.0,Valid,Valid,Fixation
1669787099.036352,,Eye Tracker,875.0,920.0,Valid,Valid,Fixation
1669787099.036578,,Mouse,873.3333333333334,920.0,,,Fixation
1669787099.053233,,Mouse,871.6666666666666,920.0,,,Fixation
1669787099.069887,,Eye Tracker,870.0,920.0,Valid,Valid,Fixation
1669787099.085598,,Eye Tracker,873.0,924.0,Valid,Valid,Fixation
1669787099.086542,,Mouse,872.5,923.5,,,Fixation
1669787099.1031969,,Eye Tracker,872.0,923.0,Valid,Valid,Fixation
1669787099.105331,,Eye Tracker,874.0,925.0,Valid,Valid,Fixation
1669787099.116638,,Eye Tracker,879.0,925.0,Valid,Valid,Fixation
1669787099.1198518,,Eye Tracker,876.0,927.0,Valid,Valid,Fixation
1669787099.136507,,Mouse,876.0,928.0,,,Fixation
1669787099.153162,,Eye Tracker,876.0,929.0,Valid,Valid,Fixation
1669787099.169817,,Eye Tracker,871.0,923.0,Valid,Valid,Fixation
1669787099.186471,,Eye Tracker,869.0,919.0,Valid,Valid,Fixation
1669787099.203126,,Eye Tracker,871.0,916.0,Valid,Valid,Fixation
1669787099.2076519,,Mouse,870.0,918.0,,,Fixation
1669787099.219781,,Eye Tracker,869.0,920.0,Valid,Valid,Fixation
1669787099.226414,,Eye Tracker,868.0,923.0,Valid,Valid,Fixation
1669787099.236435,,Mouse,868.5,923.5,,,Fixation
1669787099.24753,,Eye Tracker,869.0,924.0,Valid,Valid,Fixation
1669787099.25309,,Mouse,868.5,923.0,,,Fixation
1669787099.266578,,Eye Tracker,868.0,922.0,Valid,Valid,Fixation
1669787099.2697449,,Mouse,869.0,922.5,,,Fixation
1669787099.286399,,Eye Tracker,870.0,923.0,Valid,Valid,Fixation
1669787099.287503,,Mouse,869.0,923.5,,,Fixation
1669787099.3030539,,Eye Tracker,868.0,924.0,Valid,Valid,Fixation
1669787099.306531,,Eye Tracker,868.0,924.0,Valid,Valid,Fixation
1669787099.3197088,,Eye Tracker,865.0,925.0,Valid,Valid,Fixation
1669787099.326351,,Mouse,864.3333333333334,924.6666666666666,,,Fixation
1669787099.3363628,,Mouse,863.6666666666666,924.3333333333334,,,Fixation
1669787099.337385,,Eye Tracker,863.0,924.0,Valid,Valid,Fixation
1669787099.353019,,Eye Tracker,871.0,925.0,Valid,Valid,Fixation
1669787099.3563519,,Eye Tracker,870.0,925.0,Valid,Valid,Fixation
1669787099.369674,,Mouse,866.0,925.0,,,Fixation
1669787099.377543,,Eye Tracker,862.0,925.0,Valid,Valid,Fixation
1669787099.386328,,Mouse,862.0,926.0,,,Fixation
1669787099.3963149,,Mouse,862.0,927.0,,,Fixation
1669787099.402983,,Eye Tracker,862.0,928.0,Valid,Valid,Fixation
1669787099.406509,,Mouse,863.0,926.0,,,Fixation
1669787099.417378,,Eye Tracker,864.0,924.0,Valid,Valid,Fixation
1669787099.419638,,Mouse,863.5,924.0,,,Fixation
1669787099.436293,,Eye Tracker,863.0,924.0,Valid,Valid,Fixation
1669787099.436404,,Mouse,863.3333333333334,924.0,,,Fixation
1669787099.452947,,Mouse,863.6666666666666,924.0,,,Fixation
1669787099.4696019,,Eye Tracker,864.0,924.0,Valid,Valid,Fixation
1669787099.4862568,,Eye Tracker,866.0,920.0,Valid,Valid,Fixation
1669787099.5029109,,Eye Tracker,872.0,916.0,Valid,Valid,Fixation
1669787099.5195658,,Eye Tracker,871.0,920.0,Valid,Valid,Fixation
1669787099.536221,,Eye Tracker,865.0,921.0,Valid,Valid,Fixation
1669787099.552875,,Eye Tracker,865.0,916.0,Valid,Valid,Fixation
1669787099.56953,,Eye Tracker,863.0,919.0,Valid,Valid,Fixation
1669787099.586186,,Eye Tracker,865.0,915.0,Valid,Valid,Fixation
1669787099.60284,,Eye Tracker,865.0,922.0,Valid,Valid,Fixation
1669787099.619495,,Eye Tracker,863.0,924.0,Valid,Valid,Fixation
1669787099.63615,,Eye Tracker,866.0,922.0,Valid,Valid,Fixation
1669787099.652804,,Eye Tracker,865.0,920.0,Valid,Valid,Fixation
1669787099.6694589,,Eye Tracker,866.0,920.0,Valid,Valid,Fixation
1669787099.6861138,,Eye Tracker,868.0,925.0,Valid,Valid,Fixation
1669787099.702769,,Eye Tracker,867.0,922.0,Valid,Valid,Fixation
1669787099.719423,,Eye Tracker,866.0,926.0,Valid,Valid,Fixation
1669787099.719527,,Eye Tracker,860.0,922.0,Valid,Valid,Fixation
1669787099.736078,,Eye Tracker,860.0,923.0,Valid,Valid,Fixation
1669787099.752733,,Mouse,860.5,924.5,,,Fixation
1669787099.769387,,Eye Tracker,861.0,926.0,Valid,Valid,Fixation
1669787099.786042,,Mouse,858.5,924.0,,,Fixation
1669787099.79945,,Eye Tracker,856.0,922.0,Valid,Valid,Fixation
1669787099.802697,,Mouse,858.5,920.0,,,Fixation
1669787099.819352,,Eye Tracker,861.0,918.0,Valid,Valid,Fixation
1669787099.8360069,,Mouse,861.5,917.5,,,Fixation
1669787099.8526618,,Eye Tracker,862.0,917.0,Valid,Valid,Fixation
1669787099.86852,,Eye Tracker,858.0,915.0,Valid,Valid,Fixation
1669787099.8693159,,Mouse,860.0,915.5,,,Fixation
1669787099.8859708,,Eye Tracker,862.0,916.0,Valid,Valid,Fixation
1669787099.889346,,Eye Tracker,859.0,919.0,Valid,Valid,Fixation
1669787099.902626,,Mouse,857.0,921.5,,,Fixation
1669787099.91928,,Eye Tracker,855.0,924.0,Valid,Valid,Fixation
1669787099.935935,,Eye Tracker,860.0,923.0,Valid,Valid,Fixation
1669787099.95259,,Mouse,862.0,924.0,,,Fixation
1669787099.9583828,,Eye Tracker,864.0,925.0,Valid,Valid,Fixation
1669787099.969245,,Mouse,860.5,925.0,,,Fixation
1669787099.979419,,Eye Tracker,857.0,925.0,Valid,Valid,Fixation
1669787099.985899,,Mouse,854.5,924.5,,,Fixation
1669787100.002554,,Eye Tracker,852.0,924.0,Valid,Valid,Fixation
1669787100.009392,,Mouse,856.5,924.0,,,Fixation
1669787100.019209,,Eye Tracker,861.0,924.0,Valid,Valid,Fixation
1669787100.020411,,Eye Tracker,865.0,924.0,Valid,Valid,Fixation
1669787100.035863,,Eye Tracker,862.0,922.0,Valid,Valid,Fixation
1669787100.0493898,,Eye Tracker,863.0,921.0,Valid,Valid,Fixation
1669787100.0525188,,Eye Tracker,861.0,921.0,Valid,Valid,Fixation
1669787100.060518,,Eye Tracker,859.0,921.0,Valid,Valid,Fixation
1669787100.069174,,Eye Tracker,859.0,918.0,Valid,Valid,Fixation
1669787100.079386,,Mouse,859.0,918.0,,,Fixation
1669787100.0858278,,Eye Tracker,859.0,918.0,Valid,Valid,Fixation
1669787100.100626,,Mouse,860.0,916.5,,,Fixation
1669787100.102483,,Eye Tracker,861.0,915.0,Valid,Valid,Fixation
1669787100.119138,,Eye Tracker,859.0,916.0,Valid,Valid,Fixation
1669787100.119401,,Mouse,861.5,918.0,,,Fixation
1669787100.129607,,Eye Tracker,864.0,920.0,Valid,Valid,Fixation
1669787100.135792,,Mouse,863.0,919.0,,,Fixation
1669787100.140323,,Mouse,862.0,918.0,,,Fixation
1669787100.150379,,Eye Tracker,861.0,917.0,Valid,Valid,Fixation
1669787100.152447,,Eye Tracker,857.0,923.0,Valid,Valid,Fixation
1669787100.169102,,Eye Tracker,855.0,919.0,Valid,Valid,Fixation
1669787100.1705139,,Mouse,854.5,922.5,,,Fixation
1669787100.185756,,Eye Tracker,854.0,926.0,Valid,Valid,Fixation
1669787100.19169,,Eye Tracker,882.0,934.0,Valid,Valid,Saccade
1669787100.202411,,Eye Tracker,977.0,971.0,Valid,Valid,Saccade
1669787100.219066,,Eye Tracker,1100.0,1036.0,Valid,Valid,Saccade
1669787100.2357209,,Eye Tracker,1199.0,1076.0,Valid,Valid,Saccade
1669787100.252375,,Eye Tracker,1213.0,1081.0,Valid,Valid,Fixation
1669787100.2690299,MouseEvent,,1212.0,1081.0,,,Fixation
1669787100.285686,,Mouse,1211.0,1081.0,,,Fixation
1669787100.30234,,Eye Tracker,1210.0,1081.0,Valid,Valid,Fixation
1669787100.318995,,Eye Tracker,1213.0,1082.0,Valid,Valid,Fixation
1669787100.33565,,Eye Tracker,1219.0,1080.0,Valid,Valid,Fixation
1669787100.352304,,Eye Tracker,1219.0,1078.0,Valid,Valid,Fixation
1669787100.368959,,Eye Tracker,1212.0,1080.0,Valid,Valid,Fixation
1669787100.385614,,Eye Tracker,1210.0,1080.0,Valid,Valid,Fixation
1669787100.40153,,Mouse,1212.0,1080.5,,,Fixation
1669787100.402268,,Eye Tracker,1214.0,1081.0,Valid,Valid,Fixation
1669787100.418923,,Mouse,1216.25,1081.25,,,Fixation
1669787100.42056,MouseEvent,,1218.5,1081.5,,,Fixation
1669787100.4355779,,Mouse,1220.75,1081.75,,,Fixation
1669787100.441474,,Eye Tracker,1223.0,1082.0,Valid,Valid,Fixation
1669787100.452232,,Mouse,1223.5,1083.0,,,Fixation
1669787100.462796,,Eye Tracker,1224.0,1084.0,Valid,Valid,Fixation
1669787100.4688869,,Mouse,1222.5,1082.0,,,Fixation
1669787100.481344,,Eye Tracker,1221.0,1080.0,Valid,Valid,Fixation
1669787100.4855418,,Mouse,1220.5,1079.0,,,Fixation
1669787100.491404,,Eye Tracker,1220.0,1078.0,Valid,Valid,Fixation
1669787100.501407,,Mouse,1218.0,1080.0,,,Fixation
1669787100.502197,,Mouse,1216.0,1082.0,,,Fixation
1669787100.518852,,Eye Tracker,1214.0,1084.0,Valid,Valid,Fixation
1669787100.5213869,,Mouse,1208.0,1085.0,,,Fixation
1669787100.532383,,Eye Tracker,1202.0,1086.0,Valid,Valid,Fixation
1669787100.535507,,Mouse,1196.3333333333333,1084.3333333333333,,,Fixation
1669787100.551548,,Mouse,1190.6666666666667,1082.6666666666667,,,Fixation
1669787100.552162,,Eye Tracker,1185.0,1081.0,Valid,Valid,Fixation
1669787100.568816,,Eye Tracker,1120.0,1056.0,Valid,Valid,Saccade
1669787100.585471,,Mouse,1051.5,1029.0,,,Saccade
1669787100.602126,,Eye Tracker,983.0,1002.0,Valid,Valid,Saccade
1669787100.61878,,Mouse,949.5,986.5,,,Saccade
1669787100.6354349,,Eye Tracker,916.0,971.0,Valid,Valid,Saccade
1669787100.6520898,,Mouse,906.0,967.0,,,Saccade
1669787100.6687438,,Mouse,896.0,963.0,,,Saccade
1669787100.685399,,Eye Tracker,886.0,959.0,Valid,Valid,Saccade
1669787100.702054,,Eye Tracker,890.0,954.0,Valid,Valid,Fixation
1669787100.718708,,Mouse,891.0,954.5,,,Fixation
1669787100.735364,,Eye Tracker,892.0,955.0,Valid,Valid,Fixation
1669787100.752019,,Eye Tracker,881.0,955.0,Valid,Valid,Fixation
1669787100.768674,,Eye Tracker,878.0,960.0,Valid,Valid,Fixation
1669787100.772527,,Mouse,880.0,959.0,,,Fixation
1669787100.785328,,Eye Tracker,882.0,958.0,Valid,Valid,Fixation
1669787100.8019829,,Mouse,882.5,956.5,,,Fixation
1669787100.802383,,Eye Tracker,883.0,955.0,Valid,Valid,Fixation
1669787100.8186378,,Mouse,885.0,957.5,,,Fixation
1669787100.8352919,,Eye Tracker,887.0,960.0,Valid,Valid,Fixation
1669787100.8519468,,Mouse,888.0,962.0,,,Fixation
1669787100.8626919,,Mouse,889.0,964.0,,,Fixation
1669787100.868602,,Eye Tracker,890.0,966.0,Valid,Valid,Fixation
1669787100.8733618,,Mouse,889.5,964.5,,,Fixation
1669787100.885256,,Eye Tracker,889.0,963.0,Valid,Valid,Fixation
1669787100.8925579,,Mouse,890.0,955.5,,,Fixation
1669787100.901911,,Eye Tracker,891.0,948.0,Valid,Valid,Fixation
1669787100.9133449,,Mouse,890.5,947.5,,,Fixation
1669787100.918566,,Eye Tracker,890.0,947.0,Valid,Valid,Fixation
1669787100.932373,,Mouse,889.5,952.0,,,Fixation
1669787100.93522,,Eye Tracker,889.0,957.0,Valid,Valid,Fixation
1669787100.951875,,Mouse,888.0,959.5,,,Fixation
1669787100.953413,,Eye Tracker,887.0,962.0,Valid,Valid,Fixation
1669787100.968531,,Mouse,883.5,955.5,,,Fixation
1669787100.972375,,Eye Tracker,880.0,949.0,Valid,Valid,Fixation
1669787100.982468,,Eye Tracker,870.0,936.0,Valid,Valid,Fixation
1669787100.985185,,Eye Tracker,876.0,937.0,Valid,Valid,Fixation
1669787100.993392,,Mouse,878.0,938.0,,,Fixation
1669787101.0018399,,Eye Tracker,880.0,939.0,Valid,Valid,Fixation
1669787101.0035548,,Eye Tracker,879.0,936.0,Valid,Valid,Fixation
1669787101.0184948,,Eye Tracker,880.0,936.0,Valid,Valid,Fixation
1669787101.02336,,Eye Tracker,874.0,936.0,Valid,Valid,Fixation
1669787101.033375,,Eye Tracker,872.0,937.0,Valid,Valid,Fixation
1669787101.03515,,Eye Tracker,873.0,933.0,Valid,Valid,Fixation
1669787101.044352,,Eye Tracker,877.0,931.0,Valid,Valid,Fixation
1669787101.0518038,,Eye Tracker,880.0,939.0,Valid,Valid,Fixation
1669787101.063329,,Eye Tracker,877.0,937.0,Valid,Valid,Fixation
1669787101.068459,,Eye Tracker,872.0,936.0,Valid,Valid,Fixation
1669787101.073345,,Eye Tracker,869.0,935.0,Valid,Valid,Fixation
1669787101.085114,,Eye Tracker,874.0,929.0,Valid,Valid,Fixation
1669787101.101768,,Eye Tracker,882.0,938.0,Valid,Valid,Fixation
1669787101.118423,,Eye Tracker,884.0,938.0,Valid,Valid,Fixation
1669787101.135078,,Eye Tracker,886.0,936.0,Valid,Valid,Fixation
1669787101.151732,,Eye Tracker,882.0,940.0,Valid,Valid,Fixation
1669787101.168387,,Eye Tracker,877.0,930.0,Valid,Valid,Fixation
1669787101.185042,,Eye Tracker,877.0,932.0,Valid,Valid,Fixation
1669787101.2016969,,Eye Tracker,871.0,933.0,Valid,Valid,Fixation
1669787101.2183518,,Eye Tracker,875.0,940.0,Valid,Valid,Fixation
1669787101.235007,,Eye Tracker,875.0,943.0,Valid,Valid,Fixation
1669787101.2516608,,Eye Tracker,877.0,940.0,Valid,Valid,Fixation
1669787101.268317,MouseEvent,,877.6666666666666,938.6666666666666,,,Fixation
1669787101.284972,,Mouse,878.3333333333334,937.3333333333334,,,Fixation
1669787101.301627,,Eye Tracker,879.0,936.0,Valid,Valid,Fixation
1669787101.314648,,Eye Tracker,878.0,929.0,Valid,Valid,Fixation
1669787101.318281,,Eye Tracker,879.0,931.0,Valid,Valid,Fixation
1669787101.334936,,Eye Tracker,878.0,932.0,Valid,Valid,Fixation
1669787101.335446,,Eye Tracker,877.0,934.0,Valid,Valid,Fixation
1669787101.3515909,,Eye Tracker,874.0,932.0,Valid,Valid,Fixation
1669787101.3544018,,Eye Tracker,873.0,931.0,Valid,Valid,Fixation
1669787101.368245,,Eye Tracker,873.0,938.0,Valid,Valid,Fixation
1669787101.375339,,Eye Tracker,873.0,942.0,Valid,Valid,Fixation
1669787101.3848999,,Eye Tracker,873.0,933.0,Valid,Valid,Fixation
1669787101.385516,,Eye Tracker,877.0,932.0,Valid,Valid,Fixation
1669787101.4015548,,Eye Tracker,878.0,934.0,Valid,Valid,Fixation
1669787101.414403,,Eye Tracker,876.0,936.0,Valid,Valid,Fixation
1669787101.4182088,,Eye Tracker,876.0,935.0,Valid,Valid,Fixation
1669787101.425396,,Mouse,876.0,934.0,,,Fixation
1669787101.434865,,Eye Tracker,876.0,933.0,Valid,Valid,Fixation
1669787101.444658,,Mouse,878.0,935.0,,,Fixation
1669787101.45152,,Eye Tracker,880.0,937.0,Valid,Valid,Fixation
1669787101.4653199,,Mouse,880.0,933.5,,,Fixation
1669787101.468174,,Eye Tracker,880.0,930.0,Valid,Valid,Fixation
1669787101.484588,,Mouse,880.0,928.6666666666666,,,Fixation
1669787101.484829,,Mouse,880.0,927.3333333333334,,,Fixation
1669787101.501484,,Eye Tracker,880.0,926.0,Valid,Valid,Fixation
1669787101.505377,,Mouse,881.0,927.0,,,Fixation
1669787101.515941,,Eye Tracker,882.0,928.0,Valid,Valid,Fixation
1669787101.518138,,Mouse,880.0,925.0,,,Fixation
1669787101.534793,,Eye Tracker,878.0,922.0,Valid,Valid,Fixation
1669787101.546577,,Mouse,879.5,923.5,,,Fixation
1669787101.5514479,,Eye Tracker,881.0,925.0,Valid,Valid,Fixation
1669787101.5681028,,Mouse,882.5,925.0,,,Fixation
1669787101.5847569,,Eye Tracker,884.0,925.0,Valid,Valid,Fixation
1669787101.601412,,Eye Tracker,876.0,919.0,Valid,Valid,Fixation
1669787101.618067,,Mouse,875.0,921.0,,,Fixation
1669787101.634721,,Eye Tracker,874.0,923.0,Valid,Valid,Fixation
1669787101.645475,,Eye Tracker,878.0,923.0,Valid,Valid,Fixation
1669787101.651377,,Eye Tracker,875.0,924.0,Valid,Valid,Fixation
1669787101.668032,,Mouse,875.5,927.0,,,Fixation
1669787101.684686,,Eye Tracker,876.0,930.0,Valid,Valid,Fixation
1669787101.6864429,,Eye Tracker,879.0,928.0,Valid,Valid,Fixation
1669787101.7013419,,Mouse,878.0,927.0,,,Fixation
1669787101.7179968,,Eye Tracker,877.0,926.0,Valid,Valid,Fixation
1669787101.72739,,Mouse,876.5,927.5,,,Fixation
1669787101.7346509,,Eye Tracker,876.0,929.0,Valid,Valid,Fixation
1669787101.751306,,Eye Tracker,879.0,931.0,Valid,Valid,Fixation
1669787101.7565758,,Mouse,880.5,930.0,,,Fixation
1669787101.767423,,Eye Tracker,882.0,929.0,Valid,Valid,Fixation
1669787101.767961,,Mouse,880.5,930.0,,,Fixation
1669787101.784615,,Eye Tracker,879.0,931.0,Valid,Valid,Fixation
1669787101.786445,,Mouse,879.5,932.5,,,Fixation
1669787101.7965539,,Eye Tracker,880.0,934.0,Valid,Valid,Fixation
1669787101.80127,,Mouse,878.6666666666666,931.6666666666666,,,Fixation
1669787101.807345,,Mouse,877.3333333333334,929.3333333333334,,,Fixation
1669787101.817925,,Eye Tracker,876.0,927.0,Valid,Valid,Fixation
1669787101.826387,,Mouse,873.0,926.0,,,Fixation
1669787101.83458,,Eye Tracker,870.0,925.0,Valid,Valid,Fixation
1669787101.847636,,Mouse,873.5,928.0,,,Fixation
1669787101.851234,,Eye Tracker,877.0,931.0,Valid,Valid,Fixation
1669787101.866374,,Eye Tracker,883.0,928.0,Valid,Valid,Fixation
1669787101.867889,,Mouse,881.5,927.5,,,Fixation
1669787101.876375,,Eye Tracker,880.0,927.0,Valid,Valid,Fixation
1669787101.884544,,Eye Tracker,875.0,929.0,Valid,Valid,Fixation
1669787101.8875558,,Mouse,875.5,929.5,,,Fixation
1669787101.9011989,,Eye Tracker,876.0,930.0,Valid,Valid,Fixation
1669787101.9064329,,Eye Tracker,878.0,925.0,Valid,Valid,Fixation
1669787101.9178538,,Eye Tracker,874.0,924.0,Valid,Valid,Fixation
1669787101.9263868,,Eye Tracker,870.0,932.0,Valid,Valid,Fixation
1669787101.934509,MouseEvent,,872.0,933.6666666666666,,,Fixation
1669787101.937352,,Mouse,874.0,935.3333333333334,,,Fixation
1669787101.951163,,Eye Tracker,876.0,937.0,Valid,Valid,Fixation
1669787101.9563758,,Eye Tracker,882.0,928.0,Valid,Valid,Fixation
1669787101.9663758,,Eye Tracker,880.0,929.0,Valid,Valid,Fixation
1669787101.967818,,Eye Tracker,878.0,934.0,Valid,Valid,Fixation
1669787101.9774969,,Eye Tracker,876.0,928.0,Valid,Valid,Fixation
1669787101.984473,,Eye Tracker,878.0,932.0,Valid,Valid,Fixation
1669787102.001127,,Eye Tracker,878.0,933.0,Valid,Valid,Fixation
1669787102.017782,,Eye Tracker,875.0,937.0,Valid,Valid,Fixation
1669787102.034437,,Eye Tracker,876.0,934.0,Valid,Valid,Fixation
1669787102.051091,,Eye Tracker,873.0,929.0,Valid,Valid,Fixation
1669787102.0677469,,Eye Tracker,868.0,929.0,Valid,Valid,Fixation
1669787102.0844018,,Eye Tracker,868.0,934.0,Valid,Valid,Fixation
1669787102.101057,,Eye Tracker,870.0,933.0,Valid,Valid,Fixation
1669787102.1084828,,Eye Tracker,873.0,926.0,Valid,Valid,Fixation
1669787102.1177108,,Eye Tracker,878.0,929.0,Valid,Valid,Fixation
1669787102.127372,,Eye Tracker,876.0,934.0,Valid,Valid,Fixation
1669787102.134367,,Eye Tracker,873.0,933.0,Valid,Valid,Fixation
1669787102.137526,,Mouse,872.0,930.5,,,Fixation
1669787102.151022,,Eye Tracker,871.0,928.0,Valid,Valid,Fixation
1669787102.157388,,Mouse,871.5,927.5,,,Fixation
1669787102.167676,,Eye Tracker,872.0,927.0,Valid,Valid,Fixation
1669787102.184331,,Mouse,872.5,930.0,,,Fixation
1669787102.19839,,Eye Tracker,873.0,933.0,Valid,Valid,Fixation
1669787102.200986,,Mouse,872.5,935.5,,,Fixation
1669787102.21764,,Eye Tracker,872.0,938.0,Valid,Valid,Fixation
1669787102.218562,,Mouse,871.5,935.5,,,Fixation
1669787102.2293909,,Eye Tracker,871.0,933.0,Valid,Valid,Fixation
1669787102.234295,,Mouse,869.5,931.0,,,Fixation
1669787102.2485049,,Eye Tracker,868.0,929.0,Valid,Valid,Fixation
1669787102.2509499,,Mouse,867.5,931.5,,,Fixation
1669787102.2676039,,Eye Tracker,867.0,934.0,Valid,Valid,Fixation
1669787102.2684019,,Mouse,867.5,934.5,,,Fixation
1669787102.279518,,Eye Tracker,868.0,935.0,Valid,Valid,Fixation
1669787102.2842588,,Mouse,870.5,933.0,,,Fixation
1669787102.2983758,,Eye Tracker,873.0,931.0,Valid,Valid,Fixation
1669787102.300914,,Mouse,874.6666666666666,931.6666666666666,,,Fixation
1669787102.308764,,Mouse,876.3333333333334,932.3333333333334,,,Fixation
1669787102.3175678,,Eye Tracker,878.0,933.0,Valid,Valid,Fixation
1669787102.319373,,Mouse,877.5,935.5,,,Fixation
1669787102.334223,,Eye Tracker,877.0,938.0,Valid,Valid,Fixation
1669787102.338325,,Mouse,876.0,934.5,,,Fixation
1669787102.348357,,Eye Tracker,875.0,931.0,Valid,Valid,Fixation
1669787102.350879,,Eye Tracker,875.0,926.0,Valid,Valid,Fixation
1669787102.35934,,Mouse,874.0,930.0,,,Fixation
1669787102.367534,,Eye Tracker,873.0,934.0,Valid,Valid,Fixation
1669787102.378504,,Mouse,875.0,935.5,,,Fixation
1669787102.384188,,Eye Tracker,877.0,937.0,Valid,Valid,Fixation
1669787102.399355,,Mouse,886.0,942.0,,,Fixation
1669787102.400843,,Eye Tracker,895.0,947.0,Valid,Valid,Saccade
1669787102.409505,,Eye Tracker,897.0,961.0,Valid,Valid,Fixation
1669787102.4174979,,Mouse,895.6666666666666,962.0,,,Fixation
1669787102.428385,,Mouse,894.3333333333334,963.0,,,Fixation
1669787102.434152,,Eye Tracker,893.0,964.0,Valid,Valid,Fixation
1669787102.438407,,Eye Tracker,897.0,961.0,Valid,Valid,Fixation
1669787102.4508069,,Mouse,894.0,960.0,,,Fixation
1669787102.4583569,,Eye Tracker,891.0,959.0,Valid,Valid,Fixation
1669787102.4674618,,Eye Tracker,891.0,959.0,Valid,Valid,Fixation
1669787102.478613,,Eye Tracker,892.0,958.0,Valid,Valid,Fixation
1669787102.484117,,Eye Tracker,894.0,958.0,Valid,Valid,Fixation
1669787102.489347,,Mouse,894.0,958.0,,,Fixation
1669787102.500772,,Eye Tracker,894.0,958.0,Valid,Valid,Fixation
1669787102.5083408,,Eye Tracker,896.0,958.0,Valid,Valid,Fixation
1669787102.517427,,Eye Tracker,897.0,957.0,Valid,Valid,Fixation
1669787102.518378,,Eye Tracker,896.0,959.0,Valid,Valid,Fixation
1669787102.529331,,Eye Tracker,898.0,962.0,Valid,Valid,Fixation
1669787102.534081,,Eye Tracker,897.0,961.0,Valid,Valid,Fixation
1669787102.54947,,Eye Tracker,899.0,959.0,Valid,Valid,Fixation
1669787102.550736,,Eye Tracker,891.0,967.0,Valid,Valid,Fixation
1669787102.567391,,Eye Tracker,886.0,962.0,Valid,Valid,Fixation
1669787102.570432,,Eye Tracker,884.0,968.0,Valid,Valid,Fixation
1669787102.580555,,Eye Tracker,886.0,976.0,Valid,Valid,Fixation
1669787102.584045,,Eye Tracker,885.0,971.0,Valid,Valid,Fixation
1669787102.5993729,,Mouse,885.5,969.0,,,Fixation
1669787102.6007009,,Eye Tracker,886.0,967.0,Valid,Valid,Fixation
1669787102.609415,,Mouse,887.0,966.5,,,Fixation
1669787102.6173558,,Eye Tracker,888.0,966.0,Valid,Valid,Fixation
1669787102.620328,,Mouse,883.5,966.5,,,Fixation
1669787102.634011,,Eye Tracker,879.0,967.0,Valid,Valid,Fixation
1669787102.639507,,Eye Tracker,879.0,963.0,Valid,Valid,Fixation
1669787102.649545,,Eye Tracker,882.0,963.0,Valid,Valid,Fixation
1669787102.650665,,Eye Tracker,880.0,966.0,Valid,Valid,Fixation
1669787102.660397,,Mouse,880.0,967.5,,,Fixation
1669787102.66732,,Eye Tracker,880.0,969.0,Valid,Valid,Fixation
1669787102.679338,,Eye Tracker,881.0,967.0,Valid,Valid,Fixation
1669787102.683975,,Eye Tracker,883.0,959.0,Valid,Valid,Fixation
1669787102.7003899,,Eye Tracker,882.0,962.0,Valid,Valid,Fixation
1669787102.700629,,Eye Tracker,882.0,963.0,Valid,Valid,Fixation
1669787102.717284,,Eye Tracker,883.0,966.0,Valid,Valid,Fixation
1669787102.720365,,Mouse,884.5,967.0,,,Fixation
1669787102.733939,,Eye Tracker,886.0,968.0,Valid,Valid,Fixation
1669787102.741457,,Eye Tracker,884.0,965.0,Valid,Valid,Fixation
1669787102.750593,,Eye Tracker,884.0,970.0,Valid,Valid,Fixation
1669787102.7603738,,Mouse,883.5,969.5,,,Fixation
1669787102.767248,,Eye Tracker,883.0,969.0,Valid,Valid,Fixation
1669787102.770532,,Eye Tracker,877.0,964.0,Valid,Valid,Fixation
1669787102.7839038,,Mouse,878.0,965.0,,,Fixation
1669787102.791362,,Eye Tracker,879.0,966.0,Valid,Valid,Fixation
1669787102.8005579,,Mouse,882.5,968.0,,,Fixation
1669787102.8103209,,Eye Tracker,886.0,970.0,Valid,Valid,Fixation
1669787102.8172128,,Mouse,886.0,969.0,,,Fixation
1669787102.831302,,Eye Tracker,886.0,968.0,Valid,Valid,Fixation
1669787102.833868,,Eye Tracker,889.0,968.0,Valid,Valid,Fixation
1669787102.850522,,Eye Tracker,890.0,969.0,Valid,Valid,Fixation
1669787102.8505878,,Mouse,892.5,966.5,,,Fixation
1669787102.867177,,Eye Tracker,895.0,964.0,Valid,Valid,Fixation
1669787102.8713639,,Eye Tracker,929.0,946.0,Valid,Valid,Saccade
1669787102.883832,,Mouse,936.5,945.5,,,Fixation
1669787102.890333,,Eye Tracker,944.0,945.0,Valid,Valid,Fixation
1669787102.900488,,Mouse,946.0,941.5,,,Fixation
1669787102.90055,,Eye Tracker,948.0,938.0,Valid,Valid,Fixation
1669787102.911594,,Eye Tracker,957.0,938.0,Valid,Valid,Fixation
1669787102.917142,,Mouse,957.0,940.5,,,Fixation
1669787102.9303548,,Eye Tracker,957.0,943.0,Valid,Valid,Fixation
1669787102.933797,,Mouse,954.0,940.0,,,Fixation
1669787102.940518,,Eye Tracker,951.0,937.0,Valid,Valid,Fixation
1669787102.9504519,,Mouse,952.0,937.0,,,Fixation
1669787102.9615219,,Eye Tracker,953.0,937.0,Valid,Valid,Fixation
1669787102.9671059,,Mouse,953.0,941.5,,,Fixation
1669787102.980376,,Eye Tracker,953.0,946.0,Valid,Valid,Fixation
1669787102.9837608,,Mouse,950.5,946.5,,,Fixation
1669787103.000416,,Eye Tracker,948.0,947.0,Valid,Valid,Fixation
1669787103.001358,,Mouse,943.5,944.0,,,Fixation
1669787103.01707,,Eye Tracker,939.0,941.0,Valid,Valid,Fixation
1669787103.020293,,Eye Tracker,911.0,941.0,Valid,Valid,Saccade
1669787103.03051,,Mouse,907.3333333333334,940.0,,,Saccade
1669787103.033725,,Mouse,903.6666666666666,939.0,,,Fixation
1669787103.041292,,Eye Tracker,900.0,938.0,Valid,Valid,Fixation
1669787103.050381,,Mouse,898.0,941.0,,,Fixation
1669787103.061352,,Eye Tracker,896.0,944.0,Valid,Valid,Fixation
1669787103.067035,,Eye Tracker,894.0,940.0,Valid,Valid,Fixation
1669787103.071522,,Mouse,895.0,939.3333333333334,,,Fixation
1669787103.0823119,,Mouse,896.0,938.6666666666666,,,Fixation
1669787103.08369,,Eye Tracker,897.0,938.0,Valid,Valid,Fixation
1669787103.0924718,,Eye Tracker,894.0,939.0,Valid,Valid,Fixation
1669787103.100345,,Eye Tracker,891.0,938.0,Valid,Valid,Fixation
1669787103.111346,,Eye Tracker,894.0,940.0,Valid,Valid,Fixation
1669787103.116999,,Eye Tracker,896.0,942.0,Valid,Valid,Fixation
1669787103.121371,,Eye Tracker,896.0,935.0,Valid,Valid,Fixation
1669787103.132382,,Eye Tracker,896.0,935.0,Valid,Valid,Fixation
1669787103.1336539,,Eye Tracker,893.0,936.0,Valid,Valid,Fixation
1669787103.1503088,,Eye Tracker,893.0,933.0,Valid,Valid,Fixation
1669787103.1513438,,Eye Tracker,891.0,931.0,Valid,Valid,Fixation
1669787103.16138,,Eye Tracker,895.0,928.0,Valid,Valid,Fixation
1669787103.166964,,Eye Tracker,895.0,935.0,Valid,Valid,Fixation
1669787103.1726599,,Mouse,895.0,934.0,,,Fixation
1669787103.1836178,,Eye Tracker,895.0,933.0,Valid,Valid,Fixation
1669787103.1913629,,Mouse,898.5,931.0,,,Fixation
1669787103.200273,,Eye Tracker,902.0,929.0,Valid,Valid,Fixation
1669787103.2123508,,Mouse,900.5,927.0,,,Fixation
1669787103.216929,,Eye Tracker,899.0,925.0,Valid,Valid,Fixation
1669787103.2223818,,Eye Tracker,889.0,926.0,Valid,Valid,Fixation
1669787103.233583,,Mouse,890.0,929.0,,,Fixation
1669787103.2423198,,Eye Tracker,891.0,932.0,Valid,Valid,Fixation
1669787103.250238,,Eye Tracker,898.0,934.0,Valid,Valid,Fixation
1669787103.2533488,,Eye Tracker,897.0,931.0,Valid,Valid,Fixation
1669787103.263356,,Eye Tracker,891.0,927.0,Valid,Valid,Fixation
1669787103.266893,,Eye Tracker,895.0,928.0,Valid,Valid,Fixation
1669787103.282388,,Mouse,895.5,928.0,,,Fixation
1669787103.283547,,Eye Tracker,896.0,928.0,Valid,Valid,Fixation
1669787103.2933838,,Eye Tracker,897.0,923.0,Valid,Valid,Fixation
1669787103.300202,,Mouse,897.5,924.5,,,Fixation
1669787103.303603,,Eye Tracker,898.0,926.0,Valid,Valid,Fixation
1669787103.316858,,Mouse,897.0,929.3333333333334,,,Fixation
1669787103.32235,,Mouse,896.0,932.6666666666666,,,Fixation
1669787103.3323898,,Eye Tracker,895.0,936.0,Valid,Valid,Fixation
1669787103.3335118,,Mouse,895.5,933.5,,,Fixation
1669787103.343366,,Eye Tracker,896.0,931.0,Valid,Valid,Fixation
1669787103.350167,,Mouse,894.0,927.0,,,Fixation
1669787103.3624508,,Eye Tracker,892.0,923.0,Valid,Valid,Fixation
1669787103.366822,,Mouse,892.0,924.3333333333334,,,Fixation
1669787103.372452,,Mouse,892.0,925.6666666666666,,,Fixation
1669787103.383339,,Eye Tracker,892.0,927.0,Valid,Valid,Fixation
1669787103.383476,,Mouse,893.5,926.5,,,Fixation
1669787103.400131,,Eye Tracker,895.0,926.0,Valid,Valid,Fixation
1669787103.402416,,Mouse,896.5,925.0,,,Fixation
1669787103.412574,,Eye Tracker,898.0,924.0,Valid,Valid,Fixation
1669787103.416786,,Mouse,898.3333333333334,924.3333333333334,,,Fixation
1669787103.4333038,,Mouse,898.6666666666666,924.6666666666666,,,Fixation
1669787103.433441,,Eye Tracker,899.0,925.0,Valid,Valid,Fixation
1669787103.450095,,Mouse,898.0,924.0,,,Fixation
1669787103.452394,,Eye Tracker,897.0,923.0,Valid,Valid,Fixation
1669787103.46675,,Mouse,899.5,925.0,,,Fixation
1669787103.473384,,Eye Tracker,902.0,927.0,Valid,Valid,Fixation
1669787103.4834049,,Mouse,903.0,927.0,,,Fixation
1669787103.492513,,Mouse,904.0,927.0,,,Fixation
1669787103.500059,,Eye Tracker,905.0,927.0,Valid,Valid,Fixation
1669787103.5025449,,Mouse,904.0,923.5,,,Fixation
1669787103.513299,,Eye Tracker,903.0,920.0,Valid,Valid,Fixation
1669787103.516715,,Mouse,902.5,920.5,,,Fixation
1669787103.5323958,,Eye Tracker,902.0,921.0,Valid,Valid,Fixation
1669787103.53337,,Mouse,900.5,923.0,,,Fixation
1669787103.550024,,Eye Tracker,899.0,925.0,Valid,Valid,Fixation
1669787103.553603,,Mouse,899.3333333333334,926.6666666666666,,,Fixation
1669787103.566679,,Mouse,899.6666666666666,928.3333333333334,,,Fixation
1669787103.573359,,Eye Tracker,900.0,930.0,Valid,Valid,Fixation
1669787103.583334,,Mouse,910.5,931.0,,,Fixation
1669787103.583366,,Eye Tracker,921.0,932.0,Valid,Valid,Fixation
1669787103.594382,,Mouse,929.0,937.0,,,Fixation
1669787103.599988,,Eye Tracker,937.0,942.0,Valid,Valid,Fixation
1669787103.604385,,Mouse,940.5,944.5,,,Fixation
1669787103.616643,,Eye Tracker,944.0,947.0,Valid,Valid,Fixation
1669787103.6233819,,Mouse,944.0,948.0,,,Fixation
1669787103.633298,,Eye Tracker,944.0,949.0,Valid,Valid,Fixation
1669787103.634325,,Mouse,944.0,948.6666666666666,,,Fixation
1669787103.6443648,,Mouse,944.0,948.3333333333334,,,Fixation
1669787103.649953,,Eye Tracker,944.0,948.0,Valid,Valid,Fixation
1669787103.663384,,Mouse,944.5,947.0,,,Fixation
1669787103.6666079,,Eye Tracker,945.0,946.0,Valid,Valid,Fixation
1669787103.6832628,,Mouse,943.5,947.5,,,Fixation
1669787103.684368,,Eye Tracker,942.0,949.0,Valid,Valid,Fixation
1669787103.699918,,Mouse,940.6666666666666,947.3333333333334,,,Fixation
1669787103.7036269,,Mouse,939.3333333333334,945.6666666666666,,,Fixation
1669787103.716572,,Eye Tracker,938.0,944.0,Valid,Valid,Fixation
1669787103.7243478,,Eye Tracker,940.0,948.0,Valid,Valid,Fixation
1669787103.733227,,Mouse,946.0,955.5,,,Fixation
1669787103.734417,,Eye Tracker,952.0,963.0,Valid,Valid,Fixation
1669787103.749883,,Mouse,951.0,963.0,,,Fixation
1669787103.7543979,,Eye Tracker,950.0,963.0,Valid,Valid,Fixation
1669787103.765424,,Eye Tracker,946.0,955.0,Valid,Valid,Fixation
1669787103.766537,,Eye Tracker,944.0,958.0,Valid,Valid,Fixation
1669787103.783192,,Eye Tracker,943.0,956.0,Valid,Valid,Fixation
1669787103.784365,,Eye Tracker,942.0,957.0,Valid,Valid,Fixation
1669787103.794405,,Eye Tracker,939.0,959.0,Valid,Valid,Fixation
1669787103.794888,,Eye Tracker,940.0,957.0,Valid,Valid,Fixation
1669787103.794888,,Eye Tracker,943.0,961.0,Valid,Valid,Fixation
1669787103.799847,,Eye Tracker,942.0,963.0,Valid,Valid,Fixation
1669787103.805383,,Eye Tracker,942.0,964.0,Valid,Valid,Fixation
1669787103.815532,,Eye Tracker,945.0,962.0,Valid,Valid,Fixation
1669787103.816501,,Mouse,945.0,963.0,,,Fixation
1669787103.8331559,,Eye Tracker,945.0,964.0,Valid,Valid,Fixation
1669787103.8343298,,Eye Tracker,946.0,964.0,Valid,Valid,Fixation
1669787103.844368,,Eye Tracker,952.0,964.0,Valid,Valid,Fixation
1669787103.8498108,,Eye Tracker,951.0,965.0,Valid,Valid,Fixation
1669787103.85535,,Mouse,951.0,964.0,,,Fixation
1669787103.8664649,,Eye Tracker,951.0,963.0,Valid,Valid,Fixation
1669787103.874378,,Mouse,950.0,963.0,,,Fixation
1669787103.8831198,,Eye Tracker,949.0,963.0,Valid,Valid,Fixation
1669787103.884474,,Mouse,946.5,962.0,,,Fixation
1669787103.895372,,Eye Tracker,944.0,961.0,Valid,Valid,Fixation
1669787103.899776,,Mouse,944.5,959.5,,,Fixation
1669787103.91643,,Eye Tracker,945.0,958.0,Valid,Valid,Fixation
1669787103.933085,,Eye Tracker,944.0,963.0,Valid,Valid,Fixation
1669787103.94974,,Mouse,945.0,965.5,,,Fixation
1669787103.966395,,Eye Tracker,946.0,968.0,Valid,Valid,Fixation
1669787103.983049,,Mouse,948.0,965.0,,,Fixation
1669787103.999704,,Eye Tracker,950.0,962.0,Valid,Valid,Fixation
1669787104.0163589,,Mouse,950.0,957.0,,,Fixation
1669787104.0330129,,Eye Tracker,950.0,952.0,Valid,Valid,Fixation
1669787104.0496678,,Mouse,948.5,957.5,,,Fixation
1669787104.066323,,Eye Tracker,947.0,963.0,Valid,Valid,Fixation
1669787104.082978,,Mouse,947.5,966.5,,,Fixation
1669787104.099633,,Eye Tracker,948.0,970.0,Valid,Valid,Fixation
1669787104.116288,,Mouse,949.5,968.0,,,Fixation
1669787104.132942,,Eye Tracker,951.0,966.0,Valid,Valid,Fixation
1669787104.149597,,Mouse,950.0,965.0,,,Fixation
1669787104.166252,,Mouse,949.0,964.0,,,Fixation
1669787104.182906,,Eye Tracker,948.0,963.0,Valid,Valid,Fixation
1669787104.1995609,,Mouse,946.0,966.0,,,Fixation
1669787104.216217,,Eye Tracker,944.0,969.0,Valid,Valid,Fixation
1669787104.232872,,Mouse,946.0,969.5,,,Fixation
1669787104.249526,,Eye Tracker,948.0,970.0,Valid,Valid,Fixation
1669787104.266181,,Mouse,948.5,968.5,,,Fixation
1669787104.282836,,Eye Tracker,949.0,967.0,Valid,Valid,Fixation
1669787104.299491,,Mouse,949.5,965.5,,,Fixation
1669787104.316146,,Eye Tracker,950.0,964.0,Valid,Valid,Fixation
1669787104.3328009,,Mouse,950.5,961.0,,,Fixation
1669787104.3494549,,Eye Tracker,951.0,958.0,Valid,Valid,Fixation
1669787104.3661098,,Mouse,951.0,957.0,,,Fixation
1669787104.382765,,Eye Tracker,951.0,956.0,Valid,Valid,Fixation
1669787104.3994188,,Eye Tracker,953.0,957.0,Valid,Valid,Fixation
1669787104.416074,,Mouse,953.0,952.0,,,Fixation
1669787104.4266388,,Mouse,953.0,947.0,,,Fixation
1669787104.4266388,,Eye Tracker,953.0,942.0,Valid,Valid,Fixation
1669787104.432729,,Eye Tracker,955.0,925.0,Valid,Valid,Fixation
1669787104.449383,,Eye Tracker,955.0,921.0,Valid,Valid,Fixation
1669787104.466038,,Eye Tracker,961.0,917.0,Valid,Valid,Fixation
1669787104.482693,,Eye Tracker,963.0,922.0,Valid,Valid,Fixation
1669787104.499348,,Mouse,961.0,922.5,,,Fixation
1669787104.516003,MouseEvent,,959.0,923.0,,,Fixation
1669787104.5326579,,Mouse,957.0,923.5,,,Fixation
1669787104.5493128,,Eye Tracker,955.0,924.0,Valid,Valid,Fixation
1669787104.5659668,,Eye Tracker,954.0,923.0,Valid,Valid,Fixation
1669787104.582622,,Eye Tracker,962.0,924.0,Valid,Valid,Fixation
1669787104.599277,,Mouse,964.0,925.5,,,Fixation
1669787104.615931,,Eye Tracker,966.0,927.0,Valid,Valid,Fixation
1669787104.632586,,Eye Tracker,962.0,920.0,Valid,Valid,Fixation
1669787104.649241,,Eye Tracker,961.0,917.0,Valid,Valid,Fixation
1669787104.665896,,Eye Tracker,960.0,923.0,Valid,Valid,Fixation
1669787104.682551,,Eye Tracker,957.0,919.0,Valid,Valid,Fixation
1669787104.6992059,,Eye Tracker,961.0,918.0,Valid,Valid,Fixation
1669787104.71586,,Eye Tracker,961.0,923.0,Valid,Valid,Fixation
1669787104.732516,,Eye Tracker,959.0,924.0,Valid,Valid,Fixation
1669787104.749171,,Eye Tracker,959.0,922.0,Valid,Valid,Fixation
1669787104.765826,,Eye Tracker,957.0,920.0,Valid,Valid,Fixation
1669787104.78248,,Eye Tracker,953.0,916.0,Valid,Valid,Fixation
1669787104.799135,,Eye Tracker,956.0,924.0,Valid,Valid,Fixation
1669787104.81579,,Eye Tracker,958.0,926.0,Valid,Valid,Fixation
1669787104.832444,,Eye Tracker,958.0,926.0,Valid,Valid,Fixation
1669787104.849099,,Eye Tracker,959.0,926.0,Valid,Valid,Fixation
1669787104.865754,,Eye Tracker,958.0,920.0,Valid,Valid,Fixation
1669787104.882408,,Eye Tracker,959.0,918.0,Valid,Valid,Fixation
1669787104.8885179,,Eye Tracker,957.0,919.0,Valid,Valid,Fixation
1669787104.8885179,,Eye Tracker,955.0,918.0,Valid,Valid,Fixation
1669787104.8990629,,Eye Tracker,958.0,912.0,Valid,Valid,Fixation
1669787104.9157178,,Eye Tracker,956.0,910.0,Valid,Valid,Fixation
1669787104.9323719,,Eye Tracker,959.0,915.0,Valid,Valid,Fixation
1669787104.949028,,Eye Tracker,958.0,915.0,Valid,Valid,Fixation
1669787104.965683,,Eye Tracker,953.0,921.0,Valid,Valid,Fixation
1669787104.969337,,Eye Tracker,958.0,921.0,Valid,Valid,Fixation
1669787104.982337,,Eye Tracker,961.0,926.0,Valid,Valid,Fixation
1669787104.988518,,Eye Tracker,958.0,933.0,Valid,Valid,Fixation
1669787104.998992,,Eye Tracker,964.0,929.0,Valid,Valid,Fixation
1669787105.015647,,Eye Tracker,960.0,931.0,Valid,Valid,Fixation
1669787105.018501,,Eye Tracker,959.0,923.0,Valid,Valid,Fixation
1669787105.032302,,Eye Tracker,961.0,921.0,Valid,Valid,Fixation
1669787105.0489569,,Eye Tracker,954.0,922.0,Valid,Valid,Fixation
1669787105.0656118,,Eye Tracker,957.0,930.0,Valid,Valid,Fixation
1669787105.0786169,,Eye Tracker,950.0,1013.0,Valid,Valid,Saccade
1669787105.082267,,Eye Tracker,939.0,1107.0,Valid,Valid,Saccade
1669787105.089419,,Eye Tracker,935.6470588235294,1110.7058823529412,Invalid,Invalid,EyesNotFound
1669787105.0989208,,Eye Tracker,932.2941176470588,1114.4117647058824,Invalid,Invalid,EyesNotFound
1669787105.115576,,Eye Tracker,928.9411764705883,1118.1176470588234,Invalid,Invalid,EyesNotFound
1669787105.11941,,Eye Tracker,925.5882352941177,1121.8235294117646,Invalid,Invalid,EyesNotFound
1669787105.130375,,Eye Tracker,922.2352941176471,1125.5294117647059,Invalid,Invalid,EyesNotFound
1669787105.132231,,Eye Tracker,918.8823529411765,1129.235294117647,Invalid,Invalid,EyesNotFound
1669787105.148885,,Eye Tracker,915.5294117647059,1132.9411764705883,Invalid,Invalid,EyesNotFound
1669787105.165541,,Eye Tracker,912.1764705882352,1136.6470588235295,Invalid,Invalid,EyesNotFound
1669787105.1803489,,Eye Tracker,908.8235294117648,1140.3529411764705,Invalid,Invalid,EyesNotFound
1669787105.1808329,,Eye Tracker,905.4705882352941,1144.0588235294117,Invalid,Invalid,EyesNotFound
1669787105.1808329,,Eye Tracker,902.1176470588235,1147.764705882353,Invalid,Invalid,EyesNotFound
1669787105.182196,MouseEvent,,898.7647058823529,1151.4705882352941,,,EyesNotFound
1669787105.19885,,Mouse,895.4117647058823,1155.1764705882354,,,EyesNotFound
1669787105.215505,,Eye Tracker,892.0588235294117,1158.8823529411766,Invalid,Invalid,EyesNotFound
1669787105.2321599,,Eye Tracker,888.7058823529412,1162.5882352941176,Invalid,Invalid,EyesNotFound
1669787105.2488139,,Eye Tracker,885.3529411764706,1166.2941176470588,Invalid,Invalid,EyesNotFound
1669787105.260511,,Eye Tracker,882.0,1170.0,Valid,Invalid,Unclassified
1669787105.2654688,,Eye Tracker,900.0,1164.0,Valid,Invalid,Unclassified
1669787105.282124,,Eye Tracker,950.0,1091.0,Valid,Valid,Saccade
1669787105.290384,,Eye Tracker,966.0,1073.0,Valid,Valid,Saccade
1669787105.298779,,Eye Tracker,980.0,994.0,Valid,Valid,Saccade
1669787105.3013248,,Eye Tracker,977.0,976.0,Valid,Valid,Unclassified
1669787105.311506,MouseEvent,,975.6666666666666,980.6666666666666,,,Unclassified
1669787105.315433,,Mouse,974.3333333333334,985.3333333333334,,,Unclassified
1669787105.3303359,,Eye Tracker,973.0,990.0,Valid,Valid,Unclassified
1669787105.332088,,Eye Tracker,974.0,980.0,Valid,Valid,Unclassified
1669787105.341363,,Eye Tracker,985.0,951.0,Valid,Valid,Saccade
1669787105.348743,,Eye Tracker,992.0,939.0,Valid,Valid,Fixation
1669787105.365397,,Eye Tracker,978.0,947.0,Valid,Valid,Fixation
1669787105.3703818,,Eye Tracker,975.0,941.0,Valid,Valid,Fixation
1669787105.3815649,,Eye Tracker,975.0,944.0,Valid,Valid,Fixation
1669787105.382053,,Eye Tracker,979.0,942.0,Valid,Valid,Fixation
1669787105.3987079,,Eye Tracker,984.0,937.0,Valid,Valid,Fixation
1669787105.410346,,Mouse,983.0,934.5,,,Fixation
1669787105.415362,,Eye Tracker,982.0,932.0,Valid,Valid,Fixation
1669787105.432018,,Mouse,980.0,932.0,,,Fixation
1669787105.440618,,Eye Tracker,978.0,932.0,Valid,Valid,Fixation
1669787105.448673,,Mouse,977.75,931.25,,,Fixation
1669787105.465327,MouseEvent,,977.5,930.5,,,Fixation
1669787105.4715269,,Mouse,977.25,929.75,,,Fixation
1669787105.481982,,Eye Tracker,977.0,929.0,Valid,Valid,Fixation
1669787105.498637,,Mouse,976.5,928.0,,,Fixation
1669787105.500349,,Eye Tracker,976.0,927.0,Valid,Valid,Fixation
1669787105.511673,,Mouse,975.5,927.5,,,Fixation
1669787105.515291,,Eye Tracker,975.0,928.0,Valid,Valid,Fixation
1669787105.5303578,,Mouse,975.5,927.5,,,Fixation
1669787105.531946,,Eye Tracker,976.0,927.0,Valid,Valid,Fixation
1669787105.5403628,,Mouse,975.5,926.5,,,Fixation
1669787105.548601,,Eye Tracker,975.0,926.0,Valid,Valid,Fixation
1669787105.551491,,Mouse,974.0,923.0,,,Fixation
1669787105.5614998,,Eye Tracker,973.0,920.0,Valid,Valid,Fixation
1669787105.5652559,,Eye Tracker,972.0,919.0,Valid,Valid,Fixation
1669787105.580327,,Eye Tracker,974.0,915.0,Valid,Valid,Fixation
1669787105.58191,,Eye Tracker,974.0,907.0,Valid,Valid,Fixation
1669787105.5985649,,Mouse,967.5,923.0,,,Fixation
1669787105.60165,,Eye Tracker,961.0,939.0,Valid,Valid,Fixation
1669787105.615221,,Eye Tracker,963.0,941.0,Valid,Valid,Fixation
1669787105.631875,,Mouse,962.5,943.0,,,Fixation
1669787105.6423059,,Eye Tracker,962.0,945.0,Valid,Valid,Fixation
1669787105.64853,,Mouse,961.6666666666666,946.0,,,Fixation
1669787105.652358,,Mouse,961.3333333333334,947.0,,,Fixation
1669787105.665185,,Eye Tracker,961.0,948.0,Valid,Valid,Fixation
1669787105.6713789,,Mouse,961.5,948.5,,,Fixation
1669787105.681839,,Eye Tracker,962.0,949.0,Valid,Valid,Fixation
1669787105.682365,,Mouse,963.5,946.0,,,Fixation
1669787105.698494,,Eye Tracker,965.0,943.0,Valid,Valid,Fixation
1669787105.701571,,Mouse,965.5,939.5,,,Fixation
1669787105.715149,,Eye Tracker,966.0,936.0,Valid,Valid,Fixation
1669787105.722339,,Mouse,965.0,935.0,,,Fixation
1669787105.731803,,Eye Tracker,964.0,934.0,Valid,Valid,Fixation
1669787105.748458,,Mouse,964.3333333333334,933.0,,,Fixation
1669787105.7651129,,Mouse,964.6666666666666,932.0,,,Fixation
1669787105.781767,,Eye Tracker,965.0,931.0,Valid,Valid,Fixation
1669787105.7984219,,Mouse,966.0,930.3333333333334,,,Fixation
1669787105.815078,,Mouse,967.0,929.6666666666666,,,Fixation
1669787105.831734,,Eye Tracker,968.0,929.0,Valid,Valid,Fixation
1669787105.848388,,Eye Tracker,965.0,925.0,Valid,Valid,Fixation
1669787105.863415,,Eye Tracker,962.0,927.0,Valid,Valid,Fixation
1669787105.865043,,Mouse,965.0,930.5,,,Fixation
1669787105.881698,,Eye Tracker,968.0,934.0,Valid,Valid,Fixation
1669787105.882562,,Eye Tracker,967.0,933.0,Valid,Valid,Fixation
1669787105.893383,,Eye Tracker,964.0,929.0,Valid,Valid,Fixation
1669787105.898352,,Eye Tracker,963.0,929.0,Valid,Valid,Fixation
1669787105.903293,,Eye Tracker,958.0,928.0,Valid,Valid,Fixation
1669787105.91291,,Eye Tracker,958.0,929.0,Valid,Valid,Fixation
1669787105.91291,,Eye Tracker,960.0,933.0,Valid,Valid,Fixation
1669787105.9134018,,Eye Tracker,961.0,931.0,Valid,Valid,Fixation
1669787105.9150069,,Eye Tracker,965.0,922.0,Valid,Valid,Fixation
1669787105.9316618,,Eye Tracker,964.0,921.0,Valid,Valid,Fixation
1669787105.933621,MouseEvent,,964.6666666666666,923.0,,,Fixation
1669787105.9483159,,Mouse,965.3333333333334,925.0,,,Fixation
1669787105.952357,,Eye Tracker,966.0,927.0,Valid,Valid,Fixation
1669787105.9649708,,Eye Tracker,964.0,931.0,Valid,Valid,Fixation
1669787105.981626,,Eye Tracker,963.0,937.0,Valid,Valid,Fixation
1669787105.99828,,Eye Tracker,960.0,933.0,Valid,Valid,Fixation
1669787106.014935,,Eye Tracker,960.0,925.0,Valid,Valid,Fixation
1669787106.03159,,Eye Tracker,963.0,924.0,Valid,Valid,Fixation
1669787106.048245,,Eye Tracker,958.0,925.0,Valid,Valid,Fixation
1669787106.0649,,Eye Tracker,951.0,928.0,Valid,Valid,Fixation
1669787106.081555,,Eye Tracker,959.0,926.0,Valid,Valid,Fixation
1669787106.0982099,,Eye Tracker,961.0,924.0,Valid,Valid,Fixation
1669787106.1148639,,Eye Tracker,950.0,926.0,Valid,Valid,Fixation
1669787106.1315188,,Eye Tracker,948.0,929.0,Valid,Valid,Fixation
1669787106.148174,,Eye Tracker,956.0,927.0,Valid,Valid,Fixation
1669787106.154615,,Eye Tracker,957.0,930.0,Valid,Valid,Fixation
1669787106.1648278,,Mouse,956.0,931.5,,,Fixation
1669787106.181483,,Eye Tracker,955.0,933.0,Valid,Valid,Fixation
1669787106.184006,,Mouse,953.5,933.5,,,Fixation
1669787106.1943989,,Eye Tracker,952.0,934.0,Valid,Valid,Fixation
1669787106.198138,,Mouse,952.5,934.0,,,Fixation
1669787106.204506,,Eye Tracker,953.0,934.0,Valid,Valid,Fixation
1669787106.214792,,Mouse,954.0,932.5,,,Fixation
1669787106.223357,,Eye Tracker,955.0,931.0,Valid,Valid,Fixation
1669787106.231447,,Mouse,953.5,933.0,,,Fixation
1669787106.2343729,,Eye Tracker,952.0,935.0,Valid,Valid,Fixation
1669787106.244423,,Mouse,953.0,935.0,,,Fixation
1669787106.248102,,Eye Tracker,954.0,935.0,Valid,Valid,Fixation
1669787106.263392,,Mouse,955.0,932.0,,,Fixation
1669787106.264757,,Eye Tracker,956.0,929.0,Valid,Valid,Fixation
1669787106.2744,,Eye Tracker,953.0,930.0,Valid,Valid,Fixation
1669787106.281412,,Eye Tracker,957.0,933.0,Valid,Valid,Fixation
1669787106.2844079,,Mouse,956.5,933.5,,,Fixation
1669787106.2980669,,Eye Tracker,956.0,934.0,Valid,Valid,Fixation
1669787106.304432,,Mouse,950.5,931.5,,,Fixation
1669787106.3147209,,Eye Tracker,945.0,929.0,Valid,Valid,Fixation
1669787106.3254669,,Mouse,945.3333333333334,929.0,,,Fixation
1669787106.3313758,,Mouse,945.6666666666666,929.0,,,Fixation
1669787106.344331,,Eye Tracker,946.0,929.0,Valid,Valid,Fixation
1669787106.348031,,Mouse,948.5,925.5,,,Fixation
1669787106.364686,,Eye Tracker,951.0,922.0,Valid,Valid,Fixation
1669787106.38134,,Mouse,953.0,921.5,,,Fixation
1669787106.397995,,Eye Tracker,955.0,921.0,Valid,Valid,Fixation
1669787106.41465,,Mouse,956.0,926.5,,,Fixation
1669787106.431304,,Eye Tracker,957.0,932.0,Valid,Valid,Fixation
1669787106.447959,,Eye Tracker,952.0,929.0,Valid,Valid,Fixation
1669787106.464614,,Eye Tracker,947.0,925.0,Valid,Valid,Fixation
1669787106.481269,,Eye Tracker,949.0,929.0,Valid,Valid,Fixation
1669787106.4979239,,Mouse,948.5,934.0,,,Fixation
1669787106.514579,,Eye Tracker,948.0,939.0,Valid,Valid,Fixation
1669787106.5312328,,Eye Tracker,950.0,935.0,Valid,Valid,Fixation
1669787106.547888,,Eye Tracker,952.0,927.0,Valid,Valid,Fixation
1669787106.56439,,Mouse,952.0,927.5,,,Fixation
1669787106.564543,,Eye Tracker,952.0,928.0,Valid,Valid,Fixation
1669787106.5754879,,Eye Tracker,956.0,935.0,Valid,Valid,Fixation
1669787106.581197,,Eye Tracker,955.0,938.0,Valid,Valid,Fixation
1669787106.585543,,Eye Tracker,955.0,930.0,Valid,Valid,Fixation
1669787106.597852,,Eye Tracker,952.0,931.0,Valid,Valid,Fixation
1669787106.614507,,Eye Tracker,954.0,937.0,Valid,Valid,Fixation
1669787106.62548,,Eye Tracker,958.0,932.0,Valid,Valid,Fixation
1669787106.631162,,Eye Tracker,954.0,929.0,Valid,Valid,Fixation
1669787106.647816,,Eye Tracker,957.0,931.0,Valid,Valid,Fixation
1669787106.664471,,Eye Tracker,961.0,933.0,Valid,Valid,Fixation
1669787106.6811259,,Eye Tracker,961.0,932.0,Valid,Valid,Fixation
1669787106.6977808,,Mouse,958.5,930.5,,,Fixation
1669787106.7055728,,Eye Tracker,956.0,929.0,Valid,Valid,Fixation
1669787106.7055728,,Eye Tracker,955.0,930.0,Valid,Valid,Fixation
1669787106.714436,,Eye Tracker,960.0,936.0,Valid,Valid,Fixation
1669787106.731091,,Mouse,958.0,934.5,,,Fixation
1669787106.747745,,Eye Tracker,956.0,933.0,Valid,Valid,Fixation
1669787106.7644,,Mouse,955.5,932.5,,,Fixation
1669787106.781055,,Eye Tracker,955.0,932.0,Valid,Valid,Fixation
1669787106.797709,,Mouse,957.5,931.0,,,Fixation
1669787106.814364,,Eye Tracker,960.0,930.0,Valid,Valid,Fixation
1669787106.827345,,Eye Tracker,954.0,930.0,Valid,Valid,Fixation
1669787106.831019,,Mouse,952.0,931.0,,,Fixation
1669787106.847347,,Eye Tracker,950.0,932.0,Valid,Valid,Fixation
1669787106.847673,,Eye Tracker,956.0,930.0,Valid,Valid,Fixation
1669787106.864328,,Eye Tracker,956.0,930.0,Valid,Valid,Fixation
1669787106.866477,,Mouse,957.5,934.0,,,Fixation
1669787106.8809829,,Eye Tracker,959.0,938.0,Valid,Valid,Fixation
1669787106.8976378,,Mouse,962.0,940.0,,,Fixation
1669787106.914293,,Eye Tracker,965.0,942.0,Valid,Valid,Fixation
1669787106.930948,,Eye Tracker,967.0,939.0,Valid,Valid,Fixation
1669787106.947603,,Mouse,964.0,938.0,,,Fixation
1669787106.964257,,Mouse,961.0,937.0,,,Fixation
1669787106.967506,,Eye Tracker,958.0,936.0,Valid,Valid,Fixation
1669787106.980912,,Eye Tracker,953.0,934.0,Valid,Valid,Fixation
1669787106.98643,,Mouse,955.0,934.5,,,Fixation
1669787106.997526,,Eye Tracker,957.0,935.0,Valid,Valid,Fixation
1669787106.997567,,Eye Tracker,957.0,932.0,Valid,Valid,Fixation
1669787107.014221,,Mouse,956.5,931.5,,,Fixation
1669787107.0173619,,Eye Tracker,956.0,931.0,Valid,Valid,Fixation
1669787107.030876,,Eye Tracker,955.0,934.0,Valid,Valid,Fixation
1669787107.037586,,Eye Tracker,956.0,935.0,Valid,Valid,Fixation
1669787107.047531,,Eye Tracker,958.0,936.0,Valid,Valid,Fixation
1669787107.064185,,Eye Tracker,957.0,937.0,Valid,Valid,Fixation
1669787107.066369,MouseEvent,,956.6666666666666,937.3333333333334,,,Fixation
1669787107.0808399,,Mouse,956.3333333333334,937.6666666666666,,,Fixation
1669787107.087334,,Eye Tracker,956.0,938.0,Valid,Valid,Fixation
1669787107.0973508,,Eye Tracker,955.0,938.0,Valid,Valid,Fixation
1669787107.0974948,,Eye Tracker,960.0,935.0,Valid,Valid,Fixation
1669787107.1141489,,Mouse,962.5,934.5,,,Fixation
1669787107.1165838,,Eye Tracker,965.0,934.0,Valid,Valid,Fixation
1669787107.1274939,,Eye Tracker,959.0,937.0,Valid,Valid,Fixation
1669787107.130805,,Eye Tracker,958.0,936.0,Valid,Valid,Fixation
1669787107.14746,,Eye Tracker,955.0,930.0,Valid,Valid,Fixation
1669787107.164115,,Eye Tracker,954.0,930.0,Valid,Valid,Fixation
1669787107.180769,,Eye Tracker,958.0,934.0,Valid,Valid,Fixation
1669787107.197424,,Eye Tracker,960.0,933.0,Valid,Valid,Fixation
1669787107.214079,,Eye Tracker,963.0,933.0,Valid,Valid,Fixation
1669787107.218318,,Mouse,960.5,933.5,,,Fixation
1669787107.230733,,Eye Tracker,958.0,934.0,Valid,Valid,Fixation
1669787107.247388,,Mouse,957.5,931.0,,,Fixation
1669787107.247449,,Eye Tracker,957.0,928.0,Valid,Valid,Fixation
1669787107.2583768,,Mouse,958.0,929.6666666666666,,,Fixation
1669787107.2640429,,Mouse,959.0,931.3333333333334,,,Fixation
1669787107.2806969,,Eye Tracker,960.0,933.0,Valid,Valid,Fixation
1669787107.2873418,,Eye Tracker,959.0,928.0,Valid,Valid,Fixation
1669787107.2973518,,Mouse,957.5,925.0,,,Fixation
1669787107.314007,,Eye Tracker,956.0,922.0,Valid,Valid,Fixation
1669787107.3183749,,Mouse,955.0,924.6666666666666,,,Fixation
1669787107.3306608,,Mouse,954.0,927.3333333333334,,,Fixation
1669787107.347317,,Eye Tracker,953.0,930.0,Valid,Valid,Fixation
1669787107.3493938,,Eye Tracker,953.0,934.0,Valid,Valid,Fixation
1669787107.363972,,Mouse,953.0,930.5,,,Fixation
1669787107.3683589,,Eye Tracker,953.0,927.0,Valid,Valid,Fixation
1669787107.379353,,Mouse,952.5,928.0,,,Fixation
1669787107.380626,,Eye Tracker,952.0,929.0,Valid,Valid,Fixation
1669787107.3895268,,Mouse,953.0,931.5,,,Fixation
1669787107.397281,,Eye Tracker,954.0,934.0,Valid,Valid,Fixation
1669787107.408283,,Mouse,955.0,934.6666666666666,,,Fixation
1669787107.413936,,Mouse,956.0,935.3333333333334,,,Fixation
1669787107.41935,,Eye Tracker,957.0,936.0,Valid,Valid,Fixation
1669787107.4305909,,Mouse,955.5,934.5,,,Fixation
1669787107.439355,,Eye Tracker,954.0,933.0,Valid,Valid,Fixation
1669787107.447245,,Mouse,954.0,932.0,,,Fixation
1669787107.458374,,Eye Tracker,954.0,931.0,Valid,Valid,Fixation
1669787107.4638999,,Mouse,953.5,931.5,,,Fixation
1669787107.469351,,Eye Tracker,953.0,932.0,Valid,Valid,Fixation
1669787107.479354,,Mouse,956.6666666666666,932.6666666666666,,,Fixation
1669787107.480555,,Mouse,960.3333333333334,933.3333333333334,,,Fixation
1669787107.4972088,,Eye Tracker,964.0,934.0,Valid,Valid,Fixation
1669787107.498379,,Mouse,977.0,942.5,,,Saccade
1669787107.509315,,Eye Tracker,990.0,951.0,Valid,Valid,Saccade
1669787107.513864,,Mouse,998.0,956.0,,,Fixation
1669787107.5194468,,Eye Tracker,1006.0,961.0,Valid,Valid,Fixation
1669787107.529495,,Eye Tracker,1004.0,959.0,Valid,Valid,Fixation
1669787107.530519,,Mouse,1006.0,961.5,,,Fixation
1669787107.547173,,Eye Tracker,1008.0,964.0,Valid,Valid,Fixation
1669787107.563829,,Eye Tracker,1007.0,969.0,Valid,Valid,Fixation
1669787107.580484,,Mouse,1008.5,966.5,,,Fixation
1669787107.597138,,Eye Tracker,1010.0,964.0,Valid,Valid,Fixation
1669787107.613793,,Mouse,1010.5,960.5,,,Fixation
1669787107.61828,,Eye Tracker,1011.0,957.0,Valid,Valid,Fixation
1669787107.6304479,,Mouse,1008.5,959.5,,,Fixation
1669787107.6392999,,Eye Tracker,1006.0,962.0,Valid,Valid,Fixation
1669787107.6471019,,Eye Tracker,1008.0,969.0,Valid,Valid,Fixation
1669787107.649368,,Eye Tracker,1010.0,971.0,Valid,Valid,Fixation
1669787107.659376,,Eye Tracker,1008.0,968.0,Valid,Valid,Fixation
1669787107.6637568,,Eye Tracker,1011.0,970.0,Valid,Valid,Fixation
1669787107.680368,,Eye Tracker,1000.0,970.0,Valid,Valid,Fixation
1669787107.680412,,Mouse,991.5,970.0,,,Fixation
1669787107.697067,,Eye Tracker,983.0,970.0,Valid,Valid,Fixation
1669787107.700368,,Eye Tracker,984.0,967.0,Valid,Valid,Fixation
1669787107.713721,,Mouse,984.6666666666666,967.0,,,Fixation
1669787107.730376,,Mouse,985.3333333333334,967.0,,,Fixation
1669787107.747031,,Eye Tracker,986.0,967.0,Valid,Valid,Fixation
1669787107.7604558,,Eye Tracker,984.0,967.0,Valid,Valid,Fixation
1669787107.763685,,Mouse,984.0,966.5,,,Fixation
1669787107.780341,,Eye Tracker,984.0,966.0,Valid,Valid,Fixation
1669787107.780437,,Mouse,983.5,966.5,,,Fixation
1669787107.7969959,,Eye Tracker,983.0,967.0,Valid,Valid,Fixation
1669787107.799352,,Mouse,984.5,967.0,,,Fixation
1669787107.810358,,Eye Tracker,986.0,967.0,Valid,Valid,Fixation
1669787107.81365,,Mouse,987.5,967.5,,,Fixation
1669787107.820615,,Eye Tracker,989.0,968.0,Valid,Valid,Fixation
1669787107.8303049,,Mouse,990.0,967.3333333333334,,,Fixation
1669787107.840363,,Mouse,991.0,966.6666666666666,,,Fixation
1669787107.8469598,,Eye Tracker,992.0,966.0,Valid,Valid,Fixation
1669787107.8515,,Mouse,993.0,966.5,,,Fixation
1669787107.8636138,,Eye Tracker,994.0,967.0,Valid,Valid,Fixation
1669787107.880269,,Eye Tracker,994.0,967.0,Valid,Valid,Fixation
1669787107.896924,,Mouse,994.5,964.0,,,Fixation
1669787107.913578,,Eye Tracker,995.0,961.0,Valid,Valid,Fixation
1669787107.92033,,Mouse,994.0,961.0,,,Fixation
1669787107.930233,,Eye Tracker,993.0,961.0,Valid,Valid,Fixation
1669787107.931344,,Mouse,992.5,963.0,,,Fixation
1669787107.946888,,Eye Tracker,992.0,965.0,Valid,Valid,Fixation
1669787107.951418,,Mouse,992.0,967.5,,,Fixation
1669787107.963543,,Eye Tracker,992.0,970.0,Valid,Valid,Fixation
1669787107.980197,,Mouse,991.6666666666666,970.0,,,Fixation
1669787107.991358,,Mouse,991.3333333333334,970.0,,,Fixation
1669787107.9968529,,Eye Tracker,991.0,970.0,Valid,Valid,Fixation
1669787108.0135078,,Eye Tracker,986.0,957.0,Valid,Valid,Fixation
1669787108.0301619,,Mouse,985.0,945.5,,,Fixation
1669787108.0412989,,Eye Tracker,984.0,934.0,Valid,Valid,Saccade
1669787108.0468168,,Mouse,987.0,926.5,,,Fixation
1669787108.061357,,Eye Tracker,990.0,919.0,Valid,Valid,Fixation
1669787108.063472,,Eye Tracker,988.0,915.0,Valid,Valid,Fixation
1669787108.071374,,Eye Tracker,990.0,915.0,Valid,Valid,Fixation
1669787108.080126,,Mouse,991.0,918.0,,,Fixation
1669787108.081492,,Eye Tracker,992.0,921.0,Valid,Valid,Fixation
1669787108.096781,,Eye Tracker,988.0,919.0,Valid,Valid,Fixation
1669787108.101352,,Mouse,988.5,919.5,,,Fixation
1669787108.111523,,Eye Tracker,989.0,920.0,Valid,Valid,Fixation
1669787108.113436,,Mouse,990.5,921.0,,,Fixation
1669787108.13009,,Eye Tracker,992.0,922.0,Valid,Valid,Fixation
1669787108.1403248,,Mouse,993.5,922.5,,,Fixation
1669787108.146745,,Eye Tracker,995.0,923.0,Valid,Valid,Fixation
1669787108.1513329,,Mouse,994.5,920.0,,,Fixation
1669787108.1613579,,Eye Tracker,994.0,917.0,Valid,Valid,Fixation
1669787108.1634,,Mouse,993.5,917.5,,,Fixation
1669787108.171382,,Eye Tracker,993.0,918.0,Valid,Valid,Fixation
1669787108.180054,,Eye Tracker,994.0,919.0,Valid,Valid,Fixation
1669787108.1815119,,Mouse,993.5,919.5,,,Fixation
1669787108.192554,,Eye Tracker,993.0,920.0,Valid,Valid,Fixation
1669787108.196709,,Eye Tracker,993.0,917.0,Valid,Valid,Fixation
1669787108.2123508,,Eye Tracker,993.0,920.0,Valid,Valid,Fixation
1669787108.2133648,,Mouse,993.5,921.0,,,Fixation
1669787108.23002,,Eye Tracker,994.0,922.0,Valid,Valid,Fixation
1669787108.2323499,,Eye Tracker,995.0,919.0,Valid,Valid,Fixation
1669787108.242375,,Mouse,994.6666666666666,919.6666666666666,,,Fixation
1669787108.2466738,,Mouse,994.3333333333334,920.3333333333334,,,Fixation
1669787108.2524328,,Eye Tracker,994.0,921.0,Valid,Valid,Fixation
1669787108.263329,,Mouse,996.5,920.5,,,Fixation
1669787108.2723238,,Eye Tracker,999.0,920.0,Valid,Valid,Fixation
1669787108.279984,,Eye Tracker,999.0,922.0,Valid,Valid,Fixation
1669787108.282367,,Eye Tracker,998.0,917.0,Valid,Valid,Fixation
1669787108.296638,,Eye Tracker,999.0,914.0,Valid,Valid,Fixation
1669787108.301364,,Eye Tracker,991.0,909.0,Valid,Valid,Fixation
1669787108.312523,,Eye Tracker,988.0,910.0,Valid,Valid,Fixation
1669787108.313293,,Mouse,990.0,913.0,,,Fixation
1669787108.329948,,Eye Tracker,992.0,916.0,Valid,Valid,Fixation
1669787108.3323069,,Mouse,992.0,916.0,,,Fixation
1669787108.342368,,Eye Tracker,992.0,916.0,Valid,Valid,Fixation
1669787108.346602,,Mouse,990.5,917.0,,,Fixation
1669787108.352391,,Eye Tracker,989.0,918.0,Valid,Valid,Fixation
1669787108.363257,,Mouse,988.5,917.0,,,Fixation
1669787108.373288,,Eye Tracker,988.0,916.0,Valid,Valid,Fixation
1669787108.379912,,Eye Tracker,991.0,914.0,Valid,Valid,Fixation
1669787108.383319,,Mouse,990.0,913.0,,,Fixation
1669787108.396566,,Eye Tracker,989.0,912.0,Valid,Valid,Fixation
1669787108.402349,,Mouse,989.5,910.5,,,Fixation
1669787108.413221,,Eye Tracker,990.0,909.0,Valid,Valid,Fixation
1669787108.413346,,Mouse,990.5,910.0,,,Fixation
1669787108.423353,,Eye Tracker,991.0,911.0,Valid,Valid,Fixation
1669787108.429877,,Mouse,990.0,913.5,,,Fixation
1669787108.4423199,,Eye Tracker,989.0,916.0,Valid,Valid,Fixation
1669787108.446531,,Mouse,994.3333333333334,914.0,,,Fixation
1669787108.4535499,,Mouse,999.6666666666666,912.0,,,Fixation
1669787108.463186,,Eye Tracker,1005.0,910.0,Valid,Valid,Fixation
1669787108.472297,,Mouse,1019.0,908.0,,,Fixation
1669787108.479841,,Eye Tracker,1033.0,906.0,Valid,Valid,Saccade
1669787108.482317,,Mouse,1036.5,907.0,,,Saccade
1669787108.493352,,Eye Tracker,1040.0,908.0,Valid,Valid,Fixation
1669787108.496496,,Mouse,1039.0,908.3333333333334,,,Fixation
1669787108.503366,,Mouse,1038.0,908.6666666666666,,,Fixation
1669787108.51315,,Eye Tracker,1037.0,909.0,Valid,Valid,Fixation
1669787108.5223129,,Mouse,1039.5,908.5,,,Fixation
1669787108.529805,,Eye Tracker,1042.0,908.0,Valid,Valid,Fixation
1669787108.5325298,,Mouse,1044.0,906.5,,,Fixation
1669787108.543372,,Eye Tracker,1046.0,905.0,Valid,Valid,Fixation
1669787108.54646,,Mouse,1044.5,904.5,,,Fixation
1669787108.562373,,Eye Tracker,1043.0,904.0,Valid,Valid,Fixation
1669787108.563114,,Mouse,1042.0,903.0,,,Fixation
1669787108.579769,,Eye Tracker,1041.0,902.0,Valid,Valid,Fixation
1669787108.5964239,,Mouse,1040.5,896.5,,,Fixation
1669787108.602284,,Eye Tracker,1040.0,891.0,Valid,Valid,Fixation
1669787108.6130779,,Mouse,1037.5,894.5,,,Fixation
1669787108.6236398,,Eye Tracker,1035.0,898.0,Valid,Valid,Fixation
1669787108.6297328,,Eye Tracker,1044.0,905.0,Valid,Valid,Fixation
1669787108.642418,,Mouse,1044.0,907.5,,,Fixation
1669787108.646389,,Eye Tracker,1044.0,910.0,Valid,Valid,Fixation
1669787108.652468,,Mouse,1041.0,907.6666666666666,,,Fixation
1669787108.663043,,Mouse,1038.0,905.3333333333334,,,Fixation
1669787108.6633189,,Eye Tracker,1035.0,903.0,Valid,Valid,Fixation
1669787108.673517,,Eye Tracker,1016.0,897.0,Valid,Valid,Fixation
1669787108.679698,,Mouse,1012.0,897.5,,,Fixation
1669787108.6933699,,Eye Tracker,1008.0,898.0,Valid,Valid,Fixation
1669787108.696353,,Mouse,1008.0,895.5,,,Fixation
1669787108.703374,,Eye Tracker,1008.0,893.0,Valid,Valid,Fixation
1669787108.713007,,Mouse,1007.5,892.5,,,Fixation
1669787108.714434,,Eye Tracker,1007.0,892.0,Valid,Valid,Fixation
1669787108.729662,,Mouse,1007.5,890.0,,,Fixation
1669787108.746317,,Eye Tracker,1008.0,888.0,Valid,Valid,Fixation
1669787108.7629719,,Mouse,1008.0,887.0,,,Fixation
1669787108.779626,,Eye Tracker,1008.0,886.0,Valid,Valid,Fixation
1669787108.7962809,,Mouse,1006.0,890.0,,,Fixation
1669787108.8129358,,Eye Tracker,1004.0,894.0,Valid,Valid,Fixation
1669787108.813597,,Mouse,1004.0,897.0,,,Fixation
1669787108.8295898,,Eye Tracker,1004.0,900.0,Valid,Valid,Fixation
1669787108.8343499,,Mouse,1004.0,901.5,,,Fixation
1669787108.8444629,,Eye Tracker,1004.0,903.0,Valid,Valid,Fixation
1669787108.846245,,Mouse,1002.5,898.5,,,Fixation
1669787108.862901,,Eye Tracker,1001.0,894.0,Valid,Valid,Fixation
1669787108.864373,,Mouse,1001.5,891.0,,,Fixation
1669787108.8753738,,Eye Tracker,1002.0,888.0,Valid,Valid,Fixation
1669787108.879555,,Mouse,1004.5,888.0,,,Fixation
1669787108.895331,,Eye Tracker,1007.0,888.0,Valid,Valid,Fixation
1669787108.89621,,Mouse,1008.5,886.5,,,Fixation
1669787108.912865,,Eye Tracker,1010.0,885.0,Valid,Valid,Fixation
1669787108.9144928,,Mouse,1009.5,885.5,,,Fixation
1669787108.9253519,,Eye Tracker,1009.0,886.0,Valid,Valid,Fixation
1669787108.929519,,Mouse,1008.3333333333334,887.0,,,Fixation
1669787108.935375,,Mouse,1007.6666666666666,888.0,,,Fixation
1669787108.946174,,Eye Tracker,1007.0,889.0,Valid,Valid,Fixation
1669787108.95446,,Eye Tracker,1004.0,888.0,Valid,Valid,Fixation
1669787108.9628289,,Mouse,1005.5,885.0,,,Fixation
1669787108.9652998,,Eye Tracker,1007.0,882.0,Valid,Valid,Fixation
1669787108.975379,,Mouse,1007.5,880.0,,,Fixation
1669787108.979483,,Eye Tracker,1008.0,878.0,Valid,Valid,Fixation
1669787108.99436,,Mouse,1004.5,878.5,,,Fixation
1669787108.9961379,,Eye Tracker,1001.0,879.0,Valid,Valid,Fixation
1669787109.005375,,Mouse,1002.0,877.0,,,Fixation
1669787109.0127928,,Eye Tracker,1003.0,875.0,Valid,Valid,Fixation
1669787109.015656,,Mouse,1004.0,875.5,,,Fixation
1669787109.029448,,Eye Tracker,1005.0,876.0,Valid,Valid,Fixation
1669787109.034446,,Mouse,1004.5,876.5,,,Fixation
1669787109.0446029,,Eye Tracker,1004.0,877.0,Valid,Valid,Fixation
1669787109.046102,,Mouse,1004.0,875.3333333333334,,,Fixation
1669787109.0553288,,Mouse,1004.0,873.6666666666666,,,Fixation
1669787109.062757,,Eye Tracker,1004.0,872.0,Valid,Valid,Fixation
1669787109.074374,,Eye Tracker,1005.0,870.0,Valid,Valid,Fixation
1669787109.079413,,Mouse,999.0,868.0,,,Fixation
1669787109.096067,,Eye Tracker,993.0,866.0,Valid,Valid,Fixation
1669787109.112722,,Eye Tracker,995.0,871.0,Valid,Valid,Fixation
1669787109.129377,,Mouse,996.0,873.0,,,Fixation
1669787109.135293,,Eye Tracker,997.0,875.0,Valid,Valid,Fixation
1669787109.145556,,Eye Tracker,998.0,871.0,Valid,Valid,Fixation
1669787109.146031,,Mouse,1006.0,865.5,,,Fixation
1669787109.1626859,,Eye Tracker,1014.0,860.0,Valid,Valid,Fixation
1669787109.1793408,,Eye Tracker,1036.0,850.0,Valid,Valid,Saccade
1669787109.1953669,,Eye Tracker,1039.0,849.0,Valid,Valid,Fixation
1669787109.1959949,,Mouse,1038.5,849.0,,,Fixation
1669787109.2126498,,Eye Tracker,1038.0,849.0,Valid,Valid,Fixation
1669787109.229305,,Eye Tracker,1041.0,848.0,Valid,Valid,Fixation
1669787109.245959,,Eye Tracker,1039.0,845.0,Valid,Valid,Fixation
1669787109.255328,,Eye Tracker,1037.0,844.0,Valid,Valid,Fixation
1669787109.262614,,Mouse,1035.5,845.5,,,Fixation
1669787109.266404,,Eye Tracker,1034.0,847.0,Valid,Valid,Fixation
1669787109.279269,,Eye Tracker,1036.0,851.0,Valid,Valid,Fixation
1669787109.2953498,,Mouse,1036.5,850.0,,,Fixation
1669787109.295925,,Eye Tracker,1037.0,849.0,Valid,Valid,Fixation
1669787109.306475,,Mouse,1033.5,849.0,,,Fixation
1669787109.312579,,Eye Tracker,1030.0,849.0,Valid,Valid,Fixation
1669787109.329234,,Mouse,1028.5,850.5,,,Fixation
1669787109.3458889,,Eye Tracker,1027.0,852.0,Valid,Valid,Fixation
1669787109.3466,,Eye Tracker,1028.0,851.0,Valid,Valid,Fixation
1669787109.3625429,,Mouse,1028.0,849.5,,,Fixation
1669787109.37651,,Eye Tracker,1028.0,848.0,Valid,Valid,Fixation
1669787109.3791978,,Mouse,1028.0,845.0,,,Fixation
1669787109.395853,,Eye Tracker,1028.0,842.0,Valid,Valid,Fixation
1669787109.3973799,,Mouse,1028.5,840.5,,,Fixation
1669787109.412507,,Eye Tracker,1029.0,839.0,Valid,Valid,Fixation
1669787109.416344,,Mouse,1029.0,839.5,,,Fixation
1669787109.429162,,Eye Tracker,1029.0,840.0,Valid,Valid,Fixation
1669787109.445817,,Mouse,1029.0,841.5,,,Fixation
1669787109.447635,,Eye Tracker,1029.0,843.0,Valid,Valid,Fixation
1669787109.462471,,Mouse,1031.5,846.0,,,Fixation
1669787109.466318,,Eye Tracker,1034.0,849.0,Valid,Valid,Fixation
1669787109.479126,,Eye Tracker,1033.0,846.0,Valid,Valid,Fixation
1669787109.487298,,Mouse,1029.0,842.5,,,Fixation
1669787109.495781,,Eye Tracker,1025.0,839.0,Valid,Valid,Fixation
1669787109.5064878,,Mouse,1023.3333333333334,841.0,,,Fixation
1669787109.512436,,Mouse,1021.6666666666666,843.0,,,Fixation
1669787109.51732,,Eye Tracker,1020.0,845.0,Valid,Valid,Fixation
1669787109.527323,,Mouse,1018.0,851.0,,,Fixation
1669787109.529091,,Eye Tracker,1016.0,857.0,Valid,Valid,Fixation
1669787109.5457458,,Eye Tracker,1017.0,859.0,Valid,Valid,Fixation
1669787109.5469968,,Mouse,1015.0,860.0,,,Fixation
1669787109.562401,,Eye Tracker,1013.0,861.0,Valid,Valid,Fixation
1669787109.5674958,,Mouse,1012.5,861.5,,,Fixation
1669787109.577671,,Eye Tracker,1012.0,862.0,Valid,Valid,Fixation
1669787109.5790548,,Mouse,1013.5,862.0,,,Fixation
1669787109.59571,,Eye Tracker,1015.0,862.0,Valid,Valid,Fixation
1669787109.596346,,Mouse,1017.5,861.0,,,Fixation
1669787109.6075459,,Eye Tracker,1020.0,860.0,Valid,Valid,Fixation
1669787109.612365,,Eye Tracker,1022.0,861.0,Valid,Valid,Fixation
1669787109.626432,,Mouse,1020.0,862.0,,,Fixation
1669787109.629019,,Eye Tracker,1018.0,863.0,Valid,Valid,Fixation
1669787109.645674,,Mouse,1016.0,863.0,,,Fixation
1669787109.647647,,Eye Tracker,1014.0,863.0,Valid,Valid,Fixation
1669787109.662329,,Mouse,1011.0,861.5,,,Fixation
1669787109.666365,,Eye Tracker,1008.0,860.0,Valid,Valid,Fixation
1669787109.676509,,Mouse,1008.5,856.0,,,Fixation
1669787109.678983,,Eye Tracker,1009.0,852.0,Valid,Valid,Fixation
1669787109.687291,,Eye Tracker,1016.0,853.0,Valid,Valid,Fixation
1669787109.695638,,Eye Tracker,1016.0,856.0,Valid,Valid,Fixation
1669787109.697355,,Mouse,1014.0,852.5,,,Fixation
1669787109.70747,,Eye Tracker,1012.0,849.0,Valid,Valid,Fixation
1669787109.712293,,Eye Tracker,1013.0,843.0,Valid,Valid,Fixation
1669787109.728339,,Mouse,1010.5,846.5,,,Fixation
1669787109.7289479,,Eye Tracker,1008.0,850.0,Valid,Valid,Fixation
1669787109.7456028,,Mouse,1005.5,851.5,,,Fixation
1669787109.748376,,Eye Tracker,1003.0,853.0,Valid,Valid,Fixation
1669787109.762258,,Eye Tracker,1005.0,848.0,Valid,Valid,Fixation
1669787109.767485,,Mouse,1009.0,847.0,,,Fixation
1669787109.778348,,Eye Tracker,1013.0,846.0,Valid,Valid,Fixation
1669787109.7789118,,Mouse,1019.5,842.5,,,Fixation
1669787109.7883499,,Eye Tracker,1026.0,839.0,Valid,Valid,Fixation
1669787109.795567,,Eye Tracker,1037.0,832.0,Valid,Valid,Fixation
1669787109.800971,,Mouse,1038.0,829.0,,,Fixation
1669787109.812222,,Eye Tracker,1039.0,826.0,Valid,Valid,Fixation
1669787109.818317,,Mouse,1037.5,828.0,,,Fixation
1669787109.828604,,Eye Tracker,1036.0,830.0,Valid,Valid,Fixation
1669787109.828877,,Mouse,1036.0,829.5,,,Fixation
1669787109.845531,,Eye Tracker,1036.0,829.0,Valid,Valid,Fixation
1669787109.847267,,Mouse,1037.0,827.0,,,Fixation
1669787109.858293,,Eye Tracker,1038.0,825.0,Valid,Valid,Fixation
1669787109.862186,,Mouse,1039.5,825.0,,,Fixation
1669787109.8683689,,Eye Tracker,1041.0,825.0,Valid,Valid,Fixation
1669787109.878841,,Mouse,1041.0,824.0,,,Fixation
1669787109.888488,,Eye Tracker,1041.0,823.0,Valid,Valid,Fixation
1669787109.895495,,Mouse,1041.5,822.0,,,Fixation
1669787109.8993828,,Eye Tracker,1042.0,821.0,Valid,Valid,Fixation
1669787109.91215,,Eye Tracker,1041.0,825.0,Valid,Valid,Fixation
1669787109.91936,,Mouse,1041.0,827.0,,,Fixation
1669787109.9288049,,Eye Tracker,1041.0,829.0,Valid,Valid,Fixation
1669787109.938436,,Mouse,1040.5,829.5,,,Fixation
1669787109.9454598,,Eye Tracker,1040.0,830.0,Valid,Valid,Fixation
1669787109.949285,,Mouse,1041.0,828.5,,,Fixation
1669787109.962115,,Eye Tracker,1042.0,827.0,Valid,Valid,Fixation
1669787109.968436,,Mouse,1042.0,824.5,,,Fixation
1669787109.97877,,Eye Tracker,1042.0,822.0,Valid,Valid,Fixation
1669787109.989353,,Mouse,1040.0,822.0,,,Fixation
1669787109.995424,,Eye Tracker,1038.0,822.0,Valid,Valid,Fixation
1669787110.0085459,,Mouse,1027.5,816.0,,,Fixation
1669787110.012079,,Eye Tracker,1017.0,810.0,Valid,Valid,Saccade
1669787110.0185559,,Eye Tracker,995.0,808.0,Valid,Valid,Saccade
1669787110.028734,,Mouse,994.5,812.0,,,Saccade
1669787110.029552,,Eye Tracker,994.0,816.0,Valid,Valid,Fixation
1669787110.045388,,Mouse,994.3333333333334,815.0,,,Fixation
1669787110.048317,,Mouse,994.6666666666666,814.0,,,Fixation
1669787110.062043,,Eye Tracker,995.0,813.0,Valid,Valid,Fixation
1669787110.069424,,Eye Tracker,1006.0,818.0,Valid,Valid,Fixation
1669787110.078698,,Mouse,1007.0,819.5,,,Fixation
1669787110.095353,,Eye Tracker,1008.0,821.0,Valid,Valid,Fixation
1669787110.098369,,Mouse,1009.0,816.0,,,Fixation
1669787110.112007,,Eye Tracker,1010.0,811.0,Valid,Valid,Fixation
1669787110.119396,,Eye Tracker,1009.0,807.0,Valid,Valid,Fixation
1669787110.1286619,,Mouse,1001.0,809.5,,,Fixation
1669787110.1382499,,Eye Tracker,993.0,812.0,Valid,Valid,Fixation
1669787110.1453168,,Eye Tracker,995.0,813.0,Valid,Valid,Fixation
1669787110.148252,,Eye Tracker,997.0,812.0,Valid,Valid,Fixation
1669787110.159348,,Mouse,995.5,813.5,,,Fixation
1669787110.161972,,Eye Tracker,994.0,815.0,Valid,Valid,Fixation
1669787110.169484,,Eye Tracker,1011.0,811.0,Valid,Valid,Fixation
1669787110.178627,,Eye Tracker,1012.0,812.0,Valid,Valid,Fixation
1669787110.195282,,Eye Tracker,992.0,813.0,Valid,Valid,Fixation
1669787110.211936,,Eye Tracker,990.0,810.0,Valid,Valid,Fixation
1669787110.228591,,Mouse,995.5,809.0,,,Fixation
1669787110.245246,,Eye Tracker,1001.0,808.0,Valid,Valid,Fixation
1669787110.2619,,Mouse,1002.0,807.0,,,Fixation
1669787110.278555,,Eye Tracker,1003.0,806.0,Valid,Valid,Fixation
1669787110.2793028,,Eye Tracker,1003.0,807.0,Valid,Valid,Fixation
1669787110.2904549,,Mouse,1001.5,807.0,,,Fixation
1669787110.29521,,Eye Tracker,1000.0,807.0,Valid,Valid,Fixation
1669787110.300473,,Mouse,998.5,810.5,,,Fixation
1669787110.311864,,Eye Tracker,997.0,814.0,Valid,Valid,Fixation
1669787110.319365,,Mouse,995.6666666666666,814.3333333333334,,,Fixation
1669787110.3285189,,Mouse,994.3333333333334,814.6666666666666,,,Fixation
1669787110.330343,,Eye Tracker,993.0,815.0,Valid,Valid,Fixation
1669787110.3451738,,Eye Tracker,989.0,812.0,Valid,Valid,Fixation
1669787110.349316,,Mouse,991.0,810.0,,,Fixation
1669787110.359398,,Eye Tracker,993.0,808.0,Valid,Valid,Fixation
1669787110.361829,,Mouse,995.5,808.5,,,Fixation
1669787110.370427,,Eye Tracker,998.0,809.0,Valid,Valid,Fixation
1669787110.378484,,Eye Tracker,1001.0,814.0,Valid,Valid,Fixation
1669787110.39027,,Eye Tracker,1000.0,816.0,Valid,Valid,Fixation
1669787110.395139,,Eye Tracker,999.0,813.0,Valid,Valid,Fixation
1669787110.4005969,,Mouse,997.0,809.0,,,Fixation
1669787110.4113538,,Eye Tracker,995.0,805.0,Valid,Valid,Fixation
1669787110.411794,,Mouse,992.5,805.5,,,Fixation
1669787110.428448,,Eye Tracker,990.0,806.0,Valid,Valid,Fixation
1669787110.431372,,Eye Tracker,1008.0,771.0,Valid,Valid,Saccade
1669787110.445103,,Mouse,1016.0,761.5,,,Saccade
1669787110.461758,,Eye Tracker,1024.0,752.0,Valid,Valid,Saccade
1669787110.478412,,Mouse,1023.5,750.0,,,Saccade
1669787110.4803429,,Eye Tracker,1023.0,748.0,Valid,Valid,Fixation
1669787110.490452,,Mouse,1024.5,746.0,,,Fixation
1669787110.495067,,Eye Tracker,1026.0,744.0,Valid,Valid,Fixation
1669787110.501504,,Mouse,1024.5,744.0,,,Fixation
1669787110.5117218,,Eye Tracker,1023.0,744.0,Valid,Valid,Fixation
1669787110.5204098,,Mouse,1020.5,745.5,,,Fixation
1669787110.5283759,,Eye Tracker,1018.0,747.0,Valid,Valid,Fixation
1669787110.530474,,Eye Tracker,1019.0,744.0,Valid,Valid,Fixation
1669787110.5416338,,Mouse,1020.0,744.3333333333334,,,Fixation
1669787110.5450308,,Mouse,1021.0,744.6666666666666,,,Fixation
1669787110.5604079,,Eye Tracker,1022.0,745.0,Valid,Valid,Fixation
1669787110.561686,,Mouse,1018.5,744.0,,,Fixation
1669787110.57834,,Eye Tracker,1015.0,743.0,Valid,Valid,Fixation
1669787110.591449,,Mouse,1012.5,743.0,,,Fixation
1669787110.594996,,Eye Tracker,1010.0,743.0,Valid,Valid,Fixation
1669787110.6103919,,Eye Tracker,1015.0,747.0,Valid,Valid,Fixation
1669787110.611651,,Mouse,1016.5,746.5,,,Fixation
1669787110.628306,,Eye Tracker,1018.0,746.0,Valid,Valid,Fixation
1669787110.641335,,Mouse,1017.0,748.0,,,Fixation
1669787110.64496,,Eye Tracker,1016.0,750.0,Valid,Valid,Fixation
1669787110.661615,,Mouse,1014.5,749.0,,,Fixation
1669787110.6715899,,Eye Tracker,1013.0,748.0,Valid,Valid,Fixation
1669787110.6782699,,Mouse,1013.0,747.5,,,Fixation
1669787110.6905289,,Eye Tracker,1013.0,747.0,Valid,Valid,Fixation
1669787110.6949239,,Mouse,1013.5,747.0,,,Fixation
1669787110.7113469,,Eye Tracker,1014.0,747.0,Valid,Valid,Fixation
1669787110.7115788,,Mouse,1015.5,748.0,,,Fixation
1669787110.728234,,Eye Tracker,1017.0,749.0,Valid,Valid,Fixation
1669787110.7414448,,Mouse,1016.6666666666666,748.6666666666666,,,Fixation
1669787110.7448878,,Mouse,1016.3333333333334,748.3333333333334,,,Fixation
1669787110.761543,,Eye Tracker,1016.0,748.0,Valid,Valid,Fixation
1669787110.762388,,Eye Tracker,1016.0,743.0,Valid,Valid,Fixation
1669787110.778198,,Mouse,1016.0,743.3333333333334,,,Fixation
1669787110.791571,,Mouse,1016.0,743.6666666666666,,,Fixation
1669787110.794852,,Eye Tracker,1016.0,744.0,Valid,Valid,Fixation
1669787110.811507,,Mouse,1014.0,745.5,,,Fixation
1669787110.812356,,Eye Tracker,1012.0,747.0,Valid,Valid,Fixation
1669787110.828163,,Eye Tracker,1010.0,747.0,Valid,Valid,Fixation
1669787110.844817,,Eye Tracker,1015.0,743.0,Valid,Valid,Fixation
1669787110.861425,,Eye Tracker,1019.0,728.0,Valid,Valid,Fixation
1669787110.861471,,Eye Tracker,1027.0,704.0,Valid,Valid,Saccade
1669787110.878126,,Eye Tracker,1029.0,683.0,Valid,Valid,Fixation
1669787110.8823478,,Mouse,1032.5,679.0,,,Fixation
1669787110.8947809,,Eye Tracker,1036.0,675.0,Valid,Valid,Fixation
1669787110.911435,,Eye Tracker,1038.0,673.0,Valid,Valid,Fixation
1669787110.912329,,Mouse,1036.0,674.5,,,Fixation
1669787110.9280899,,Eye Tracker,1034.0,676.0,Valid,Valid,Fixation
1669787110.9447448,,Mouse,1032.0,674.0,,,Fixation
1669787110.9613988,,Eye Tracker,1030.0,672.0,Valid,Valid,Fixation
1669787110.978054,,Mouse,1029.5,666.5,,,Fixation
1669787110.994709,,Eye Tracker,1029.0,661.0,Valid,Valid,Fixation
1669787111.002482,,Mouse,1030.3333333333333,661.3333333333334,,,Fixation
1669787111.011363,,Mouse,1031.6666666666667,661.6666666666666,,,Fixation
1669787111.028018,,Eye Tracker,1033.0,662.0,Valid,Valid,Fixation
1669787111.044674,,Eye Tracker,1033.0,659.0,Valid,Valid,Fixation
1669787111.061327,,Mouse,1032.5,660.5,,,Fixation
1669787111.077982,,Eye Tracker,1032.0,662.0,Valid,Valid,Fixation
1669787111.094637,,Mouse,1033.0,661.5,,,Fixation
1669787111.111291,,Eye Tracker,1034.0,661.0,Valid,Valid,Fixation
1669787111.127946,,Eye Tracker,1035.0,660.0,Valid,Valid,Fixation
1669787111.1446009,,Eye Tracker,1032.0,666.0,Valid,Valid,Fixation
1669787111.1612558,,Eye Tracker,1032.0,666.0,Valid,Valid,Fixation
1669787111.1779099,,Eye Tracker,1033.0,664.0,Valid,Valid,Fixation
1669787111.194565,,Mouse,1033.0,665.0,,,Fixation
1669787111.202369,,Eye Tracker,1033.0,666.0,Valid,Valid,Fixation
1669787111.21122,,Eye Tracker,1034.0,659.0,Valid,Valid,Fixation
1669787111.223342,,Eye Tracker,1037.0,657.0,Valid,Valid,Fixation
1669787111.227874,,Mouse,1037.5,660.5,,,Fixation
1669787111.244529,,Eye Tracker,1038.0,664.0,Valid,Valid,Fixation
1669787111.261184,,Eye Tracker,1036.0,658.0,Valid,Valid,Fixation
1669787111.277838,,Eye Tracker,1035.0,657.0,Valid,Valid,Fixation
1669787111.294493,,Eye Tracker,1036.0,658.0,Valid,Valid,Fixation
1669787111.303374,,Eye Tracker,1034.0,651.0,Valid,Valid,Fixation
1669787111.311148,,Eye Tracker,1031.0,651.0,Valid,Valid,Fixation
1669787111.314363,,Mouse,1031.5,650.0,,,Fixation
1669787111.327802,,Eye Tracker,1032.0,649.0,Valid,Valid,Fixation
1669787111.33334,,Eye Tracker,1036.0,649.0,Valid,Valid,Fixation
1669787111.344457,,Mouse,1035.5,649.5,,,Fixation
1669787111.3545508,,Eye Tracker,1035.0,650.0,Valid,Valid,Fixation
1669787111.3611119,,Eye Tracker,1035.0,654.0,Valid,Valid,Fixation
1669787111.373318,,Mouse,1034.0,652.5,,,Fixation
1669787111.377766,,Eye Tracker,1033.0,651.0,Valid,Valid,Fixation
1669787111.3943598,,Eye Tracker,1033.0,649.0,Valid,Valid,Fixation
1669787111.3944209,,Mouse,1034.5,650.0,,,Fixation
1669787111.4110758,,Eye Tracker,1036.0,651.0,Valid,Valid,Fixation
1669787111.414584,,Mouse,1034.5,651.0,,,Fixation
1669787111.427731,,Eye Tracker,1033.0,651.0,Valid,Valid,Fixation
1669787111.435353,,Mouse,1032.0,653.5,,,Fixation
1669787111.444385,,Eye Tracker,1031.0,656.0,Valid,Valid,Fixation
1669787111.455472,,Mouse,1032.0,655.0,,,Fixation
1669787111.46104,,Eye Tracker,1033.0,654.0,Valid,Valid,Fixation
1669787111.475389,,Mouse,1034.6666666666667,654.6666666666666,,,Fixation
1669787111.477695,,Mouse,1036.3333333333333,655.3333333333334,,,Fixation
1669787111.494349,,Eye Tracker,1038.0,656.0,Valid,Valid,Fixation
1669787111.511004,,Eye Tracker,1039.0,651.0,Valid,Valid,Fixation
1669787111.5143368,,Mouse,1037.6666666666667,649.6666666666666,,,Fixation
1669787111.525466,,Mouse,1036.3333333333333,648.3333333333334,,,Fixation
1669787111.527659,,Eye Tracker,1035.0,647.0,Valid,Valid,Fixation
1669787111.544313,,Mouse,1036.0,645.5,,,Fixation
1669787111.55438,,Eye Tracker,1037.0,644.0,Valid,Valid,Fixation
1669787111.560968,,Mouse,1036.5,645.0,,,Fixation
1669787111.5653229,,Eye Tracker,1036.0,646.0,Valid,Valid,Fixation
1669787111.5753598,,Eye Tracker,1030.0,652.0,Valid,Valid,Fixation
1669787111.577623,,Eye Tracker,1035.0,653.0,Valid,Valid,Fixation
1669787111.594277,,Eye Tracker,1039.0,652.0,Valid,Valid,Fixation
1669787111.605296,,Eye Tracker,1003.0,634.0,Valid,Valid,Saccade
1669787111.6109319,,Mouse,988.5,627.5,,,Saccade
1669787111.625361,,Eye Tracker,974.0,621.0,Valid,Valid,Saccade
1669787111.6275868,,Eye Tracker,967.0,621.0,Valid,Valid,Fixation
1669787111.6442409,,Mouse,966.5,619.0,,,Fixation
1669787111.644384,,Eye Tracker,966.0,617.0,Valid,Valid,Fixation
1669787111.655532,,Mouse,965.0,614.0,,,Fixation
1669787111.6608949,,Eye Tracker,964.0,611.0,Valid,Valid,Fixation
1669787111.674352,,Eye Tracker,966.0,617.0,Valid,Valid,Fixation
1669787111.6775498,,Eye Tracker,970.0,619.0,Valid,Valid,Fixation
1669787111.694206,,Mouse,968.5,618.5,,,Fixation
1669787111.695344,,Eye Tracker,967.0,618.0,Valid,Valid,Fixation
1669787111.71086,,Mouse,964.6666666666666,619.3333333333334,,,Fixation
1669787111.714557,,Mouse,962.3333333333334,620.6666666666666,,,Fixation
1669787111.7247179,,Eye Tracker,960.0,622.0,Valid,Valid,Fixation
1669787111.727515,,Mouse,960.0,622.0,,,Fixation
1669787111.7353668,,Eye Tracker,960.0,622.0,Valid,Valid,Fixation
1669787111.74417,,Mouse,962.5,624.0,,,Fixation
1669787111.760824,,Eye Tracker,965.0,626.0,Valid,Valid,Fixation
1669787111.777479,,Mouse,966.5,624.0,,,Fixation
1669787111.794134,,Eye Tracker,968.0,622.0,Valid,Valid,Fixation
1669787111.810788,,Mouse,967.5,621.0,,,Fixation
1669787111.827443,,Eye Tracker,967.0,620.0,Valid,Valid,Fixation
1669787111.8440979,,Mouse,964.5,621.0,,,Fixation
1669787111.860751,,Eye Tracker,962.0,622.0,Valid,Valid,Fixation
1669787111.877406,,Eye Tracker,963.0,625.0,Valid,Valid,Fixation
1669787111.8940609,,Mouse,962.5,628.0,,,Fixation
1669787111.910716,,Eye Tracker,962.0,631.0,Valid,Valid,Fixation
1669787111.9266798,,Eye Tracker,960.0,635.0,Valid,Valid,Fixation
1669787111.927371,,Mouse,961.5,633.5,,,Fixation
1669787111.944026,,Eye Tracker,963.0,632.0,Valid,Valid,Fixation
1669787111.960681,,Mouse,962.6666666666666,631.6666666666666,,,Fixation
1669787111.967372,,Mouse,962.3333333333334,631.3333333333334,,,Fixation
1669787111.977335,,Eye Tracker,962.0,631.0,Valid,Valid,Fixation
1669787111.987388,,Mouse,961.0,630.5,,,Fixation
1669787111.99399,,Eye Tracker,960.0,630.0,Valid,Valid,Fixation
1669787112.0073,,Eye Tracker,964.0,626.0,Valid,Valid,Fixation
1669787112.010645,,Mouse,963.5,625.5,,,Fixation
1669787112.026285,,Eye Tracker,963.0,625.0,Valid,Valid,Fixation
1669787112.027299,,Mouse,961.0,624.3333333333334,,,Fixation
1669787112.037466,,Mouse,959.0,623.6666666666666,,,Fixation
1669787112.043954,,Eye Tracker,957.0,623.0,Valid,Valid,Fixation
1669787112.056365,,Mouse,956.0,623.0,,,Fixation
1669787112.060608,,Eye Tracker,955.0,623.0,Valid,Valid,Fixation
1669787112.077262,,Mouse,955.0,623.0,,,Fixation
1669787112.077473,,Eye Tracker,955.0,623.0,Valid,Valid,Fixation
1669787112.093917,,Eye Tracker,955.0,621.0,Valid,Valid,Fixation
1669787112.0963619,,Mouse,955.0,622.6666666666666,,,Fixation
1669787112.1105719,,Mouse,955.0,624.3333333333334,,,Fixation
1669787112.1173599,,Eye Tracker,955.0,626.0,Valid,Valid,Fixation
1669787112.1272268,,Mouse,955.0,626.0,,,Fixation
1669787112.13748,,Eye Tracker,955.0,626.0,Valid,Valid,Fixation
1669787112.143882,,Mouse,955.0,626.5,,,Fixation
1669787112.1563349,,Eye Tracker,955.0,627.0,Valid,Valid,Fixation
1669787112.160537,,Mouse,954.5,627.5,,,Fixation
1669787112.16732,,Eye Tracker,954.0,628.0,Valid,Valid,Fixation
1669787112.177191,,Mouse,954.0,628.3333333333334,,,Fixation
1669787112.177567,,Mouse,954.0,628.6666666666666,,,Fixation
1669787112.193846,,Eye Tracker,954.0,629.0,Valid,Valid,Fixation
1669787112.1963298,,Eye Tracker,952.0,632.0,Valid,Valid,Fixation
1669787112.207408,,Mouse,949.0,633.5,,,Fixation
1669787112.210501,,Eye Tracker,946.0,635.0,Valid,Valid,Fixation
1669787112.2174459,,Mouse,947.5,635.0,,,Fixation
1669787112.227156,,Eye Tracker,949.0,635.0,Valid,Valid,Fixation
1669787112.23631,,Mouse,949.0,633.0,,,Fixation
1669787112.24381,,Eye Tracker,949.0,631.0,Valid,Valid,Fixation
1669787112.247319,,Mouse,949.5,632.5,,,Fixation
1669787112.260464,,Eye Tracker,950.0,634.0,Valid,Valid,Fixation
1669787112.267412,,Mouse,949.6666666666666,633.6666666666666,,,Fixation
1669787112.277119,,Mouse,949.3333333333334,633.3333333333334,,,Fixation
1669787112.277468,,Eye Tracker,949.0,633.0,Valid,Valid,Fixation
1669787112.2883039,,Eye Tracker,950.0,636.0,Valid,Valid,Fixation
1669787112.293773,,Mouse,953.5,638.5,,,Fixation
1669787112.298347,,Eye Tracker,957.0,641.0,Valid,Valid,Fixation
1669787112.3085349,,Eye Tracker,953.0,650.0,Valid,Valid,Fixation
1669787112.310428,,Mouse,951.0,649.0,,,Fixation
1669787112.3270829,,Eye Tracker,949.0,648.0,Valid,Valid,Fixation
1669787112.3283448,,Mouse,949.0,648.0,,,Fixation
1669787112.338392,,Eye Tracker,949.0,648.0,Valid,Valid,Fixation
1669787112.3437378,,Mouse,953.0,648.0,,,Fixation
1669787112.357333,,Eye Tracker,957.0,648.0,Valid,Valid,Fixation
1669787112.360393,,Eye Tracker,955.0,649.0,Valid,Valid,Fixation
1669787112.367334,,Mouse,952.0,652.5,,,Fixation
1669787112.377048,,Eye Tracker,949.0,656.0,Valid,Valid,Fixation
1669787112.37908,,Mouse,948.0,658.0,,,Fixation
1669787112.393702,,Eye Tracker,947.0,660.0,Valid,Valid,Fixation
1669787112.397351,,Mouse,947.0,662.5,,,Fixation
1669787112.40762,,Eye Tracker,947.0,665.0,Valid,Valid,Fixation
1669787112.410356,,Mouse,947.0,665.0,,,Fixation
1669787112.418357,,Eye Tracker,947.0,665.0,Valid,Valid,Fixation
1669787112.427012,,Mouse,946.6666666666666,664.3333333333334,,,Fixation
1669787112.4383578,,Mouse,946.3333333333334,663.6666666666666,,,Fixation
1669787112.443666,,Eye Tracker,946.0,663.0,Valid,Valid,Fixation
1669787112.448468,,Eye Tracker,945.0,661.0,Valid,Valid,Fixation
1669787112.459285,,Mouse,942.5,659.0,,,Fixation
1669787112.46032,,Eye Tracker,940.0,657.0,Valid,Valid,Fixation
1669787112.469476,,Eye Tracker,942.0,649.0,Valid,Valid,Fixation
1669787112.476975,,Mouse,942.5,649.0,,,Fixation
1669787112.479485,,Eye Tracker,943.0,649.0,Valid,Valid,Fixation
1669787112.49363,,Mouse,944.0,650.5,,,Fixation
1669787112.499318,,Eye Tracker,945.0,652.0,Valid,Valid,Fixation
1669787112.509341,,Mouse,945.3333333333334,652.3333333333334,,,Fixation
1669787112.510284,,Mouse,945.6666666666666,652.6666666666666,,,Fixation
1669787112.519342,,Eye Tracker,946.0,653.0,Valid,Valid,Fixation
1669787112.526939,,Eye Tracker,946.0,653.0,Valid,Valid,Fixation
1669787112.538588,,Mouse,946.0,654.0,,,Fixation
1669787112.543594,,Mouse,946.0,655.0,,,Fixation
1669787112.549356,,Eye Tracker,946.0,656.0,Valid,Valid,Fixation
1669787112.5602489,,Eye Tracker,948.0,659.0,Valid,Valid,Fixation
1669787112.568364,,Mouse,947.0,657.0,,,Fixation
1669787112.5769038,,Eye Tracker,946.0,655.0,Valid,Valid,Fixation
1669787112.5893068,,Mouse,945.3333333333334,654.6666666666666,,,Fixation
1669787112.5935578,,Mouse,944.6666666666666,654.3333333333334,,,Fixation
1669787112.599465,,Eye Tracker,944.0,654.0,Valid,Valid,Fixation
1669787112.6102118,,Eye Tracker,939.0,659.0,Valid,Valid,Fixation
1669787112.618332,,Eye Tracker,938.0,665.0,Valid,Valid,Fixation
1669787112.626867,,Eye Tracker,935.0,667.0,Valid,Valid,Fixation
1669787112.639452,,Eye Tracker,913.0,664.0,Valid,Valid,Saccade
1669787112.643522,,Eye Tracker,909.0,662.0,Valid,Valid,Fixation
1669787112.660176,,Mouse,907.0,659.5,,,Fixation
1669787112.66936,,Eye Tracker,905.0,657.0,Valid,Valid,Fixation
1669787112.676831,,Eye Tracker,895.0,651.0,Valid,Valid,Fixation
1669787112.689344,,Eye Tracker,901.0,645.0,Valid,Valid,Fixation
1669787112.693486,,Mouse,899.0,643.5,,,Fixation
1669787112.708338,,Eye Tracker,897.0,642.0,Valid,Valid,Fixation
1669787112.71014,,Mouse,893.5,640.0,,,Fixation
1669787112.720017,,Eye Tracker,890.0,638.0,Valid,Valid,Fixation
1669787112.726795,,Eye Tracker,892.0,635.0,Valid,Valid,Fixation
1669787112.738492,,Eye Tracker,892.0,634.0,Valid,Valid,Fixation
1669787112.74345,,Eye Tracker,893.0,637.0,Valid,Valid,Fixation
1669787112.759312,,Mouse,893.0,639.0,,,Fixation
1669787112.760105,,Eye Tracker,893.0,641.0,Valid,Valid,Fixation
1669787112.7767599,,Mouse,892.3333333333334,642.0,,,Fixation
1669787112.779314,,Mouse,891.6666666666666,643.0,,,Fixation
1669787112.7934139,,Eye Tracker,891.0,644.0,Valid,Valid,Fixation
1669787112.8003669,,Eye Tracker,888.0,641.0,Valid,Valid,Fixation
1669787112.8100688,,Mouse,889.0,640.0,,,Fixation
1669787112.820333,,Eye Tracker,890.0,639.0,Valid,Valid,Fixation
1669787112.8267229,,Mouse,890.0,640.6666666666666,,,Fixation
1669787112.840255,,Mouse,890.0,642.3333333333334,,,Fixation
1669787112.8433778,,Eye Tracker,890.0,644.0,Valid,Valid,Fixation
1669787112.8503249,,Mouse,889.0,646.0,,,Fixation
1669787112.860033,,Eye Tracker,888.0,648.0,Valid,Valid,Fixation
1669787112.8603299,,Mouse,886.5,647.0,,,Fixation
1669787112.876687,,Eye Tracker,885.0,646.0,Valid,Valid,Fixation
1669787112.893342,,Mouse,883.5,646.5,,,Fixation
1669787112.909481,,Eye Tracker,882.0,647.0,Valid,Valid,Fixation
1669787112.909997,,Mouse,884.5,647.0,,,Fixation
1669787112.926651,,Eye Tracker,887.0,647.0,Valid,Valid,Fixation
1669787112.9304268,,Mouse,889.0,647.5,,,Fixation
1669787112.940454,,Eye Tracker,891.0,648.0,Valid,Valid,Fixation
1669787112.943306,,Eye Tracker,891.0,648.0,Valid,Valid,Fixation
1669787112.959961,,Eye Tracker,884.0,641.0,Valid,Valid,Fixation
1669787112.96033,,Eye Tracker,882.0,641.0,Valid,Valid,Fixation
1669787112.971437,,Eye Tracker,888.0,644.0,Valid,Valid,Fixation
1669787112.976615,,Eye Tracker,882.0,643.0,Valid,Valid,Fixation
1669787112.9913208,,Eye Tracker,881.0,635.0,Valid,Valid,Fixation
1669787112.99327,,Eye Tracker,885.0,639.0,Valid,Valid,Fixation
1669787113.009925,,Mouse,880.5,632.5,,,Fixation
1669787113.011302,,Eye Tracker,876.0,626.0,Valid,Valid,Fixation
1669787113.021337,,Eye Tracker,864.0,605.0,Valid,Valid,Saccade
1669787113.0265799,,Eye Tracker,858.0,602.0,Valid,Valid,Fixation
1669787113.0313659,,Eye Tracker,861.0,601.0,Valid,Valid,Fixation
1669787113.0432339,,Mouse,862.5,602.5,,,Fixation
1669787113.050302,,Eye Tracker,864.0,604.0,Valid,Valid,Fixation
1669787113.0598888,,Mouse,864.5,605.5,,,Fixation
1669787113.061516,,Eye Tracker,865.0,607.0,Valid,Valid,Fixation
1669787113.076544,,Eye Tracker,864.0,604.0,Valid,Valid,Fixation
1669787113.080318,,Mouse,863.3333333333334,602.3333333333334,,,Fixation
1669787113.0931978,,Mouse,862.6666666666666,600.6666666666666,,,Fixation
1669787113.1014318,,Eye Tracker,862.0,599.0,Valid,Valid,Fixation
1669787113.109853,,Eye Tracker,865.0,601.0,Valid,Valid,Fixation
1669787113.126508,,Mouse,864.5,601.0,,,Fixation
1669787113.1305568,,Eye Tracker,864.0,601.0,Valid,Valid,Fixation
1669787113.143162,,Mouse,864.0,600.5,,,Fixation
1669787113.159817,,Eye Tracker,864.0,600.0,Valid,Valid,Fixation
1669787113.176472,,Mouse,864.5,600.0,,,Fixation
1669787113.193126,,Eye Tracker,865.0,600.0,Valid,Valid,Fixation
1669787113.209781,,Mouse,865.5,599.0,,,Fixation
1669787113.226436,,Eye Tracker,866.0,598.0,Valid,Valid,Fixation
1669787113.231356,,Mouse,866.3333333333334,599.3333333333334,,,Fixation
1669787113.24309,,Mouse,866.6666666666666,600.6666666666666,,,Fixation
1669787113.259745,,Eye Tracker,867.0,602.0,Valid,Valid,Fixation
1669787113.260603,,Eye Tracker,865.0,604.0,Valid,Valid,Fixation
1669787113.271744,,Mouse,864.5,602.5,,,Fixation
1669787113.2763999,,Eye Tracker,864.0,601.0,Valid,Valid,Fixation
1669787113.291295,,Mouse,864.0,600.5,,,Fixation
1669787113.293055,,Eye Tracker,864.0,600.0,Valid,Valid,Fixation
1669787113.3015149,,Eye Tracker,866.0,600.0,Valid,Valid,Fixation
1669787113.3097088,,Mouse,867.0,599.5,,,Fixation
1669787113.3223329,,Eye Tracker,868.0,599.0,Valid,Valid,Fixation
1669787113.326364,,Mouse,867.5,596.0,,,Fixation
1669787113.33251,,Eye Tracker,867.0,593.0,Valid,Valid,Fixation
1669787113.343019,,Mouse,869.0,590.0,,,Fixation
1669787113.352283,,Eye Tracker,871.0,587.0,Valid,Valid,Fixation
1669787113.3596718,,Mouse,870.0,580.0,,,Fixation
1669787113.362329,,Eye Tracker,869.0,573.0,Valid,Valid,Fixation
1669787113.372562,,Eye Tracker,858.0,558.0,Valid,Valid,Fixation
1669787113.376327,,Eye Tracker,850.0,554.0,Valid,Valid,Fixation
1669787113.392982,,Eye Tracker,853.0,552.0,Valid,Valid,Fixation
1669787113.409637,,Eye Tracker,853.0,548.0,Valid,Valid,Fixation
1669787113.4123259,,Eye Tracker,852.0,549.0,Valid,Valid,Fixation
1669787113.426292,,Eye Tracker,851.0,552.0,Valid,Valid,Fixation
1669787113.442947,,Eye Tracker,848.0,550.0,Valid,Valid,Fixation
1669787113.459601,,Mouse,846.5,548.0,,,Fixation
1669787113.4723048,,Eye Tracker,845.0,546.0,Valid,Valid,Fixation
1669787113.476256,,Eye Tracker,838.0,545.0,Valid,Valid,Fixation
1669787113.48328,,Eye Tracker,839.0,542.0,Valid,Valid,Fixation
1669787113.4929109,,Eye Tracker,840.0,540.0,Valid,Valid,Fixation
1669787113.493356,,Eye Tracker,839.0,540.0,Valid,Valid,Fixation
1669787113.5095649,,Eye Tracker,837.0,537.0,Valid,Valid,Fixation
1669787113.523375,,Eye Tracker,838.0,539.0,Valid,Valid,Fixation
1669787113.5262198,,Mouse,840.5,542.0,,,Fixation
1669787113.542875,,Eye Tracker,843.0,545.0,Valid,Valid,Fixation
1669787113.552278,,Eye Tracker,843.0,546.0,Valid,Valid,Fixation
1669787113.5595288,,Eye Tracker,841.0,542.0,Valid,Valid,Fixation
1669787113.562353,,Eye Tracker,842.0,543.0,Valid,Valid,Fixation
1669787113.5761828,,Eye Tracker,844.0,544.0,Valid,Valid,Fixation
1669787113.583346,,Eye Tracker,844.0,546.0,Valid,Valid,Fixation
1669787113.592838,,Eye Tracker,842.0,551.0,Valid,Valid,Fixation
1669787113.602565,,Eye Tracker,840.0,548.0,Valid,Valid,Fixation
1669787113.609493,,Eye Tracker,838.0,547.0,Valid,Valid,Fixation
1669787113.613353,,Eye Tracker,837.0,547.0,Valid,Valid,Fixation
1669787113.626147,,Eye Tracker,839.0,543.0,Valid,Valid,Fixation
1669787113.642803,,Eye Tracker,843.0,541.0,Valid,Valid,Fixation
1669787113.6532779,,Eye Tracker,845.0,539.0,Valid,Valid,Fixation
1669787113.659458,,Eye Tracker,846.0,538.0,Valid,Valid,Fixation
1669787113.663307,,Eye Tracker,843.0,533.0,Valid,Valid,Fixation
1669787113.673337,,Eye Tracker,841.0,533.0,Valid,Valid,Fixation
1669787113.676112,,Eye Tracker,843.0,533.0,Valid,Valid,Fixation
1669787113.692767,,Eye Tracker,844.0,530.0,Valid,Valid,Fixation
1669787113.693325,,Eye Tracker,842.0,529.0,Valid,Valid,Fixation
1669787113.7094219,,Eye Tracker,839.0,536.0,Valid,Valid,Fixation
1669787113.722604,,Mouse,839.5,535.0,,,Fixation
1669787113.726076,,Eye Tracker,840.0,534.0,Valid,Valid,Fixation
1669787113.74273,,Mouse,839.0,533.5,,,Fixation
1669787113.7433429,,Eye Tracker,838.0,533.0,Valid,Valid,Fixation
1669787113.7593849,,Eye Tracker,834.0,536.0,Valid,Valid,Fixation
1669787113.762338,,Mouse,835.0,535.5,,,Fixation
1669787113.772338,,Eye Tracker,836.0,535.0,Valid,Valid,Fixation
1669787113.776039,,Eye Tracker,837.0,535.0,Valid,Valid,Fixation
1669787113.7926939,,Mouse,836.0,533.5,,,Fixation
1669787113.794296,,Eye Tracker,835.0,532.0,Valid,Valid,Fixation
1669787113.8093488,,Eye Tracker,836.0,530.0,Valid,Valid,Fixation
1669787113.8133209,,Mouse,837.5,529.0,,,Fixation
1669787113.824324,,Eye Tracker,839.0,528.0,Valid,Valid,Fixation
1669787113.826004,,Mouse,839.5,527.5,,,Fixation
1669787113.842658,,Eye Tracker,840.0,527.0,Valid,Valid,Fixation
1669787113.84437,,Mouse,840.0,528.5,,,Fixation
1669787113.859313,,Eye Tracker,840.0,530.0,Valid,Valid,Fixation
1669787113.8743079,,Mouse,841.5,531.5,,,Fixation
1669787113.875968,,Eye Tracker,843.0,533.0,Valid,Valid,Fixation
1669787113.892623,,Mouse,842.5,534.0,,,Fixation
1669787113.893353,,Eye Tracker,842.0,535.0,Valid,Valid,Fixation
1669787113.903388,,Eye Tracker,838.0,528.0,Valid,Valid,Fixation
1669787113.909278,,Mouse,837.5,526.5,,,Fixation
1669787113.914332,,Eye Tracker,837.0,525.0,Valid,Valid,Fixation
1669787113.924567,,Eye Tracker,833.0,526.0,Valid,Valid,Fixation
1669787113.925933,,Eye Tracker,832.0,525.0,Valid,Valid,Fixation
1669787113.942586,,Mouse,833.5,525.5,,,Fixation
1669787113.943351,,Eye Tracker,835.0,526.0,Valid,Valid,Fixation
1669787113.9543068,,Eye Tracker,837.0,526.0,Valid,Valid,Fixation
1669787113.959241,,Mouse,838.0,526.5,,,Fixation
1669787113.97434,,Eye Tracker,839.0,527.0,Valid,Valid,Fixation
1669787113.975896,,Mouse,837.5,527.5,,,Fixation
1669787113.984381,,Eye Tracker,836.0,528.0,Valid,Valid,Fixation
1669787113.99255,,Mouse,836.0,526.5,,,Fixation
1669787113.995297,,Eye Tracker,836.0,525.0,Valid,Valid,Fixation
1669787114.005326,,Mouse,837.0,525.0,,,Fixation
1669787114.0092049,,Eye Tracker,838.0,525.0,Valid,Valid,Fixation
1669787114.024359,,Mouse,834.0,523.5,,,Fixation
1669787114.0258598,,Eye Tracker,830.0,522.0,Valid,Valid,Fixation
1669787114.035336,,Mouse,829.5,521.5,,,Fixation
1669787114.0425138,,Eye Tracker,829.0,521.0,Valid,Valid,Fixation
1669787114.045343,,Mouse,831.0,518.0,,,Fixation
1669787114.059169,,Eye Tracker,833.0,515.0,Valid,Valid,Fixation
1669787114.064467,,Mouse,834.5,515.5,,,Fixation
1669787114.0753338,,Eye Tracker,836.0,516.0,Valid,Valid,Fixation
1669787114.075824,,Eye Tracker,838.0,520.0,Valid,Valid,Fixation
1669787114.085337,,Mouse,844.5,519.5,,,Fixation
1669787114.092479,,Eye Tracker,851.0,519.0,Valid,Valid,Fixation
1669787114.104255,,Eye Tracker,863.0,524.0,Valid,Valid,Fixation
1669787114.109133,,Eye Tracker,867.0,523.0,Valid,Valid,Fixation
1669787114.1144629,,Eye Tracker,867.0,525.0,Valid,Valid,Fixation
1669787114.125342,,Mouse,865.0,525.0,,,Fixation
1669787114.125788,,Eye Tracker,863.0,525.0,Valid,Valid,Fixation
1669787114.142443,,Mouse,862.5,524.0,,,Fixation
1669787114.154317,,Eye Tracker,862.0,523.0,Valid,Valid,Fixation
1669787114.159097,,Mouse,864.5,522.0,,,Fixation
1669787114.165277,,Eye Tracker,867.0,521.0,Valid,Valid,Fixation
1669787114.175329,,Mouse,869.0,520.5,,,Fixation
1669787114.175752,,Eye Tracker,871.0,520.0,Valid,Valid,Fixation
1669787114.192407,,Mouse,869.5,521.0,,,Fixation
1669787114.1950629,,Eye Tracker,868.0,522.0,Valid,Valid,Fixation
1669787114.205338,,Mouse,868.5,524.0,,,Fixation
1669787114.209061,,Eye Tracker,869.0,526.0,Valid,Valid,Fixation
1669787114.2256649,,Mouse,871.0,527.0,,,Fixation
1669787114.2257159,,Eye Tracker,873.0,528.0,Valid,Valid,Fixation
1669787114.2423708,,Mouse,874.0,528.0,,,Fixation
1669787114.25542,,Eye Tracker,875.0,528.0,Valid,Valid,Fixation
1669787114.2590249,,Mouse,873.0,527.5,,,Fixation
1669787114.2743418,,Eye Tracker,871.0,527.0,Valid,Valid,Fixation
1669787114.2756798,,Mouse,870.3333333333334,523.0,,,Fixation
1669787114.292335,,Mouse,869.6666666666666,519.0,,,Fixation
1669787114.308989,,Eye Tracker,869.0,515.0,Valid,Valid,Fixation
1669787114.325644,,Mouse,865.5,511.0,,,Fixation
1669787114.342299,,Eye Tracker,862.0,507.0,Valid,Valid,Fixation
1669787114.358954,,Mouse,862.5,504.0,,,Fixation
1669787114.375608,,Eye Tracker,863.0,501.0,Valid,Valid,Fixation
1669787114.386425,,Eye Tracker,865.0,495.0,Valid,Valid,Fixation
1669787114.392263,,Mouse,865.0,494.5,,,Fixation
1669787114.405294,,Eye Tracker,865.0,494.0,Valid,Valid,Fixation
1669787114.408918,,Mouse,867.0,494.0,,,Fixation
1669787114.425572,,Eye Tracker,869.0,494.0,Valid,Valid,Fixation
1669787114.426434,,Eye Tracker,873.0,491.0,Valid,Valid,Fixation
1669787114.442227,,Mouse,871.5,491.5,,,Fixation
1669787114.455468,,Eye Tracker,870.0,492.0,Valid,Valid,Fixation
1669787114.4588819,,Eye Tracker,870.0,491.0,Valid,Valid,Fixation
1669787114.4755359,,Mouse,870.5,489.0,,,Fixation
1669787114.4921908,,Eye Tracker,871.0,487.0,Valid,Valid,Fixation
1669787114.508846,,Mouse,876.0,483.0,,,Fixation
1669787114.517585,,Eye Tracker,881.0,479.0,Valid,Valid,Fixation
1669787114.5254998,,Mouse,886.0,472.0,,,Fixation
1669787114.5363579,,Eye Tracker,891.0,465.0,Valid,Valid,Fixation
1669787114.542155,,Mouse,892.5,464.5,,,Fixation
1669787114.547308,,Eye Tracker,894.0,464.0,Valid,Valid,Fixation
1669787114.557486,,Mouse,893.5,463.5,,,Fixation
1669787114.55881,,Eye Tracker,893.0,463.0,Valid,Valid,Fixation
1669787114.575463,,Mouse,892.0,460.0,,,Fixation
1669787114.576372,,Eye Tracker,891.0,457.0,Valid,Valid,Fixation
1669787114.5874588,,Eye Tracker,891.0,456.0,Valid,Valid,Fixation
1669787114.592118,,Mouse,892.5,456.5,,,Fixation
1669787114.607312,,Eye Tracker,894.0,457.0,Valid,Valid,Fixation
1669787114.608773,,Mouse,893.6666666666666,455.3333333333333,,,Fixation
1669787114.625429,,Mouse,893.3333333333334,453.6666666666667,,,Fixation
1669787114.62636,,Eye Tracker,893.0,452.0,Valid,Valid,Fixation
1669787114.642083,,Eye Tracker,894.0,451.0,Valid,Valid,Fixation
1669787114.647348,,Mouse,894.5,452.0,,,Fixation
1669787114.658738,,Eye Tracker,895.0,453.0,Valid,Valid,Fixation
1669787114.6662939,,Mouse,893.5,451.5,,,Fixation
1669787114.6753929,,Eye Tracker,892.0,450.0,Valid,Valid,Fixation
1669787114.6773129,,Mouse,891.5,450.0,,,Fixation
1669787114.687466,,Eye Tracker,891.0,450.0,Valid,Valid,Fixation
1669787114.6920469,,Mouse,889.5,446.0,,,Fixation
1669787114.706333,,Eye Tracker,888.0,442.0,Valid,Valid,Fixation
1669787114.708701,,Mouse,888.0,442.0,,,Fixation
1669787114.725357,,Eye Tracker,888.0,442.0,Valid,Valid,Fixation
1669787114.727345,,Mouse,893.5,447.5,,,Fixation
1669787114.7420108,,Eye Tracker,899.0,453.0,Valid,Valid,Fixation
1669787114.7586648,,Mouse,896.5,452.5,,,Fixation
1669787114.77532,,Eye Tracker,894.0,452.0,Valid,Valid,Fixation
1669787114.7919738,,Mouse,886.6666666666666,448.6666666666667,,,Fixation
1669787114.808629,,Mouse,879.3333333333334,445.3333333333333,,,Saccade
1669787114.825284,,Eye Tracker,872.0,442.0,Valid,Valid,Saccade
1669787114.827556,,Eye Tracker,866.0,444.0,Valid,Valid,Fixation
1669787114.841938,,Eye Tracker,861.0,443.0,Valid,Valid,Fixation
1669787114.858314,,Eye Tracker,861.0,442.0,Valid,Valid,Fixation
1669787114.858593,,Eye Tracker,868.0,446.0,Valid,Valid,Fixation
1669787114.875249,,Mouse,866.0,446.0,,,Fixation
1669787114.888504,,Eye Tracker,864.0,446.0,Valid,Valid,Fixation
1669787114.8919039,,Eye Tracker,855.0,444.0,Valid,Valid,Fixation
1669787114.9083369,,Eye Tracker,855.0,442.0,Valid,Valid,Fixation
1669787114.908557,,Mouse,854.0,441.0,,,Fixation
1669787114.925212,,Eye Tracker,853.0,440.0,Valid,Valid,Fixation
1669787114.9383578,,Eye Tracker,854.0,430.0,Valid,Valid,Fixation
1669787114.9418669,,Mouse,856.5,431.5,,,Fixation
1669787114.957341,,Eye Tracker,859.0,433.0,Valid,Valid,Fixation
1669787114.958521,,Mouse,858.0,434.0,,,Fixation
1669787114.9751759,,Eye Tracker,857.0,435.0,Valid,Valid,Fixation
1669787114.9782999,,Mouse,856.5,429.5,,,Fixation
1669787114.9885628,,Eye Tracker,856.0,424.0,Valid,Valid,Fixation
1669787114.9918308,,Mouse,854.5,425.0,,,Fixation
1669787115.0082889,,Eye Tracker,853.0,426.0,Valid,Valid,Fixation
1669787115.0084848,,Mouse,854.3333333333334,429.3333333333333,,,Fixation
1669787115.019994,,Mouse,855.6666666666666,432.6666666666667,,,Fixation
1669787115.02514,,Eye Tracker,857.0,436.0,Valid,Valid,Fixation
1669787115.039331,,Eye Tracker,859.0,429.0,Valid,Valid,Fixation
1669787115.041795,,Mouse,858.0,430.5,,,Fixation
1669787115.058449,,Eye Tracker,857.0,432.0,Valid,Valid,Fixation
1669787115.0593429,,Mouse,857.0,433.5,,,Fixation
1669787115.075104,,Eye Tracker,857.0,435.0,Valid,Valid,Fixation
1669787115.079238,,Mouse,856.5,430.0,,,Fixation
1669787115.091759,,Eye Tracker,856.0,425.0,Valid,Valid,Fixation
1669787115.099329,,Mouse,856.6666666666666,426.0,,,Fixation
1669787115.108413,,Mouse,857.3333333333334,427.0,,,Fixation
1669787115.1095939,,Eye Tracker,858.0,428.0,Valid,Valid,Fixation
1669787115.125068,,Mouse,857.0,430.0,,,Fixation
1669787115.128329,,Eye Tracker,856.0,432.0,Valid,Valid,Fixation
1669787115.141723,,Mouse,856.0,430.0,,,Fixation
1669787115.149582,,Eye Tracker,856.0,428.0,Valid,Valid,Fixation
1669787115.158378,,Mouse,857.5,426.0,,,Fixation
1669787115.168336,,Eye Tracker,859.0,424.0,Valid,Valid,Fixation
1669787115.175032,,Mouse,862.0,410.0,,,Saccade
1669787115.178462,,Eye Tracker,865.0,396.0,Valid,Valid,Saccade
1669787115.189327,,Mouse,866.5,371.5,,,Saccade
1669787115.1916869,,Eye Tracker,868.0,347.0,Valid,Valid,Saccade
1669787115.2083418,,Mouse,865.0,338.0,,,Fixation
1669787115.209321,,Eye Tracker,862.0,329.0,Valid,Valid,Fixation
1669787115.2249959,,Mouse,862.3333333333334,328.0,,,Fixation
1669787115.2295249,,Mouse,862.6666666666666,327.0,,,Fixation
1669787115.2416508,,Eye Tracker,863.0,326.0,Valid,Valid,Fixation
1669787115.258306,,Mouse,862.5,326.5,,,Fixation
1669787115.258322,,Eye Tracker,862.0,327.0,Valid,Valid,Fixation
1669787115.27496,,Mouse,862.0,327.6666666666667,,,Fixation
1669787115.291615,,Mouse,862.0,328.3333333333333,,,Fixation
1669787115.308269,,Eye Tracker,862.0,329.0,Valid,Valid,Fixation
1669787115.324923,,Mouse,862.0,329.6666666666667,,,Fixation
1669787115.341578,,Mouse,862.0,330.3333333333333,,,Fixation
1669787115.358234,,Eye Tracker,862.0,331.0,Valid,Valid,Fixation
1669787115.374888,,Eye Tracker,862.0,337.0,Valid,Valid,Fixation
1669787115.391543,,Eye Tracker,860.0,333.0,Valid,Valid,Fixation
1669787115.4081979,,Eye Tracker,857.0,329.0,Valid,Valid,Fixation
1669787115.4248528,,Eye Tracker,860.0,327.0,Valid,Valid,Fixation
1669787115.4415069,,Mouse,859.0,329.5,,,Fixation
1669787115.4581618,,Eye Tracker,858.0,332.0,Valid,Valid,Fixation
1669787115.474817,,Mouse,856.5,329.0,,,Fixation
1669787115.4914699,,Eye Tracker,855.0,326.0,Valid,Valid,Fixation
1669787115.5081248,,Mouse,855.0,324.0,,,Fixation
1669787115.52478,,Eye Tracker,855.0,322.0,Valid,Valid,Fixation
1669787115.541434,,Mouse,855.5,320.5,,,Fixation
1669787115.558089,,Eye Tracker,856.0,319.0,Valid,Valid,Fixation
1669787115.574744,,Mouse,858.0,317.5,,,Fixation
1669787115.591398,,Eye Tracker,860.0,316.0,Valid,Valid,Fixation
1669787115.608054,,Mouse,860.5,318.0,,,Fixation
1669787115.624709,,Eye Tracker,861.0,320.0,Valid,Valid,Fixation
1669787115.641363,,Mouse,856.0,319.0,,,Fixation
1669787115.6580179,,Eye Tracker,851.0,318.0,Valid,Valid,Fixation
1669787115.674672,,Mouse,850.0,317.3333333333333,,,Fixation
1669787115.6913269,,Mouse,849.0,316.6666666666667,,,Fixation
1669787115.7079809,,Eye Tracker,848.0,316.0,Valid,Valid,Fixation
1669787115.7246358,,Eye Tracker,850.0,313.0,Valid,Valid,Fixation
1669787115.741291,,Mouse,850.0,316.0,,,Fixation
1669787115.7579448,,Eye Tracker,850.0,319.0,Valid,Valid,Fixation
1669787115.7746,,Mouse,852.0,318.5,,,Fixation
1669787115.791255,,Eye Tracker,854.0,318.0,Valid,Valid,Fixation
1669787115.807909,,Eye Tracker,855.0,311.0,Valid,Valid,Fixation
1669787115.824564,,Mouse,855.0,308.5,,,Fixation
1669787115.84122,,Eye Tracker,855.0,306.0,Valid,Valid,Fixation
1669787115.857874,,Eye Tracker,856.0,303.0,Valid,Valid,Fixation
1669787115.874529,,Mouse,856.0,303.0,,,Fixation
1669787115.8911839,,Eye Tracker,856.0,303.0,Valid,Valid,Fixation
1669787115.9078379,,Mouse,857.5,302.5,,,Fixation
1669787115.9244928,,Eye Tracker,859.0,302.0,Valid,Valid,Fixation
1669787115.941148,,Mouse,860.0,297.0,,,Fixation
1669787115.957803,,Eye Tracker,861.0,292.0,Valid,Valid,Fixation
1669787115.974457,,Mouse,860.0,291.5,,,Fixation
1669787115.991112,,Eye Tracker,859.0,291.0,Valid,Valid,Fixation
1669787116.007767,,Mouse,854.0,286.5,,,Fixation
1669787116.024421,,Eye Tracker,849.0,282.0,Valid,Valid,Fixation
1669787116.041076,,Mouse,846.5,276.0,,,Fixation
1669787116.057731,,Eye Tracker,844.0,270.0,Valid,Valid,Fixation
1669787116.074385,,Eye Tracker,844.0,263.0,Valid,Valid,Fixation
1669787116.0910408,,Mouse,845.0,260.5,,,Fixation
1669787116.107696,,Eye Tracker,846.0,258.0,Valid,Valid,Fixation
1669787116.1243498,,Mouse,845.0,261.0,,,Fixation
1669787116.141005,,Eye Tracker,844.0,264.0,Valid,Valid,Fixation
1669787116.152487,,Mouse,844.5,264.0,,,Fixation
1669787116.15766,,Eye Tracker,845.0,264.0,Valid,Valid,Fixation
1669787116.174314,,Mouse,846.5,262.5,,,Fixation
1669787116.190969,,Eye Tracker,848.0,261.0,Valid,Valid,Fixation
1669787116.207624,,Eye Tracker,848.0,259.0,Valid,Valid,Fixation
1669787116.224279,,Eye Tracker,847.0,257.0,Valid,Valid,Fixation
1669787116.240933,,Mouse,847.0,259.0,,,Fixation
1669787116.257588,,Eye Tracker,847.0,261.0,Valid,Valid,Fixation
1669787116.2742429,,Eye Tracker,848.0,261.0,Valid,Valid,Fixation
1669787116.290897,,Mouse,848.0,261.5,,,Fixation
1669787116.3075519,,Eye Tracker,848.0,262.0,Valid,Valid,Fixation
1669787116.324208,,Mouse,847.0,262.3333333333333,,,Fixation
1669787116.340862,,Mouse,846.0,262.6666666666667,,,Fixation
1669787116.357517,,Eye Tracker,845.0,263.0,Valid,Valid,Fixation
1669787116.374172,,Eye Tracker,844.0,262.0,Valid,Valid,Fixation
1669787116.390826,,Mouse,844.0,263.0,,,Fixation
1669787116.407481,,Eye Tracker,844.0,264.0,Valid,Valid,Fixation
1669787116.424136,,Mouse,843.0,263.0,,,Fixation
1669787116.44079,,Eye Tracker,842.0,262.0,Valid,Valid,Fixation
1669787116.457445,,Mouse,843.5,261.5,,,Fixation
1669787116.4740999,,Eye Tracker,845.0,261.0,Valid,Valid,Fixation
1669787116.4907548,,Mouse,845.6666666666666,260.6666666666667,,,Fixation
1669787116.5074089,,Mouse,846.3333333333334,260.3333333333333,,,Fixation
1669787116.5240638,,Eye Tracker,847.0,260.0,Valid,Valid,Fixation
1669787116.540719,,Mouse,846.0,258.5,,,Fixation
1669787116.557373,,Eye Tracker,845.0,257.0,Valid,Valid,Fixation
1669787116.574029,,Eye Tracker,847.0,259.0,Valid,Valid,Fixation
1669787116.590684,,Eye Tracker,850.0,258.0,Valid,Valid,Fixation
1669787116.607338,,Eye Tracker,852.0,254.0,Valid,Valid,Fixation
1669787116.623993,,Eye Tracker,851.0,254.0,Valid,Valid,Fixation
1669787116.640648,,Eye Tracker,850.0,259.0,Valid,Valid,Fixation
1669787116.657302,,Mouse,848.5,261.5,,,Fixation
1669787116.6739569,,Eye Tracker,847.0,264.0,Valid,Valid,Fixation
1669787116.6906118,,Eye Tracker,847.0,264.0,Valid,Valid,Fixation
1669787116.7072659,,Eye Tracker,870.0,252.0,Valid,Valid,Saccade
1669787116.7239208,,Mouse,885.5,247.0,,,Saccade
1669787116.740576,,Eye Tracker,901.0,242.0,Valid,Valid,Saccade
1669787116.757231,,Eye Tracker,919.0,236.0,Valid,Valid,Fixation
1669787116.773885,,Mouse,919.0,232.5,,,Fixation
1669787116.79054,,Eye Tracker,919.0,229.0,Valid,Valid,Fixation
1669787116.807195,,Mouse,919.5,227.5,,,Fixation
1669787116.82385,,Eye Tracker,920.0,226.0,Valid,Valid,Fixation
1669787116.840505,,Eye Tracker,919.0,227.0,Valid,Valid,Fixation
1669787116.8571599,,Mouse,919.0,225.5,,,Fixation
1669787116.8738139,,Eye Tracker,919.0,224.0,Valid,Valid,Fixation
1669787116.8904688,,Mouse,919.3333333333334,223.0,,,Fixation
1669787116.907124,,Mouse,919.6666666666666,222.0,,,Fixation
1669787116.923778,,Eye Tracker,920.0,221.0,Valid,Valid,Fixation
1669787116.940433,,Mouse,917.5,223.0,,,Fixation
1669787116.957088,,Eye Tracker,915.0,225.0,Valid,Valid,Fixation
1669787116.973742,,Mouse,914.5,225.0,,,Fixation
1669787116.990397,,Eye Tracker,914.0,225.0,Valid,Valid,Fixation
1669787117.007052,,Mouse,914.0,223.5,,,Fixation
1669787117.023707,,Eye Tracker,914.0,222.0,Valid,Valid,Fixation
1669787117.040361,,Eye Tracker,915.0,225.0,Valid,Valid,Fixation
1669787117.0570168,,Mouse,915.6666666666666,224.66666666666666,,,Fixation
1669787117.073672,,Mouse,916.3333333333334,224.33333333333334,,,Fixation
1669787117.0903258,,Eye Tracker,917.0,224.0,Valid,Valid,Fixation
1669787117.106981,,Mouse,917.5,224.0,,,Fixation
1669787117.123636,,Eye Tracker,918.0,224.0,Valid,Valid,Fixation
1669787117.14029,,Mouse,918.5,224.5,,,Fixation
1669787117.156945,,Eye Tracker,919.0,225.0,Valid,Valid,Fixation
1669787117.1736,,Mouse,918.5,224.0,,,Fixation
1669787117.190254,,Eye Tracker,918.0,223.0,Valid,Valid,Fixation
1669787117.206909,,Mouse,919.0,224.0,,,Fixation
1669787117.223564,,Eye Tracker,920.0,225.0,Valid,Valid,Fixation
1669787117.240218,,Mouse,918.5,224.5,,,Fixation
1669787117.256873,,Eye Tracker,917.0,224.0,Valid,Valid,Fixation
1669787117.2735279,,Mouse,916.0,221.5,,,Fixation
1669787117.2901828,,Eye Tracker,915.0,219.0,Valid,Valid,Fixation
1669787117.306838,,Mouse,917.0,221.5,,,Fixation
1669787117.323493,,Eye Tracker,919.0,224.0,Valid,Valid,Fixation
1669787117.340148,,Eye Tracker,918.0,224.0,Valid,Valid,Fixation
1669787117.346349,,Mouse,909.6666666666666,220.66666666666666,,,Fixation
1669787117.356802,,Mouse,901.3333333333334,217.33333333333334,,,Saccade
1669787117.3574739,,Eye Tracker,893.0,214.0,Valid,Valid,Saccade
1669787117.373457,,Mouse,876.5,213.0,,,Saccade
1669787117.3773088,,Eye Tracker,860.0,212.0,Valid,Valid,Saccade
1669787117.3874419,,Mouse,859.0,211.5,,,Fixation
1669787117.390112,,Eye Tracker,858.0,211.0,Valid,Valid,Fixation
1669787117.406766,,Mouse,860.0,212.5,,,Fixation
1669787117.408324,,Eye Tracker,862.0,214.0,Valid,Valid,Fixation
1669787117.418475,,Eye Tracker,856.0,204.0,Valid,Invalid,Fixation
1669787117.423421,,Eye Tracker,858.0,194.0,Valid,Invalid,Fixation
1669787117.4372919,,Eye Tracker,861.0,197.0,Valid,Invalid,Fixation
1669787117.4400759,,Eye Tracker,857.0,200.0,Valid,Invalid,Fixation
1669787117.448354,,Eye Tracker,855.0,192.0,Valid,Invalid,Fixation
1669787117.45673,,Mouse,859.5,192.5,,,Fixation
1669787117.468278,,Eye Tracker,864.0,193.0,Valid,Invalid,Fixation
1669787117.4733849,,Mouse,866.0,194.5,,,Fixation
1669787117.4884129,,Eye Tracker,868.0,196.0,Valid,Invalid,Fixation
1669787117.4900398,,Eye Tracker,860.0,195.0,Valid,Invalid,Fixation
1669787117.4986088,,Eye Tracker,858.0,190.0,Valid,Invalid,Fixation
1669787117.5066938,,Eye Tracker,868.0,188.0,Valid,Invalid,Fixation
1669787117.523349,,Eye Tracker,874.0,191.0,Valid,Invalid,Fixation
1669787117.540004,,Eye Tracker,864.0,191.0,Valid,Invalid,Fixation
1669787117.55666,,Mouse,861.5,188.5,,,Fixation
1669787117.573314,,Eye Tracker,859.0,186.0,Valid,Invalid,Fixation
1669787117.589969,,Eye Tracker,862.0,198.0,Valid,Invalid,Fixation
1669787117.606624,,Mouse,862.5,197.5,,,Fixation
1669787117.6083488,,Eye Tracker,863.0,197.0,Valid,Invalid,Fixation
1669787117.623278,,Mouse,860.5,169.5,,,Fixation
1669787117.629416,,Eye Tracker,858.0,142.0,Valid,Valid,Saccade
1669787117.6399329,,Eye Tracker,865.0,163.0,Valid,Valid,Fixation
1669787117.6484869,,Eye Tracker,873.0,179.0,Valid,Valid,Fixation
1669787117.6565878,,Eye Tracker,872.0,184.0,Valid,Valid,Fixation
1669787117.6594489,,Eye Tracker,874.0,195.0,Valid,Valid,Fixation
1669787117.6732419,,Mouse,875.5,196.0,,,Fixation
1669787117.67974,,Eye Tracker,877.0,197.0,Valid,Valid,Fixation
1669787117.6898968,,Mouse,875.5,196.5,,,Fixation
1669787117.6992419,,Eye Tracker,874.0,196.0,Valid,Valid,Fixation
1669787117.706552,,Mouse,875.0,194.5,,,Fixation
1669787117.7093,,Eye Tracker,876.0,193.0,Valid,Valid,Fixation
1669787117.719534,,Mouse,874.0,195.0,,,Fixation
1669787117.723206,,Eye Tracker,872.0,197.0,Valid,Valid,Fixation
1669787117.7383199,,Eye Tracker,868.0,193.0,Valid,Valid,Fixation
1669787117.739861,,Eye Tracker,871.0,187.0,Valid,Valid,Fixation
1669787117.749433,,Eye Tracker,874.0,186.0,Valid,Valid,Fixation
1669787117.756516,,Eye Tracker,873.0,185.0,Valid,Valid,Fixation
1669787117.769325,,Eye Tracker,872.0,186.0,Valid,Valid,Fixation
1669787117.77317,,Mouse,872.5,191.0,,,Fixation
1669787117.789345,,Eye Tracker,873.0,196.0,Valid,Valid,Fixation
1669787117.789826,,Eye Tracker,876.0,197.0,Valid,Valid,Fixation
1669787117.806481,,Mouse,880.0,196.0,,,Fixation
1669787117.809341,,Eye Tracker,884.0,195.0,Valid,Valid,Fixation
1669787117.8231359,,Eye Tracker,883.0,194.0,Valid,Valid,Fixation
1669787117.8397899,,Eye Tracker,871.0,188.0,Valid,Valid,Fixation
1669787117.8564448,,Mouse,870.5,189.0,,,Fixation
1669787117.8731,,Eye Tracker,870.0,190.0,Valid,Valid,Fixation
1669787117.889754,,Eye Tracker,873.0,187.0,Valid,Valid,Fixation
1669787117.899327,,Mouse,875.0,185.5,,,Fixation
1669787117.906409,,Eye Tracker,877.0,184.0,Valid,Valid,Fixation
1669787117.923064,,Eye Tracker,877.0,183.0,Valid,Valid,Fixation
1669787117.939718,,Mouse,877.0,181.5,,,Fixation
1669787117.956373,,Eye Tracker,877.0,180.0,Valid,Valid,Fixation
1669787117.973028,,Eye Tracker,876.0,187.0,Valid,Valid,Fixation
1669787117.989682,,Eye Tracker,873.0,185.0,Valid,Valid,Fixation
1669787118.000469,,Mouse,874.5,186.5,,,Fixation
1669787118.006337,,Eye Tracker,876.0,188.0,Valid,Valid,Fixation
1669787118.02033,,Eye Tracker,876.0,190.0,Valid,Valid,Fixation
1669787118.022992,,Mouse,876.0,186.0,,,Fixation
1669787118.0396469,,Eye Tracker,876.0,182.0,Valid,Valid,Fixation
1669787118.040324,,Eye Tracker,877.0,180.0,Valid,Valid,Fixation
1669787118.050721,,Eye Tracker,874.0,181.0,Valid,Valid,Fixation
1669787118.0563018,,Mouse,875.0,179.5,,,Fixation
1669787118.0705218,,Eye Tracker,876.0,178.0,Valid,Valid,Fixation
1669787118.072957,,Mouse,877.0,179.0,,,Fixation
1669787118.089612,,Eye Tracker,878.0,180.0,Valid,Valid,Fixation
1669787118.091712,,Eye Tracker,876.0,184.0,Valid,Valid,Fixation
1669787118.106266,,Eye Tracker,876.0,181.0,Valid,Valid,Fixation
1669787118.111304,,Mouse,876.5,180.5,,,Fixation
1669787118.122921,,Eye Tracker,877.0,180.0,Valid,Valid,Fixation
1669787118.1312258,,Eye Tracker,884.0,184.0,Valid,Valid,Fixation
1669787118.139576,,Mouse,883.5,182.5,,,Fixation
1669787118.141319,,Eye Tracker,883.0,181.0,Valid,Valid,Fixation
1669787118.151418,,Eye Tracker,876.0,175.0,Valid,Valid,Fixation
1669787118.15623,,Eye Tracker,875.0,173.0,Valid,Valid,Fixation
1669787118.171332,,Mouse,878.0,176.5,,,Fixation
1669787118.172885,,Eye Tracker,881.0,180.0,Valid,Valid,Fixation
1669787118.18148,,Mouse,882.5,183.5,,,Fixation
1669787118.18954,,Eye Tracker,884.0,187.0,Valid,Valid,Fixation
1669787118.2003229,,Mouse,883.5,185.5,,,Fixation
1669787118.206194,,Eye Tracker,883.0,184.0,Valid,Valid,Fixation
1669787118.222849,,Mouse,883.3333333333334,182.33333333333334,,,Fixation
1669787118.2395039,,Mouse,883.6666666666666,180.66666666666666,,,Fixation
1669787118.2561579,,Eye Tracker,884.0,179.0,Valid,Valid,Fixation
1669787118.2728128,,Eye Tracker,883.0,176.0,Valid,Valid,Fixation
1669787118.289469,,Mouse,883.5,175.0,,,Fixation
1669787118.306123,,Eye Tracker,884.0,174.0,Valid,Valid,Fixation
1669787118.322778,,Mouse,887.0,175.0,,,Fixation
1669787118.339433,,Eye Tracker,890.0,176.0,Valid,Valid,Fixation
1669787118.356088,,Mouse,891.0,176.5,,,Fixation
1669787118.372742,,Eye Tracker,892.0,177.0,Valid,Valid,Fixation
1669787118.389397,,Mouse,891.5,174.5,,,Fixation
1669787118.4060519,,Eye Tracker,891.0,172.0,Valid,Valid,Fixation
1669787118.4225528,,Eye Tracker,890.0,171.0,Valid,Valid,Fixation
1669787118.422706,,Eye Tracker,889.0,169.0,Valid,Valid,Fixation
1669787118.4393609,,Eye Tracker,890.0,173.0,Valid,Valid,Fixation
1669787118.442318,,Eye Tracker,896.0,172.0,Valid,Valid,Fixation
1669787118.4560158,,Eye Tracker,897.0,170.0,Valid,Valid,Fixation
1669787118.461386,,Eye Tracker,899.0,174.0,Valid,Valid,Fixation
1669787118.472457,,Mouse,901.5,174.0,,,Fixation
1669787118.4726698,,Eye Tracker,904.0,174.0,Valid,Valid,Fixation
1669787118.489325,,Eye Tracker,903.0,171.0,Valid,Valid,Fixation
1669787118.492383,,Mouse,900.5,169.0,,,Fixation
1669787118.50598,,Eye Tracker,898.0,167.0,Valid,Valid,Fixation
1669787118.512495,,Eye Tracker,895.0,170.0,Valid,Valid,Fixation
1669787118.522635,,Eye Tracker,896.0,170.0,Valid,Valid,Fixation
1669787118.532352,,Mouse,896.5,170.5,,,Fixation
1669787118.53929,,Eye Tracker,897.0,171.0,Valid,Valid,Fixation
1669787118.5524359,,Mouse,898.3333333333334,172.0,,,Fixation
1669787118.555945,,Mouse,899.6666666666666,173.0,,,Fixation
1669787118.572599,,Eye Tracker,901.0,174.0,Valid,Valid,Fixation
1669787118.589254,,Eye Tracker,903.0,172.0,Valid,Valid,Fixation
1669787118.6059089,,Mouse,904.0,172.0,,,Fixation
1669787118.613607,,Eye Tracker,905.0,172.0,Valid,Valid,Fixation
1669787118.6225638,,Mouse,908.5,173.0,,,Fixation
1669787118.632879,,Eye Tracker,912.0,174.0,Valid,Valid,Fixation
1669787118.6392179,,Mouse,910.0,173.0,,,Fixation
1669787118.643337,,Eye Tracker,908.0,172.0,Valid,Valid,Fixation
1669787118.6558728,,Mouse,903.5,172.0,,,Fixation
1669787118.663334,,Eye Tracker,899.0,172.0,Valid,Valid,Fixation
1669787118.672528,,Mouse,900.5,170.5,,,Fixation
1669787118.683552,,Eye Tracker,902.0,169.0,Valid,Valid,Fixation
1669787118.689182,,Mouse,905.5,167.5,,,Fixation
1669787118.7033138,,Eye Tracker,909.0,166.0,Valid,Valid,Fixation
1669787118.705837,,Mouse,908.5,168.0,,,Fixation
1669787118.722492,,Eye Tracker,908.0,170.0,Valid,Valid,Fixation
1669787118.7233338,,Eye Tracker,910.0,171.0,Valid,Valid,Fixation
1669787118.739146,,Eye Tracker,909.0,172.0,Valid,Valid,Fixation
1669787118.7433279,,Eye Tracker,906.0,173.0,Valid,Valid,Fixation
1669787118.755801,,Eye Tracker,909.0,172.0,Valid,Valid,Fixation
1669787118.763295,,Eye Tracker,919.0,156.0,Valid,Valid,Fixation
1669787118.772457,,Mouse,922.5,144.0,,,Fixation
1669787118.773455,,Eye Tracker,926.0,132.0,Valid,Valid,Fixation
1669787118.789111,,Eye Tracker,933.0,132.0,Valid,Valid,Fixation
1669787118.7935178,,Eye Tracker,933.0,133.0,Valid,Valid,Fixation
1669787118.8057659,,Mouse,934.0,133.5,,,Fixation
1669787118.813303,,Eye Tracker,935.0,134.0,Valid,Valid,Fixation
1669787118.8224208,,Eye Tracker,940.0,140.0,Valid,Valid,Fixation
1669787118.8390749,,Eye Tracker,938.0,136.0,Valid,Valid,Fixation
1669787118.85573,,Eye Tracker,940.0,134.0,Valid,Valid,Fixation
1669787118.872385,,Eye Tracker,941.0,127.0,Valid,Valid,Fixation
1669787118.87358,,Eye Tracker,939.0,124.0,Valid,Valid,Fixation
1669787118.88904,,Mouse,938.6666666666666,123.33333333333333,,,Fixation
1669787118.8935668,,Mouse,938.3333333333334,122.66666666666667,,,Fixation
1669787118.905694,,Eye Tracker,938.0,122.0,Valid,Valid,Fixation
1669787118.913239,,Mouse,938.5,123.0,,,Fixation
1669787118.922349,,Eye Tracker,939.0,124.0,Valid,Valid,Fixation
1669787118.923349,,Mouse,938.5,126.5,,,Fixation
1669787118.933433,,Eye Tracker,938.0,129.0,Valid,Valid,Fixation
1669787118.939004,,Mouse,938.5,128.0,,,Fixation
1669787118.944332,,Eye Tracker,939.0,127.0,Valid,Valid,Fixation
1669787118.955658,,Mouse,940.0,127.0,,,Fixation
1669787118.964297,,Eye Tracker,941.0,127.0,Valid,Valid,Fixation
1669787118.972313,,Mouse,940.5,127.0,,,Fixation
1669787118.9845068,,Eye Tracker,940.0,127.0,Valid,Valid,Fixation
1669787118.988968,,Mouse,940.6666666666666,125.33333333333333,,,Fixation
1669787119.0043359,,Mouse,941.3333333333334,123.66666666666667,,,Fixation
1669787119.005622,,Eye Tracker,942.0,122.0,Valid,Valid,Fixation
1669787119.0222778,,Mouse,941.5,120.5,,,Fixation
1669787119.024345,,Eye Tracker,941.0,119.0,Valid,Valid,Fixation
1669787119.038933,,Mouse,936.5,121.0,,,Fixation
1669787119.0443149,,Eye Tracker,932.0,123.0,Valid,Valid,Fixation
1669787119.055587,,Mouse,932.5,121.0,,,Fixation
1669787119.064925,,Eye Tracker,933.0,119.0,Valid,Valid,Fixation
1669787119.072242,,Mouse,936.5,119.0,,,Fixation
1669787119.084328,,Eye Tracker,940.0,119.0,Valid,Valid,Fixation
1669787119.088897,,Mouse,940.0,118.66666666666667,,,Fixation
1669787119.094349,,Mouse,940.0,118.33333333333333,,,Fixation
1669787119.10535,,Eye Tracker,940.0,118.0,Valid,Valid,Fixation
1669787119.105551,,Eye Tracker,939.0,118.0,Valid,Valid,Fixation
1669787119.122206,,Mouse,939.5,123.0,,,Fixation
1669787119.125244,,Eye Tracker,940.0,128.0,Valid,Valid,Fixation
1669787119.1354148,,Mouse,941.5,127.5,,,Fixation
1669787119.138861,,Eye Tracker,943.0,127.0,Valid,Valid,Fixation
1669787119.155315,,Mouse,945.0,124.5,,,Fixation
1669787119.155516,,Eye Tracker,947.0,122.0,Valid,Valid,Fixation
1669787119.17217,,Mouse,946.5,121.0,,,Fixation
1669787119.176549,,Eye Tracker,946.0,120.0,Valid,Valid,Fixation
1669787119.188825,,Mouse,945.0,118.5,,,Fixation
1669787119.195324,,Eye Tracker,944.0,117.0,Valid,Valid,Fixation
1669787119.205342,,Mouse,944.0,116.66666666666667,,,Fixation
1669787119.2054799,,Mouse,944.0,116.33333333333333,,,Fixation
1669787119.2221339,,Eye Tracker,944.0,116.0,Valid,Valid,Fixation
1669787119.2243168,,Mouse,945.0,116.5,,,Fixation
1669787119.2387888,,Eye Tracker,946.0,117.0,Valid,Valid,Fixation
1669787119.245414,,Mouse,953.0,116.5,,,Fixation
1669787119.255445,,Eye Tracker,960.0,116.0,Valid,Valid,Fixation
1669787119.264438,,Mouse,963.6666666666666,114.33333333333333,,,Fixation
1669787119.272099,,Mouse,967.3333333333334,112.66666666666667,,,Fixation
1669787119.2752929,,Eye Tracker,971.0,111.0,Valid,Valid,Fixation
1669787119.288754,,Mouse,972.0,110.5,,,Fixation
1669787119.305409,,Eye Tracker,973.0,110.0,Valid,Valid,Fixation
1669787119.322063,,Mouse,974.0,111.0,,,Fixation
1669787119.338718,,Eye Tracker,975.0,112.0,Valid,Valid,Fixation
1669787119.345455,,Mouse,975.5,113.5,,,Fixation
1669787119.355373,,Eye Tracker,976.0,115.0,Valid,Valid,Fixation
1669787119.3653278,,Mouse,976.5,116.0,,,Fixation
1669787119.372027,,Eye Tracker,977.0,117.0,Valid,Valid,Fixation
1669787119.385311,,Mouse,978.0,115.66666666666667,,,Fixation
1669787119.388682,,Mouse,979.0,114.33333333333333,,,Fixation
1669787119.4053369,,Eye Tracker,980.0,113.0,Valid,Valid,Fixation
1669787119.405586,,Mouse,982.5,113.0,,,Fixation
1669787119.4219918,,Eye Tracker,985.0,113.0,Valid,Valid,Fixation
1669787119.425308,,Mouse,983.5,112.5,,,Fixation
1669787119.4386458,,Eye Tracker,982.0,112.0,Valid,Valid,Fixation
1669787119.455301,,Mouse,982.5,111.5,,,Fixation
1669787119.471956,,Eye Tracker,983.0,111.0,Valid,Valid,Fixation
1669787119.48861,,Mouse,986.5,109.5,,,Fixation
1669787119.505266,,Eye Tracker,990.0,108.0,Valid,Valid,Fixation
1669787119.521921,,Mouse,991.0,107.0,,,Fixation
1669787119.538575,,Eye Tracker,992.0,106.0,Valid,Valid,Fixation
1669787119.55523,,Mouse,997.0,106.0,,,Fixation
1669787119.5718849,,Eye Tracker,1002.0,106.0,Valid,Valid,Fixation
1669787119.588539,,Mouse,1004.0,105.0,,,Fixation
1669787119.6051939,,Eye Tracker,1006.0,104.0,Valid,Valid,Fixation
1669787119.606391,,Mouse,1003.5,105.5,,,Fixation
1669787119.6218488,,Eye Tracker,1001.0,107.0,Valid,Valid,Fixation
1669787119.627321,,Mouse,1002.0,108.0,,,Fixation
1669787119.637346,,Eye Tracker,1003.0,109.0,Valid,Valid,Fixation
1669787119.6385028,,Mouse,1005.0,109.5,,,Fixation
1669787119.6474009,,Eye Tracker,1007.0,110.0,Valid,Valid,Fixation
1669787119.655158,,Mouse,1008.0,108.5,,,Fixation
1669787119.667325,,Eye Tracker,1009.0,107.0,Valid,Valid,Fixation
1669787119.671813,,Mouse,1011.5,104.0,,,Fixation
1669787119.677325,,Eye Tracker,1014.0,101.0,Valid,Valid,Fixation
1669787119.688468,,Mouse,1014.5,104.0,,,Fixation
1669787119.696338,,Eye Tracker,1015.0,107.0,Valid,Valid,Fixation
1669787119.705122,,Mouse,1017.3333333333334,108.66666666666667,,,Fixation
1669787119.721777,,Mouse,1019.6666666666666,110.33333333333333,,,Fixation
1669787119.738432,,Eye Tracker,1022.0,112.0,Valid,Valid,Fixation
1669787119.74733,,Mouse,1036.5,112.5,,,Saccade
1669787119.755087,,Eye Tracker,1051.0,113.0,Valid,Valid,Saccade
1669787119.7717419,,Mouse,1063.0,114.5,,,Saccade
1669787119.7763019,,Eye Tracker,1075.0,116.0,Valid,Valid,Fixation
1669787119.7883968,,Mouse,1078.0,114.0,,,Fixation
1669787119.797526,,Eye Tracker,1081.0,112.0,Valid,Valid,Fixation
1669787119.8050508,,Mouse,1083.5,112.5,,,Fixation
1669787119.817311,,Eye Tracker,1086.0,113.0,Valid,Valid,Fixation
1669787119.821706,,Mouse,1086.5,118.5,,,Fixation
1669787119.837565,,Eye Tracker,1087.0,124.0,Valid,Valid,Fixation
1669787119.838361,,Mouse,1089.0,123.0,,,Fixation
1669787119.855015,,Eye Tracker,1091.0,122.0,Valid,Valid,Fixation
1669787119.857586,,Mouse,1093.0,119.33333333333333,,,Fixation
1669787119.87167,,Mouse,1095.0,116.66666666666667,,,Fixation
1669787119.877249,,Eye Tracker,1097.0,114.0,Valid,Valid,Fixation
1669787119.8872678,,Mouse,1096.0,112.0,,,Fixation
1669787119.888325,,Eye Tracker,1095.0,110.0,Valid,Valid,Fixation
1669787119.8973,,Mouse,1095.5,112.0,,,Fixation
1669787119.904979,,Eye Tracker,1096.0,114.0,Valid,Valid,Fixation
1669787119.917291,,Mouse,1099.0,114.66666666666667,,,Fixation
1669787119.921634,,Mouse,1102.0,115.33333333333333,,,Fixation
1669787119.92742,,Eye Tracker,1105.0,116.0,Valid,Valid,Fixation
1669787119.938289,,Eye Tracker,1109.0,114.0,Valid,Valid,Fixation
1669787119.947295,,Mouse,1109.0,111.66666666666667,,,Fixation
1669787119.954944,,Mouse,1109.0,109.33333333333333,,,Fixation
1669787119.958298,,Eye Tracker,1109.0,107.0,Valid,Valid,Fixation
1669787119.968833,,Mouse,1108.5,108.5,,,Fixation
1669787119.971598,,Eye Tracker,1108.0,110.0,Valid,Valid,Fixation
1669787119.9882538,,Mouse,1107.5,114.5,,,Fixation
1669787119.988318,,Eye Tracker,1107.0,119.0,Valid,Valid,Fixation
1669787120.004909,,Mouse,1111.5,116.5,,,Fixation
1669787120.021563,,Eye Tracker,1116.0,114.0,Valid,Valid,Fixation
1669787120.038218,,Mouse,1118.6666666666667,113.66666666666667,,,Fixation
1669787120.054873,,Mouse,1121.3333333333333,113.33333333333333,,,Fixation
1669787120.071527,,Eye Tracker,1124.0,113.0,Valid,Valid,Fixation
1669787120.088182,,Eye Tracker,1123.0,113.0,Valid,Valid,Fixation
1669787120.0883338,,Mouse,1122.6666666666667,114.33333333333333,,,Fixation
1669787120.0984728,,Mouse,1122.3333333333333,115.66666666666667,,,Fixation
1669787120.104837,,Eye Tracker,1122.0,117.0,Valid,Valid,Fixation
1669787120.118486,,Mouse,1124.5,118.5,,,Fixation
1669787120.121491,,Eye Tracker,1127.0,120.0,Valid,Valid,Fixation
1669787120.129322,,Eye Tracker,1133.0,123.0,Valid,Valid,Fixation
1669787120.138146,,Mouse,1132.5,122.5,,,Fixation
1669787120.149283,,Eye Tracker,1132.0,122.0,Valid,Valid,Fixation
1669787120.154801,,Mouse,1131.5,123.5,,,Fixation
1669787120.169458,,Eye Tracker,1131.0,125.0,Valid,Valid,Fixation
1669787120.171455,,Mouse,1131.5,126.0,,,Fixation
1669787120.1881099,,Eye Tracker,1132.0,127.0,Valid,Valid,Fixation
1669787120.189385,,Mouse,1133.0,127.0,,,Fixation
1669787120.2047648,,Eye Tracker,1134.0,127.0,Valid,Valid,Fixation
1669787120.2082949,,Mouse,1135.0,125.66666666666667,,,Fixation
1669787120.219316,,Mouse,1136.0,124.33333333333333,,,Fixation
1669787120.22142,,Eye Tracker,1137.0,123.0,Valid,Valid,Fixation
1669787120.229457,,Mouse,1134.5,122.5,,,Fixation
1669787120.238075,,Eye Tracker,1132.0,122.0,Valid,Valid,Fixation
1669787120.248318,,Mouse,1132.0,123.0,,,Fixation
1669787120.25473,,Eye Tracker,1132.0,124.0,Valid,Valid,Fixation
1669787120.2594368,,Mouse,1134.5,122.0,,,Fixation
1669787120.259831,,Eye Tracker,1137.0,120.0,Valid,Valid,Fixation
1669787120.259831,,Eye Tracker,1137.0,125.0,Valid,Valid,Fixation
1669787120.271385,,Mouse,1137.0,128.5,,,Fixation
1669787120.279234,,Eye Tracker,1137.0,132.0,Valid,Valid,Fixation
1669787120.288039,,Mouse,1137.5,132.5,,,Fixation
1669787120.299392,,Eye Tracker,1138.0,133.0,Valid,Valid,Fixation
1669787120.304694,,Mouse,1141.0,131.5,,,Fixation
1669787120.31934,,Eye Tracker,1144.0,130.0,Valid,Valid,Fixation
1669787120.321349,,Mouse,1145.0,128.5,,,Fixation
1669787120.329496,,Eye Tracker,1146.0,127.0,Valid,Valid,Fixation
1669787120.338003,,Eye Tracker,1151.0,120.0,Valid,Valid,Fixation
1669787120.349297,,Mouse,1151.0,121.5,,,Fixation
1669787120.354658,,Eye Tracker,1151.0,123.0,Valid,Valid,Fixation
1669787120.359333,,Mouse,1149.0,127.5,,,Fixation
1669787120.3695,,Eye Tracker,1147.0,132.0,Valid,Valid,Fixation
1669787120.3713129,,Eye Tracker,1148.0,130.0,Valid,Valid,Fixation
1669787120.3879669,,Mouse,1149.3333333333333,127.33333333333333,,,Fixation
1669787120.389395,,Mouse,1150.6666666666667,124.66666666666667,,,Fixation
1669787120.4046218,,Eye Tracker,1152.0,122.0,Valid,Valid,Fixation
1669787120.4093149,,Mouse,1154.5,120.5,,,Fixation
1669787120.421277,,Eye Tracker,1157.0,119.0,Valid,Valid,Fixation
1669787120.4295099,,Mouse,1154.5,121.5,,,Fixation
1669787120.4379308,,Eye Tracker,1152.0,124.0,Valid,Valid,Fixation
1669787120.454586,,Eye Tracker,1149.0,134.0,Valid,Valid,Fixation
1669787120.471241,,Eye Tracker,1153.0,137.0,Valid,Valid,Fixation
1669787120.487897,,Eye Tracker,1153.0,133.0,Valid,Valid,Fixation
1669787120.504551,,Mouse,1154.0,126.5,,,Fixation
1669787120.521206,,Eye Tracker,1155.0,120.0,Valid,Valid,Fixation
1669787120.5378609,,Mouse,1156.5,120.0,,,Fixation
1669787120.554515,,Eye Tracker,1158.0,120.0,Valid,Valid,Fixation
1669787120.57078,,Eye Tracker,1163.0,124.0,Valid,Valid,Fixation
1669787120.5711699,,Eye Tracker,1166.0,122.0,Valid,Valid,Fixation
1669787120.5878248,,Mouse,1167.5,121.5,,,Fixation
1669787120.589377,,Eye Tracker,1169.0,121.0,Valid,Valid,Fixation
1669787120.600311,,Eye Tracker,1173.0,122.0,Valid,Valid,Fixation
1669787120.6044788,,Mouse,1171.5,123.0,,,Fixation
1669787120.621134,,Eye Tracker,1170.0,124.0,Valid,Valid,Fixation
1669787120.637789,,Eye Tracker,1170.0,121.0,Valid,Valid,Fixation
1669787120.654443,,Eye Tracker,1177.0,119.0,Valid,Valid,Fixation
1669787120.671098,,Mouse,1177.5,118.0,,,Fixation
1669787120.687753,,Eye Tracker,1178.0,117.0,Valid,Valid,Fixation
1669787120.704407,,Mouse,1177.0,115.0,,,Fixation
1669787120.721063,,Eye Tracker,1176.0,113.0,Valid,Valid,Fixation
1669787120.7377179,,Mouse,1175.0,115.5,,,Fixation
1669787120.7543728,,Eye Tracker,1174.0,118.0,Valid,Valid,Fixation
1669787120.7710268,,Mouse,1175.5,120.0,,,Fixation
1669787120.7813299,,Eye Tracker,1177.0,122.0,Valid,Valid,Fixation
1669787120.787682,,Mouse,1180.0,121.5,,,Fixation
1669787120.804337,,Eye Tracker,1183.0,121.0,Valid,Valid,Fixation
1669787120.820483,,Eye Tracker,1183.0,120.0,Valid,Valid,Fixation
1669787120.820483,,Mouse,1184.0,118.5,,,Fixation
1669787120.820991,,Eye Tracker,1185.0,117.0,Valid,Valid,Fixation
1669787120.831276,,Eye Tracker,1187.0,116.0,Valid,Valid,Fixation
1669787120.837646,,Eye Tracker,1182.0,118.0,Valid,Valid,Fixation
1669787120.854301,,Eye Tracker,1182.0,117.0,Valid,Valid,Fixation
1669787120.870955,,Eye Tracker,1188.0,123.0,Valid,Valid,Fixation
1669787120.88761,,Eye Tracker,1189.0,132.0,Valid,Valid,Fixation
1669787120.904265,,Mouse,1189.0,131.0,,,Fixation
1669787120.920918,,Eye Tracker,1189.0,130.0,Valid,Valid,Fixation
1669787120.937573,,Mouse,1191.0,126.0,,,Fixation
1669787120.954228,,Eye Tracker,1193.0,122.0,Valid,Valid,Fixation
1669787120.9613779,,Mouse,1194.0,121.5,,,Fixation
1669787120.970883,,Eye Tracker,1195.0,121.0,Valid,Valid,Fixation
1669787120.9825459,,Mouse,1195.0,122.5,,,Fixation
1669787120.9875379,,Eye Tracker,1195.0,124.0,Valid,Valid,Fixation
1669787120.992995,,Mouse,1194.5,122.5,,,Fixation
1669787121.0041928,,Eye Tracker,1194.0,121.0,Valid,Valid,Fixation
1669787121.012282,,Eye Tracker,1192.0,119.0,Valid,Valid,Fixation
1669787121.020848,,Mouse,1192.5,122.0,,,Fixation
1669787121.022513,,Eye Tracker,1193.0,125.0,Valid,Valid,Fixation
1669787121.037502,,Eye Tracker,1199.0,129.0,Valid,Valid,Fixation
1669787121.0423648,,Mouse,1199.0,129.0,,,Fixation
1669787121.052466,,Eye Tracker,1199.0,129.0,Valid,Valid,Fixation
1669787121.054157,,Eye Tracker,1198.0,133.0,Valid,Valid,Fixation
1669787121.070812,,Eye Tracker,1199.0,136.0,Valid,Valid,Fixation
1669787121.072336,,Eye Tracker,1199.0,137.0,Valid,Valid,Fixation
1669787121.0823588,,Eye Tracker,1196.0,140.0,Valid,Valid,Fixation
1669787121.087466,,Eye Tracker,1194.0,138.0,Valid,Valid,Fixation
1669787121.1013489,,Eye Tracker,1194.0,138.0,Valid,Valid,Fixation
1669787121.104121,,Eye Tracker,1197.0,137.0,Valid,Valid,Fixation
1669787121.112565,,Eye Tracker,1195.0,137.0,Valid,Valid,Fixation
1669787121.120776,,Eye Tracker,1186.0,139.0,Valid,Valid,Fixation
1669787121.1323318,,Eye Tracker,1182.0,135.0,Valid,Valid,Fixation
1669787121.13743,,Eye Tracker,1184.0,131.0,Valid,Valid,Fixation
1669787121.153238,,Eye Tracker,1181.0,132.0,Valid,Valid,Fixation
1669787121.154085,,Mouse,1182.0,132.5,,,Fixation
1669787121.1633499,,Eye Tracker,1183.0,133.0,Valid,Valid,Fixation
1669787121.17074,,Eye Tracker,1182.0,136.0,Valid,Valid,Fixation
1669787121.183315,,Eye Tracker,1180.0,139.0,Valid,Valid,Fixation
1669787121.187394,,Eye Tracker,1181.0,141.0,Valid,Valid,Fixation
1669787121.203273,,Eye Tracker,1183.0,142.0,Valid,Valid,Fixation
1669787121.2040489,,Eye Tracker,1180.0,141.0,Valid,Valid,Fixation
1669787121.213304,,Eye Tracker,1177.0,144.0,Valid,Valid,Fixation
1669787121.220705,,Eye Tracker,1176.0,142.0,Valid,Valid,Fixation
1669787121.2233438,,Eye Tracker,1174.0,135.0,Valid,Valid,Fixation
1669787121.237359,,Eye Tracker,1175.0,139.0,Valid,Valid,Fixation
1669787121.254014,,Eye Tracker,1177.0,147.0,Valid,Valid,Fixation
1669787121.263311,,Eye Tracker,1176.0,144.0,Valid,Valid,Fixation
1669787121.270669,,Eye Tracker,1175.0,146.0,Valid,Valid,Fixation
1669787121.283328,,Eye Tracker,1173.0,150.0,Valid,Valid,Fixation
1669787121.287324,,Eye Tracker,1172.0,149.0,Valid,Valid,Fixation
1669787121.303293,,Eye Tracker,1175.0,147.0,Valid,Valid,Fixation
1669787121.303978,,Eye Tracker,1174.0,142.0,Valid,Valid,Fixation
1669787121.320633,,Eye Tracker,1175.0,139.0,Valid,Valid,Fixation
1669787121.337288,,Eye Tracker,1176.0,140.0,Valid,Valid,Fixation
1669787121.3432689,,Eye Tracker,1174.0,144.0,Valid,Valid,Fixation
1669787121.353942,,Eye Tracker,1174.0,142.0,Valid,Valid,Fixation
1669787121.370597,,Eye Tracker,1177.0,140.0,Valid,Valid,Fixation
1669787121.3872519,,Eye Tracker,1178.0,143.0,Valid,Valid,Fixation
1669787121.403241,,Mouse,1177.5,143.0,,,Fixation
1669787121.4039059,,Eye Tracker,1177.0,143.0,Valid,Valid,Fixation
1669787121.4205608,,Eye Tracker,1178.0,139.0,Valid,Valid,Fixation
1669787121.437216,,Eye Tracker,1180.0,137.0,Valid,Valid,Fixation
1669787121.453263,,Mouse,1179.6666666666667,136.33333333333334,,,Fixation
1669787121.453871,,Mouse,1179.3333333333333,135.66666666666666,,,Fixation
1669787121.470526,,Eye Tracker,1179.0,135.0,Valid,Valid,Fixation
1669787121.473305,,Mouse,1179.5,136.0,,,Fixation
1669787121.483352,,Eye Tracker,1180.0,137.0,Valid,Valid,Fixation
1669787121.487181,,Eye Tracker,1182.0,137.0,Valid,Valid,Fixation
1669787121.494344,,Mouse,1181.0,134.5,,,Fixation
1669787121.503835,,Eye Tracker,1180.0,132.0,Valid,Valid,Fixation
1669787121.504566,,Eye Tracker,1183.0,134.0,Valid,Valid,Fixation
1669787121.52049,,Mouse,1184.5,134.5,,,Fixation
1669787121.524345,,Eye Tracker,1186.0,135.0,Valid,Valid,Fixation
1669787121.537145,,Mouse,1186.5,134.0,,,Fixation
1669787121.544462,,Eye Tracker,1187.0,133.0,Valid,Valid,Fixation
1669787121.5537999,,Mouse,1187.0,133.0,,,Fixation
1669787121.564331,,Eye Tracker,1187.0,133.0,Valid,Valid,Fixation
1669787121.570454,,Eye Tracker,1192.0,134.0,Valid,Valid,Fixation
1669787121.5843089,,Mouse,1193.0,135.0,,,Fixation
1669787121.5871089,,Eye Tracker,1194.0,136.0,Valid,Valid,Fixation
1669787121.603764,,Eye Tracker,1192.0,136.0,Valid,Valid,Fixation
1669787121.604302,,Eye Tracker,1192.0,137.0,Valid,Valid,Fixation
1669787121.6145658,,Eye Tracker,1193.0,132.0,Valid,Valid,Fixation
1669787121.6204178,,Eye Tracker,1195.0,128.0,Valid,Valid,Fixation
1669787121.637073,,Eye Tracker,1196.0,128.0,Valid,Valid,Fixation
1669787121.653728,,Mouse,1195.6666666666667,127.0,,,Fixation
1669787121.670382,,Mouse,1195.3333333333333,126.0,,,Fixation
1669787121.687037,,Eye Tracker,1195.0,125.0,Valid,Valid,Fixation
1669787121.703693,,Eye Tracker,1196.0,127.0,Valid,Valid,Fixation
1669787121.7052999,,Mouse,1196.6666666666667,127.33333333333333,,,Fixation
1669787121.720347,,Mouse,1197.3333333333333,127.66666666666667,,,Fixation
1669787121.725308,,Eye Tracker,1198.0,128.0,Valid,Valid,Fixation
1669787121.737002,,Mouse,1197.0,126.5,,,Fixation
1669787121.7453508,,Eye Tracker,1196.0,125.0,Valid,Valid,Fixation
1669787121.753656,,Mouse,1196.0,127.5,,,Fixation
1669787121.75542,,Eye Tracker,1196.0,130.0,Valid,Valid,Fixation
1669787121.765573,,Eye Tracker,1198.0,131.0,Valid,Valid,Fixation
1669787121.77031,,Mouse,1196.0,130.0,,,Fixation
1669787121.785414,,Eye Tracker,1194.0,129.0,Valid,Valid,Fixation
1669787121.786965,,Eye Tracker,1195.0,128.0,Valid,Valid,Fixation
1669787121.8036199,,Eye Tracker,1197.0,124.0,Valid,Valid,Fixation
1669787121.805305,,Eye Tracker,1196.0,127.0,Valid,Valid,Fixation
1669787121.815336,,Eye Tracker,1199.0,124.0,Valid,Valid,Fixation
1669787121.8202748,,Eye Tracker,1200.0,118.0,Valid,Valid,Fixation
1669787121.8353488,,Eye Tracker,1199.0,122.0,Valid,Valid,Fixation
1669787121.8369288,,Eye Tracker,1199.0,126.0,Valid,Valid,Fixation
1669787121.845424,,Eye Tracker,1199.0,129.0,Valid,Valid,Fixation
1669787121.853584,,Eye Tracker,1202.0,131.0,Valid,Valid,Fixation
1669787121.87024,,Eye Tracker,1206.0,128.0,Valid,Valid,Fixation
1669787121.8753278,,Eye Tracker,1201.0,131.0,Valid,Valid,Fixation
1669787121.885514,,Eye Tracker,1201.0,134.0,Valid,Valid,Fixation
1669787121.886894,,Eye Tracker,1206.0,132.0,Valid,Valid,Fixation
1669787121.903549,,Eye Tracker,1205.0,135.0,Valid,Valid,Fixation
1669787121.920203,,Eye Tracker,1203.0,134.0,Valid,Valid,Fixation
1669787121.936857,,Eye Tracker,1203.0,131.0,Valid,Valid,Fixation
1669787121.953513,,Eye Tracker,1208.0,129.0,Valid,Valid,Fixation
1669787121.9701679,,Mouse,1210.0,127.5,,,Fixation
1669787121.975316,,Eye Tracker,1212.0,126.0,Valid,Valid,Fixation
1669787121.985543,,Eye Tracker,1210.0,124.0,Valid,Valid,Fixation
1669787121.986822,,Mouse,1208.0,124.0,,,Fixation
1669787121.996309,,Eye Tracker,1206.0,124.0,Valid,Valid,Fixation
1669787122.0034769,,Eye Tracker,1204.0,131.0,Valid,Valid,Fixation
1669787122.006443,,Mouse,1205.5,132.0,,,Fixation
1669787122.0201318,,Eye Tracker,1207.0,133.0,Valid,Valid,Fixation
1669787122.026305,,Mouse,1207.6666666666667,132.66666666666666,,,Fixation
1669787122.0363069,,Mouse,1208.3333333333333,132.33333333333334,,,Fixation
1669787122.0367858,,Eye Tracker,1209.0,132.0,Valid,Valid,Fixation
1669787122.0464349,,Mouse,1207.0,132.5,,,Fixation
1669787122.053441,,Eye Tracker,1205.0,133.0,Valid,Valid,Fixation
1669787122.0663319,,Mouse,1204.0,134.5,,,Fixation
1669787122.070096,,Eye Tracker,1203.0,136.0,Valid,Valid,Fixation
1669787122.076511,,Mouse,1205.0,135.0,,,Fixation
1669787122.086751,,Eye Tracker,1207.0,134.0,Valid,Valid,Fixation
1669787122.096422,,Mouse,1209.0,132.0,,,Fixation
1669787122.103405,,Eye Tracker,1211.0,130.0,Valid,Valid,Fixation
1669787122.106436,,Mouse,1211.5,131.0,,,Fixation
1669787122.116442,,Eye Tracker,1212.0,132.0,Valid,Valid,Fixation
1669787122.12006,,Mouse,1209.0,133.0,,,Fixation
1669787122.136416,,Eye Tracker,1206.0,134.0,Valid,Valid,Fixation
1669787122.136715,,Mouse,1208.0,133.5,,,Fixation
1669787122.146559,,Eye Tracker,1210.0,133.0,Valid,Valid,Fixation
1669787122.153369,,Eye Tracker,1212.0,134.0,Valid,Valid,Fixation
1669787122.167546,,Mouse,1211.3333333333333,133.66666666666666,,,Fixation
1669787122.170024,,Mouse,1210.6666666666667,133.33333333333334,,,Fixation
1669787122.177737,,Eye Tracker,1210.0,133.0,Valid,Valid,Fixation
1669787122.1866798,,Eye Tracker,1213.0,128.0,Valid,Valid,Fixation
1669787122.187968,,Mouse,1214.0,130.0,,,Fixation
1669787122.2033339,,Eye Tracker,1215.0,132.0,Valid,Valid,Fixation
1669787122.20833,,Mouse,1215.0,135.0,,,Fixation
1669787122.2199888,,Eye Tracker,1215.0,138.0,Valid,Valid,Fixation
1669787122.236644,,Eye Tracker,1214.0,134.0,Valid,Valid,Fixation
1669787122.253298,,Eye Tracker,1212.0,132.0,Valid,Valid,Fixation
1669787122.269953,,Mouse,1213.0,132.0,,,Fixation
1669787122.286608,,Eye Tracker,1214.0,132.0,Valid,Valid,Fixation
1669787122.303262,,Eye Tracker,1216.0,134.0,Valid,Valid,Fixation
1669787122.319917,,Mouse,1216.0,133.0,,,Fixation
1669787122.336572,,Eye Tracker,1216.0,132.0,Valid,Valid,Fixation
1669787122.353227,,Mouse,1221.0,129.5,,,Fixation
1669787122.3582199,,Eye Tracker,1226.0,127.0,Valid,Valid,Fixation
1669787122.369881,,Mouse,1232.5,126.5,,,Fixation
1669787122.3787239,,Eye Tracker,1239.0,126.0,Valid,Valid,Fixation
1669787122.386536,,Mouse,1241.3333333333333,127.33333333333333,,,Fixation
1669787122.39731,,Mouse,1243.6666666666667,128.66666666666666,,,Fixation
1669787122.4031909,,Eye Tracker,1246.0,130.0,Valid,Valid,Fixation
1669787122.4074469,,Mouse,1246.5,129.0,,,Fixation
1669787122.4198449,,Eye Tracker,1247.0,128.0,Valid,Valid,Fixation
1669787122.427332,,Mouse,1247.5,124.5,,,Fixation
1669787122.436501,,Eye Tracker,1248.0,121.0,Valid,Valid,Fixation
1669787122.437391,,Mouse,1247.5,122.5,,,Fixation
1669787122.453156,,Eye Tracker,1247.0,124.0,Valid,Valid,Fixation
1669787122.457296,,Mouse,1247.0,125.0,,,Fixation
1669787122.467365,,Mouse,1247.0,126.0,,,Fixation
1669787122.46981,,Eye Tracker,1247.0,127.0,Valid,Valid,Fixation
1669787122.486465,,Eye Tracker,1247.0,123.0,Valid,Valid,Fixation
1669787122.50312,,Mouse,1248.0,124.0,,,Fixation
1669787122.518326,,Eye Tracker,1249.0,125.0,Valid,Valid,Fixation
1669787122.519774,,Mouse,1249.0,125.5,,,Fixation
1669787122.536429,,Eye Tracker,1249.0,126.0,Valid,Valid,Fixation
1669787122.553084,,Eye Tracker,1244.0,122.0,Valid,Valid,Fixation
1669787122.569738,,Mouse,1243.5,122.5,,,Fixation
1669787122.586392,,Eye Tracker,1243.0,123.0,Valid,Valid,Fixation
1669787122.603047,,Eye Tracker,1243.0,123.0,Valid,Valid,Fixation
1669787122.6197019,,Mouse,1245.0,121.0,,,Fixation
1669787122.6363568,,Eye Tracker,1247.0,119.0,Valid,Valid,Fixation
1669787122.6484308,,Eye Tracker,1251.0,119.0,Valid,Valid,Fixation
1669787122.653012,,Mouse,1250.0,120.0,,,Fixation
1669787122.668341,,Eye Tracker,1249.0,121.0,Valid,Valid,Fixation
1669787122.669667,,Eye Tracker,1248.0,121.0,Valid,Valid,Fixation
1669787122.6793048,,Mouse,1250.0,122.0,,,Fixation
1669787122.686321,,Eye Tracker,1252.0,123.0,Valid,Valid,Fixation
1669787122.699409,,Mouse,1253.5,122.5,,,Fixation
1669787122.702976,,Eye Tracker,1255.0,122.0,Valid,Valid,Fixation
1669787122.719631,,Eye Tracker,1255.0,120.0,Valid,Valid,Fixation
1669787122.7203069,,Mouse,1256.6666666666667,118.33333333333333,,,Fixation
1669787122.736285,,Mouse,1258.3333333333333,116.66666666666667,,,Fixation
1669787122.739416,,Eye Tracker,1260.0,115.0,Valid,Valid,Fixation
1669787122.75294,,Eye Tracker,1261.0,114.0,Valid,Valid,Fixation
1669787122.769595,,Mouse,1260.5,116.0,,,Fixation
1669787122.786249,,Eye Tracker,1260.0,118.0,Valid,Valid,Fixation
1669787122.7893229,,Mouse,1259.5,118.0,,,Fixation
1669787122.802904,,Eye Tracker,1259.0,118.0,Valid,Valid,Fixation
1669787122.809331,,Mouse,1255.6666666666667,119.33333333333333,,,Fixation
1669787122.8195589,,Mouse,1252.3333333333333,120.66666666666667,,,Fixation
1669787122.829454,,Eye Tracker,1249.0,122.0,Valid,Valid,Fixation
1669787122.8362129,,Eye Tracker,1245.0,119.0,Valid,Valid,Fixation
1669787122.8492699,,Mouse,1246.3333333333333,116.66666666666667,,,Fixation
1669787122.8528678,,Mouse,1247.6666666666667,114.33333333333333,,,Fixation
1669787122.8692229,,Eye Tracker,1249.0,112.0,Valid,Valid,Fixation
1669787122.869523,,Mouse,1250.5,111.0,,,Fixation
1669787122.879245,,Eye Tracker,1252.0,110.0,Valid,Valid,Fixation
1669787122.886179,,Mouse,1252.0,109.0,,,Fixation
1669787122.899327,,Eye Tracker,1252.0,108.0,Valid,Valid,Fixation
1669787122.902833,,Mouse,1251.0,108.5,,,Fixation
1669787122.9192839,,Eye Tracker,1250.0,109.0,Valid,Valid,Fixation
1669787122.919488,,Mouse,1250.0,111.5,,,Fixation
1669787122.931195,,Eye Tracker,1250.0,114.0,Valid,Valid,Fixation
1669787122.936143,,Eye Tracker,1251.0,112.0,Valid,Valid,Fixation
1669787122.952797,,Mouse,1251.3333333333333,110.66666666666667,,,Fixation
1669787122.959573,,Mouse,1251.6666666666667,109.33333333333333,,,Fixation
1669787122.969452,,Eye Tracker,1252.0,108.0,Valid,Valid,Fixation
1669787122.978273,,Eye Tracker,1254.0,111.0,Valid,Valid,Fixation
1669787122.9861069,,Eye Tracker,1251.0,111.0,Valid,Valid,Fixation
1669787123.002761,,Eye Tracker,1249.0,113.0,Valid,Valid,Fixation
1669787123.019281,,Eye Tracker,1260.0,119.0,Valid,Valid,Fixation
1669787123.0194159,,Eye Tracker,1285.0,138.0,Valid,Valid,Saccade
1669787123.0360708,,Mouse,1288.0,142.33333333333334,,,Saccade
1669787123.040453,,Mouse,1291.0,146.66666666666666,,,Fixation
1669787123.0527248,,Eye Tracker,1294.0,151.0,Valid,Valid,Fixation
1669787123.06938,,Eye Tracker,1293.0,146.0,Valid,Valid,Fixation
1669787123.070361,,Mouse,1294.5,147.0,,,Fixation
1669787123.086035,,Eye Tracker,1296.0,148.0,Valid,Valid,Fixation
1669787123.102689,,Eye Tracker,1298.0,152.0,Valid,Valid,Fixation
1669787123.119344,,Eye Tracker,1297.0,151.0,Valid,Valid,Fixation
1669787123.135999,,Mouse,1297.0,149.0,,,Fixation
1669787123.152654,,Eye Tracker,1297.0,147.0,Valid,Valid,Fixation
1669787123.169309,,Eye Tracker,1303.0,146.0,Valid,Valid,Fixation
1669787123.1859639,,Eye Tracker,1305.0,151.0,Valid,Valid,Fixation
1669787123.2026188,,Eye Tracker,1306.0,158.0,Valid,Valid,Fixation
1669787123.2192729,,Mouse,1305.5,156.0,,,Fixation
1669787123.2359278,,Eye Tracker,1305.0,154.0,Valid,Valid,Fixation
1669787123.252583,,Eye Tracker,1300.0,146.0,Valid,Valid,Fixation
1669787123.269237,,Mouse,1299.0,147.5,,,Fixation
1669787123.285892,,Eye Tracker,1298.0,149.0,Valid,Valid,Fixation
1669787123.302547,,Mouse,1299.3333333333333,150.0,,,Fixation
1669787123.319201,,Mouse,1300.6666666666667,151.0,,,Fixation
1669787123.335856,,Eye Tracker,1302.0,152.0,Valid,Valid,Fixation
1669787123.341248,,Eye Tracker,1302.0,156.0,Valid,Valid,Fixation
1669787123.352511,,Mouse,1303.0,154.0,,,Fixation
1669787123.369165,,Eye Tracker,1304.0,152.0,Valid,Valid,Fixation
1669787123.38582,,Eye Tracker,1305.0,150.0,Valid,Valid,Fixation
1669787123.4024749,,Eye Tracker,1307.0,149.0,Valid,Valid,Fixation
1669787123.4191298,,Mouse,1307.0,149.0,,,Fixation
1669787123.4357839,,Eye Tracker,1307.0,149.0,Valid,Valid,Fixation
1669787123.4524388,,Mouse,1304.5,151.5,,,Fixation
1669787123.469094,,Eye Tracker,1302.0,154.0,Valid,Valid,Fixation
1669787123.485748,,Eye Tracker,1302.0,153.0,Valid,Valid,Fixation
1669787123.502403,,Mouse,1303.0,152.5,,,Fixation
1669787123.519058,,Eye Tracker,1304.0,152.0,Valid,Valid,Fixation
1669787123.535712,,Mouse,1304.0,152.0,,,Fixation
1669787123.552367,,Eye Tracker,1304.0,152.0,Valid,Valid,Fixation
1669787123.5525339,,Eye Tracker,1302.0,147.0,Valid,Valid,Fixation
1669787123.569022,,Mouse,1302.0,148.5,,,Fixation
1669787123.585676,,Eye Tracker,1302.0,150.0,Valid,Valid,Fixation
1669787123.6022918,,Mouse,1301.0,149.0,,,Fixation
1669787123.602331,,Eye Tracker,1300.0,148.0,Valid,Valid,Fixation
1669787123.618986,,Mouse,1299.5,148.0,,,Fixation
1669787123.63564,,Eye Tracker,1299.0,148.0,Valid,Valid,Fixation
1669787123.6522958,,Mouse,1303.5,149.0,,,Fixation
1669787123.652297,,Eye Tracker,1308.0,150.0,Valid,Valid,Fixation
1669787123.668951,,Mouse,1307.5,150.0,,,Fixation
1669787123.682358,,Eye Tracker,1307.0,150.0,Valid,Valid,Fixation
1669787123.685606,,Mouse,1297.0,152.0,,,Fixation
1669787123.70226,,Eye Tracker,1287.0,154.0,Valid,Valid,Fixation
1669787123.70237,,Mouse,1284.6666666666667,156.0,,,Fixation
1669787123.718915,,Mouse,1282.3333333333333,158.0,,,Fixation
1669787123.73557,,Eye Tracker,1280.0,160.0,Valid,Valid,Fixation
1669787123.7433128,,Mouse,1280.0,161.5,,,Fixation
1669787123.752224,,Eye Tracker,1280.0,163.0,Valid,Valid,Fixation
1669787123.763382,,Mouse,1279.0,161.0,,,Fixation
1669787123.768879,,Eye Tracker,1278.0,159.0,Valid,Valid,Fixation
1669787123.783277,,Mouse,1275.5,162.0,,,Fixation
1669787123.785534,,Eye Tracker,1273.0,165.0,Valid,Valid,Fixation
1669787123.793308,,Mouse,1273.5,166.5,,,Fixation
1669787123.802188,,Eye Tracker,1274.0,168.0,Valid,Valid,Fixation
1669787123.803315,,Mouse,1275.5,168.5,,,Fixation
1669787123.813305,,Eye Tracker,1277.0,169.0,Valid,Valid,Fixation
1669787123.818843,,Mouse,1278.0,168.5,,,Fixation
1669787123.8354979,,Eye Tracker,1279.0,168.0,Valid,Valid,Fixation
1669787123.8521519,,Eye Tracker,1282.0,167.0,Valid,Valid,Fixation
1669787123.8688068,,Eye Tracker,1277.0,167.0,Valid,Valid,Fixation
1669787123.885462,,Eye Tracker,1277.0,157.0,Valid,Valid,Fixation
1669787123.902117,,Eye Tracker,1280.0,159.0,Valid,Valid,Fixation
1669787123.918772,,Eye Tracker,1279.0,169.0,Valid,Valid,Fixation
1669787123.935427,,Eye Tracker,1279.0,168.0,Valid,Valid,Fixation
1669787123.952082,,Eye Tracker,1310.0,154.0,Valid,Valid,Saccade
1669787123.968736,,Eye Tracker,1340.0,160.0,Valid,Valid,Saccade
1669787123.985391,,Eye Tracker,1357.0,259.0,Valid,Valid,Saccade
1669787124.0020459,,Eye Tracker,1363.0,251.0,Valid,Valid,Fixation
1669787124.0187,,Eye Tracker,1362.0,250.0,Valid,Valid,Fixation
1669787124.0334718,,Eye Tracker,1366.0,253.0,Valid,Valid,Fixation
1669787124.0334718,,Eye Tracker,1367.0,254.0,Valid,Valid,Fixation
1669787124.0353549,,Eye Tracker,1363.0,249.0,Valid,Valid,Fixation
1669787124.0520098,,Eye Tracker,1361.0,252.0,Valid,Valid,Fixation
1669787124.0686638,,Eye Tracker,1363.0,254.0,Valid,Valid,Fixation
1669787124.085319,,Eye Tracker,1364.0,254.0,Valid,Valid,Fixation
1669787124.101974,,Eye Tracker,1360.0,258.0,Valid,Valid,Fixation
1669787124.118628,,Mouse,1360.0,257.5,,,Fixation
1669787124.135283,,Eye Tracker,1360.0,257.0,Valid,Valid,Fixation
1669787124.151939,,Eye Tracker,1357.0,259.0,Valid,Valid,Fixation
1669787124.168593,,Mouse,1357.5,258.5,,,Fixation
1669787124.185248,,Eye Tracker,1358.0,258.0,Valid,Valid,Fixation
1669787124.2019029,,Mouse,1357.5,256.5,,,Fixation
1669787124.2185578,,Eye Tracker,1357.0,255.0,Valid,Valid,Fixation
1669787124.2352118,,Mouse,1359.0,253.0,,,Fixation
1669787124.2518659,,Eye Tracker,1361.0,251.0,Valid,Valid,Fixation
1669787124.2685208,,Eye Tracker,1364.0,248.0,Valid,Valid,Fixation
1669787124.2851748,,Eye Tracker,1359.0,253.0,Valid,Valid,Fixation
1669787124.30183,,Mouse,1360.0,253.0,,,Fixation
1669787124.318485,,Eye Tracker,1361.0,253.0,Valid,Valid,Fixation
1669787124.335139,,Eye Tracker,1357.0,254.0,Valid,Valid,Fixation
1669787124.335446,,Eye Tracker,1359.0,255.0,Valid,Valid,Fixation
1669787124.351794,,Mouse,1359.5,253.5,,,Fixation
1669787124.355424,,Eye Tracker,1360.0,252.0,Valid,Valid,Fixation
1669787124.368449,,Eye Tracker,1359.0,251.0,Valid,Valid,Fixation
1669787124.385104,,Mouse,1357.0,251.5,,,Fixation
1669787124.401759,,Eye Tracker,1355.0,252.0,Valid,Valid,Fixation
1669787124.4184139,,Eye Tracker,1356.0,249.0,Valid,Valid,Fixation
1669787124.4254549,,Eye Tracker,1356.0,252.0,Valid,Valid,Fixation
1669787124.435068,,Eye Tracker,1352.0,259.0,Valid,Valid,Fixation
1669787124.445432,,Mouse,1351.3333333333333,261.6666666666667,,,Fixation
1669787124.44594,,Mouse,1350.6666666666667,264.3333333333333,,,Fixation
1669787124.44594,,Eye Tracker,1350.0,267.0,Valid,Valid,Fixation
1669787124.4517229,,Eye Tracker,1346.0,264.0,Valid,Valid,Fixation
1669787124.4683778,,Mouse,1348.5,261.0,,,Fixation
1669787124.485033,,Eye Tracker,1351.0,258.0,Valid,Valid,Fixation
1669787124.486028,,Eye Tracker,1348.0,260.0,Valid,Valid,Fixation
1669787124.501687,,Eye Tracker,1349.0,263.0,Valid,Valid,Fixation
1669787124.51436,,Eye Tracker,1350.0,266.0,Valid,Valid,Fixation
1669787124.518342,,Eye Tracker,1347.0,263.0,Valid,Valid,Fixation
1669787124.525507,,Eye Tracker,1340.0,259.0,Valid,Valid,Fixation
1669787124.534997,,Mouse,1335.0,259.0,,,Fixation
1669787124.551651,,Eye Tracker,1330.0,259.0,Valid,Valid,Fixation
1669787124.555507,,Eye Tracker,1329.0,262.0,Valid,Valid,Fixation
1669787124.568306,,Mouse,1330.0,263.0,,,Fixation
1669787124.584961,,Eye Tracker,1331.0,264.0,Valid,Valid,Fixation
1669787124.5864549,,Eye Tracker,1334.0,267.0,Valid,Valid,Fixation
1669787124.601615,,Eye Tracker,1331.0,269.0,Valid,Valid,Fixation
1669787124.6062598,,Eye Tracker,1326.0,271.0,Valid,Valid,Fixation
1669787124.6164238,,Eye Tracker,1326.0,277.0,Valid,Valid,Fixation
1669787124.61827,,Mouse,1329.0,276.5,,,Fixation
1669787124.634925,,Eye Tracker,1332.0,276.0,Valid,Valid,Fixation
1669787124.651579,,Eye Tracker,1332.0,272.0,Valid,Valid,Fixation
1669787124.656549,,Eye Tracker,1327.0,269.0,Valid,Valid,Fixation
1669787124.6682348,,Eye Tracker,1330.0,269.0,Valid,Valid,Fixation
1669787124.68489,,Eye Tracker,1331.0,271.0,Valid,Valid,Fixation
1669787124.701544,,Mouse,1332.5,271.5,,,Fixation
1669787124.718199,,Eye Tracker,1334.0,272.0,Valid,Valid,Fixation
1669787124.734854,,Eye Tracker,1337.0,270.0,Valid,Valid,Fixation
1669787124.751509,,Eye Tracker,1336.0,270.0,Valid,Valid,Fixation
1669787124.768163,,Eye Tracker,1333.0,270.0,Valid,Valid,Fixation
1669787124.777286,,Eye Tracker,1327.0,270.0,Valid,Valid,Fixation
1669787124.784818,,Eye Tracker,1327.0,270.0,Valid,Valid,Fixation
1669787124.801473,,Mouse,1329.0,273.0,,,Fixation
1669787124.818127,,Eye Tracker,1331.0,276.0,Valid,Valid,Fixation
1669787124.834782,,Eye Tracker,1330.0,278.0,Valid,Valid,Fixation
1669787124.8514369,,Eye Tracker,1332.0,273.0,Valid,Valid,Fixation
1669787124.8680909,,Eye Tracker,1336.0,274.0,Valid,Valid,Fixation
1669787124.8847458,,Mouse,1333.0,273.0,,,Fixation
1669787124.901401,,Eye Tracker,1330.0,272.0,Valid,Valid,Fixation
1669787124.918056,,Mouse,1330.0,271.0,,,Fixation
1669787124.934711,,Eye Tracker,1330.0,270.0,Valid,Valid,Fixation
1669787124.951366,,Mouse,1328.0,269.0,,,Fixation
1669787124.96802,,Eye Tracker,1326.0,268.0,Valid,Valid,Fixation
1669787124.984675,,Mouse,1326.0,267.6666666666667,,,Fixation
1669787125.00133,,Mouse,1326.0,267.3333333333333,,,Fixation
1669787125.0179849,,Eye Tracker,1326.0,267.0,Valid,Valid,Fixation
1669787125.034639,,Eye Tracker,1333.0,268.0,Valid,Valid,Fixation
1669787125.0512938,,Mouse,1332.6666666666667,267.6666666666667,,,Fixation
1669787125.067949,,Mouse,1332.3333333333333,267.3333333333333,,,Fixation
1669787125.0846019,,Eye Tracker,1332.0,267.0,Valid,Valid,Fixation
1669787125.1012568,,Mouse,1330.3333333333333,267.3333333333333,,,Fixation
1669787125.117913,,Mouse,1328.6666666666667,267.6666666666667,,,Fixation
1669787125.134567,,Eye Tracker,1327.0,268.0,Valid,Valid,Fixation
1669787125.151222,,Eye Tracker,1325.0,269.0,Valid,Valid,Fixation
1669787125.167877,,Mouse,1325.0,267.0,,,Fixation
1669787125.184531,,Eye Tracker,1325.0,265.0,Valid,Valid,Fixation
1669787125.201186,,Mouse,1326.5,265.5,,,Fixation
1669787125.217841,,Eye Tracker,1328.0,266.0,Valid,Valid,Fixation
1669787125.234495,,Mouse,1328.5,268.0,,,Fixation
1669787125.25115,,Eye Tracker,1329.0,270.0,Valid,Valid,Fixation
1669787125.2678049,,Mouse,1329.0,271.0,,,Fixation
1669787125.2844598,,Mouse,1329.0,272.0,,,Fixation
1669787125.3011138,,Eye Tracker,1329.0,273.0,Valid,Valid,Fixation
1669787125.317769,,Mouse,1328.5,274.5,,,Fixation
1669787125.334424,,Eye Tracker,1328.0,276.0,Valid,Valid,Fixation
1669787125.349442,,Mouse,1327.5,276.0,,,Fixation
1669787125.351078,,Eye Tracker,1327.0,276.0,Valid,Valid,Fixation
1669787125.367733,,Mouse,1326.0,276.5,,,Fixation
1669787125.384388,,Eye Tracker,1325.0,277.0,Valid,Valid,Fixation
1669787125.401042,,Mouse,1324.3333333333333,276.3333333333333,,,Fixation
1669787125.417697,,Mouse,1323.6666666666667,275.6666666666667,,,Fixation
1669787125.4343529,,Eye Tracker,1323.0,275.0,Valid,Valid,Fixation
1669787125.451007,,Eye Tracker,1341.0,281.0,Valid,Valid,Fixation
1669787125.4676619,,Mouse,1346.6666666666667,288.6666666666667,,,Fixation
1669787125.4843168,,Mouse,1352.3333333333333,296.3333333333333,,,Saccade
1669787125.5009708,,Eye Tracker,1358.0,304.0,Valid,Valid,Saccade
1669787125.517626,,Mouse,1362.5,315.0,,,Fixation
1669787125.534281,,Eye Tracker,1367.0,326.0,Valid,Valid,Fixation
1669787125.550936,,Mouse,1368.0,326.0,,,Fixation
1669787125.56759,,Eye Tracker,1369.0,326.0,Valid,Valid,Fixation
1669787125.584245,,Mouse,1369.0,320.0,,,Fixation
1669787125.600319,,Eye Tracker,1369.0,314.0,Valid,Valid,Fixation
1669787125.6009,,Mouse,1368.5,315.0,,,Fixation
1669787125.617554,,Eye Tracker,1368.0,316.0,Valid,Valid,Fixation
1669787125.6202939,,Mouse,1368.5,322.0,,,Fixation
1669787125.634209,,Eye Tracker,1369.0,328.0,Valid,Valid,Fixation
1669787125.650864,,Mouse,1369.3333333333333,327.6666666666667,,,Fixation
1669787125.660483,,Mouse,1369.6666666666667,327.3333333333333,,,Fixation
1669787125.660483,,Eye Tracker,1370.0,327.0,Valid,Valid,Fixation
1669787125.667518,,Mouse,1369.0,327.0,,,Fixation
1669787125.680435,,Eye Tracker,1368.0,327.0,Valid,Valid,Fixation
1669787125.6841738,,Mouse,1369.5,325.5,,,Fixation
1669787125.700271,,Eye Tracker,1371.0,324.0,Valid,Valid,Fixation
1669787125.700829,,Mouse,1370.5,325.5,,,Fixation
1669787125.7103028,,Eye Tracker,1370.0,327.0,Valid,Valid,Fixation
1669787125.717483,,Mouse,1370.5,327.5,,,Fixation
1669787125.734138,,Eye Tracker,1371.0,328.0,Valid,Valid,Fixation
1669787125.74044,,Mouse,1369.5,327.0,,,Fixation
1669787125.750793,,Eye Tracker,1368.0,326.0,Valid,Valid,Fixation
1669787125.767447,,Mouse,1366.0,326.0,,,Fixation
1669787125.784102,,Eye Tracker,1364.0,326.0,Valid,Valid,Fixation
1669787125.800757,,Eye Tracker,1369.0,326.0,Valid,Valid,Fixation
1669787125.817412,,Mouse,1369.6666666666667,326.0,,,Fixation
1669787125.831272,,Mouse,1370.3333333333333,326.0,,,Fixation
1669787125.834066,,Eye Tracker,1371.0,326.0,Valid,Valid,Fixation
1669787125.850721,,Mouse,1370.0,328.5,,,Fixation
1669787125.8673759,,Eye Tracker,1369.0,331.0,Valid,Valid,Fixation
1669787125.8840299,,Mouse,1368.0,332.0,,,Fixation
1669787125.9006848,,Eye Tracker,1367.0,333.0,Valid,Valid,Fixation
1669787125.91734,,Mouse,1362.5,331.0,,,Fixation
1669787125.933995,,Eye Tracker,1358.0,329.0,Valid,Valid,Fixation
1669787125.95065,,Mouse,1358.0,330.5,,,Fixation
1669787125.967305,,Eye Tracker,1358.0,332.0,Valid,Valid,Fixation
1669787125.983959,,Eye Tracker,1367.0,341.0,Valid,Valid,Fixation
1669787126.000614,,Mouse,1368.3333333333333,345.3333333333333,,,Fixation
1669787126.017269,,Mouse,1369.6666666666667,349.6666666666667,,,Fixation
1669787126.021384,,Eye Tracker,1371.0,354.0,Valid,Valid,Fixation
1669787126.033923,,Eye Tracker,1360.0,383.0,Valid,Valid,Saccade
1669787126.0417628,,Eye Tracker,1355.0,390.0,Valid,Valid,Fixation
1669787126.0505779,,Mouse,1357.0,387.0,,,Fixation
1669787126.0672328,,Eye Tracker,1359.0,384.0,Valid,Valid,Fixation
1669787126.083888,,Eye Tracker,1360.0,387.0,Valid,Valid,Fixation
1669787126.1005418,,Eye Tracker,1359.0,390.0,Valid,Valid,Fixation
1669787126.117197,,Mouse,1358.5,390.5,,,Fixation
1669787126.133852,,Eye Tracker,1358.0,391.0,Valid,Valid,Fixation
1669787126.150506,,Eye Tracker,1350.0,395.0,Valid,Valid,Fixation
1669787126.167161,,Eye Tracker,1348.0,401.0,Valid,Valid,Fixation
1669787126.183816,,Mouse,1353.5,400.5,,,Fixation
1669787126.200471,,Eye Tracker,1359.0,400.0,Valid,Valid,Fixation
1669787126.217126,,Mouse,1359.5,400.5,,,Fixation
1669787126.2337809,,Eye Tracker,1360.0,401.0,Valid,Valid,Fixation
1669787126.2504349,,Mouse,1359.0,403.5,,,Fixation
1669787126.2670898,,Eye Tracker,1358.0,406.0,Valid,Valid,Fixation
1669787126.283377,,Mouse,1359.5,407.5,,,Fixation
1669787126.283377,,Eye Tracker,1361.0,409.0,Valid,Valid,Fixation
1669787126.283745,,Mouse,1358.0,407.5,,,Fixation
1669787126.3003988,,Eye Tracker,1355.0,406.0,Valid,Valid,Fixation
1669787126.317054,,Mouse,1354.5,403.5,,,Fixation
1669787126.333709,,Eye Tracker,1354.0,401.0,Valid,Valid,Fixation
1669787126.350364,,Mouse,1357.5,402.0,,,Fixation
1669787126.367018,,Eye Tracker,1361.0,403.0,Valid,Valid,Fixation
1669787126.383673,,Mouse,1359.0,403.5,,,Fixation
1669787126.400328,,Eye Tracker,1357.0,404.0,Valid,Valid,Fixation
1669787126.416982,,Mouse,1355.0,402.5,,,Fixation
1669787126.433637,,Eye Tracker,1353.0,401.0,Valid,Valid,Fixation
1669787126.4502928,,Mouse,1352.5,401.0,,,Fixation
1669787126.4669468,,Eye Tracker,1352.0,401.0,Valid,Valid,Fixation
1669787126.473316,,Mouse,1351.0,403.6666666666667,,,Fixation
1669787126.483602,,Mouse,1350.0,406.3333333333333,,,Fixation
1669787126.500257,,Eye Tracker,1349.0,409.0,Valid,Valid,Fixation
1669787126.516911,,Mouse,1348.0,409.0,,,Fixation
1669787126.533566,,Eye Tracker,1347.0,409.0,Valid,Valid,Fixation
1669787126.550221,,Mouse,1348.5,410.5,,,Fixation
1669787126.566875,,Eye Tracker,1350.0,412.0,Valid,Valid,Fixation
1669787126.58353,,Mouse,1350.5,413.5,,,Fixation
1669787126.600185,,Eye Tracker,1351.0,415.0,Valid,Valid,Fixation
1669787126.603505,,Mouse,1354.0,413.5,,,Fixation
1669787126.614403,,Eye Tracker,1357.0,412.0,Valid,Valid,Fixation
1669787126.61684,,Mouse,1358.0,414.5,,,Fixation
1669787126.633494,,Eye Tracker,1359.0,417.0,Valid,Valid,Fixation
1669787126.634284,,Eye Tracker,1354.0,419.0,Valid,Valid,Fixation
1669787126.6501489,,Mouse,1357.5,420.0,,,Fixation
1669787126.6668038,,Eye Tracker,1361.0,421.0,Valid,Valid,Fixation
1669787126.674299,,Eye Tracker,1371.0,453.0,Valid,Valid,Saccade
1669787126.6834579,,Eye Tracker,1379.0,477.0,Valid,Valid,Saccade
1669787126.700114,,Eye Tracker,1381.0,478.0,Valid,Valid,Fixation
1669787126.716769,,Eye Tracker,1376.0,485.0,Valid,Valid,Fixation
1669787126.724417,,Eye Tracker,1381.0,485.0,Valid,Valid,Fixation
1669787126.733423,,Eye Tracker,1384.0,485.0,Valid,Valid,Fixation
1669787126.750078,,Eye Tracker,1375.0,490.0,Valid,Valid,Fixation
1669787126.766733,,Eye Tracker,1374.0,493.0,Valid,Valid,Fixation
1669787126.783387,,Mouse,1376.0,493.0,,,Fixation
1669787126.785317,,Eye Tracker,1378.0,493.0,Valid,Valid,Fixation
1669787126.800042,,Eye Tracker,1376.0,488.0,Valid,Valid,Fixation
1669787126.816697,,Mouse,1378.0,489.0,,,Fixation
1669787126.833351,,Eye Tracker,1380.0,490.0,Valid,Valid,Fixation
1669787126.8500059,,Mouse,1381.5,492.0,,,Fixation
1669787126.8666608,,Eye Tracker,1383.0,494.0,Valid,Valid,Fixation
1669787126.883316,,Mouse,1382.0,492.5,,,Fixation
1669787126.8852608,,Eye Tracker,1381.0,491.0,Valid,Valid,Fixation
1669787126.89997,,Eye Tracker,1380.0,489.0,Valid,Valid,Fixation
1669787126.916625,,Mouse,1379.0,493.5,,,Fixation
1669787126.93328,,Eye Tracker,1378.0,498.0,Valid,Valid,Fixation
1669787126.9444618,,Mouse,1376.5,499.5,,,Fixation
1669787126.949934,,Eye Tracker,1375.0,501.0,Valid,Valid,Fixation
1669787126.96659,,Mouse,1408.0,517.5,,,Saccade
1669787126.983245,,Eye Tracker,1441.0,534.0,Valid,Valid,Saccade
1669787126.999899,,Mouse,1358.5,638.5,,,Saccade
1669787127.0165539,,Eye Tracker,1276.0,743.0,Valid,Valid,Saccade
1669787127.0332088,,Mouse,1161.3333333333333,766.6666666666666,,,Saccade
1669787127.0498629,,Mouse,1046.6666666666667,790.3333333333334,,,Unclassified
1669787127.055384,,Eye Tracker,932.0,814.0,Valid,Invalid,Unclassified
1669787127.0654058,,Mouse,1167.5,701.5,,,Saccade
1669787127.0665178,,Eye Tracker,1403.0,589.0,Valid,Invalid,Saccade
1669787127.083173,,Mouse,1398.5,570.5,,,Fixation
1669787127.085301,,Eye Tracker,1394.0,552.0,Valid,Valid,Fixation
1669787127.0954208,,Mouse,1390.5,537.0,,,Fixation
1669787127.099827,,Eye Tracker,1387.0,522.0,Valid,Valid,Fixation
1669787127.115273,,Mouse,1382.5,499.5,,,Fixation
1669787127.116482,,Eye Tracker,1378.0,477.0,Valid,Valid,Fixation
1669787127.1263459,,Mouse,1377.5,489.0,,,Fixation
1669787127.133137,,Eye Tracker,1377.0,501.0,Valid,Valid,Fixation
1669787127.146265,,Mouse,1376.5,502.0,,,Fixation
1669787127.149792,,Eye Tracker,1376.0,503.0,Valid,Valid,Fixation
1669787127.166446,,Mouse,1376.5,497.0,,,Fixation
1669787127.183101,,Eye Tracker,1377.0,491.0,Valid,Valid,Fixation
1669787127.199756,,Mouse,1375.0,502.0,,,Fixation
1669787127.2164109,,Eye Tracker,1373.0,513.0,Valid,Valid,Fixation
1669787127.2330658,,Mouse,1374.5,510.5,,,Fixation
1669787127.249721,,Eye Tracker,1376.0,508.0,Valid,Valid,Fixation
1669787127.2663748,,Mouse,1375.5,513.5,,,Fixation
1669787127.28303,,Eye Tracker,1375.0,519.0,Valid,Valid,Fixation
1669787127.299685,,Mouse,1378.5,521.0,,,Fixation
1669787127.316339,,Eye Tracker,1382.0,523.0,Valid,Valid,Fixation
1669787127.332994,,Mouse,1381.5,524.0,,,Fixation
1669787127.349649,,Eye Tracker,1381.0,525.0,Valid,Valid,Fixation
1669787127.366303,,Eye Tracker,1387.0,523.0,Valid,Valid,Fixation
1669787127.382958,,Mouse,1386.5,521.0,,,Fixation
1669787127.399613,,Eye Tracker,1386.0,519.0,Valid,Valid,Fixation
1669787127.4162679,,Eye Tracker,1382.0,518.0,Valid,Valid,Fixation
1669787127.427321,,Mouse,1383.5,516.0,,,Fixation
1669787127.432922,,Eye Tracker,1385.0,514.0,Valid,Valid,Fixation
1669787127.447337,,Mouse,1384.5,517.5,,,Fixation
1669787127.4495769,,Eye Tracker,1384.0,521.0,Valid,Valid,Fixation
1669787127.466233,,Mouse,1385.5,522.0,,,Fixation
1669787127.467288,,Eye Tracker,1387.0,523.0,Valid,Valid,Fixation
1669787127.482887,,Mouse,1388.5,522.0,,,Fixation
1669787127.48751,,Eye Tracker,1390.0,521.0,Valid,Valid,Fixation
1669787127.499542,,Mouse,1389.0,524.5,,,Fixation
1669787127.50732,,Eye Tracker,1388.0,528.0,Valid,Valid,Fixation
1669787127.516197,,Mouse,1387.0,525.5,,,Fixation
1669787127.517355,,Eye Tracker,1386.0,523.0,Valid,Valid,Fixation
1669787127.532851,,Mouse,1387.5,525.0,,,Fixation
1669787127.537272,,Eye Tracker,1389.0,527.0,Valid,Valid,Fixation
1669787127.549506,,Mouse,1391.5,529.0,,,Fixation
1669787127.566161,,Eye Tracker,1394.0,531.0,Valid,Valid,Fixation
1669787127.567241,,Mouse,1391.0,532.0,,,Fixation
1669787127.582815,,Mouse,1388.0,533.0,,,Fixation
1669787127.58738,,Eye Tracker,1385.0,534.0,Valid,Valid,Fixation
1669787127.59947,,Eye Tracker,1386.0,532.0,Valid,Valid,Fixation
1669787127.607545,,Mouse,1386.3333333333333,530.6666666666666,,,Fixation
1669787127.6161249,,Mouse,1386.6666666666667,529.3333333333334,,,Fixation
1669787127.632779,,Eye Tracker,1387.0,528.0,Valid,Valid,Fixation
1669787127.638316,,Mouse,1385.5,530.5,,,Fixation
1669787127.6494339,,Eye Tracker,1384.0,533.0,Valid,Valid,Fixation
1669787127.6583738,,Mouse,1384.0,530.5,,,Fixation
1669787127.666089,,Eye Tracker,1384.0,528.0,Valid,Valid,Fixation
1669787127.682744,,Mouse,1383.5,530.0,,,Fixation
1669787127.698299,,Eye Tracker,1383.0,532.0,Valid,Valid,Fixation
1669787127.699398,,Mouse,1382.5,536.5,,,Fixation
1669787127.716054,,Eye Tracker,1382.0,541.0,Valid,Valid,Fixation
1669787127.732709,,Eye Tracker,1381.0,540.0,Valid,Valid,Fixation
1669787127.738266,,Mouse,1383.0,540.3333333333334,,,Fixation
1669787127.7482839,,Mouse,1385.0,540.6666666666666,,,Fixation
1669787127.749363,,Eye Tracker,1387.0,541.0,Valid,Valid,Fixation
1669787127.766018,,Mouse,1387.3333333333333,541.3333333333334,,,Fixation
1669787127.7784169,,Mouse,1387.6666666666667,541.6666666666666,,,Fixation
1669787127.782673,,Eye Tracker,1388.0,542.0,Valid,Valid,Fixation
1669787127.799327,,Eye Tracker,1388.0,536.0,Valid,Valid,Fixation
1669787127.809309,,Mouse,1387.3333333333333,538.3333333333334,,,Fixation
1669787127.8159819,,Mouse,1386.6666666666667,540.6666666666666,,,Fixation
1669787127.8194358,,Eye Tracker,1386.0,543.0,Valid,Valid,Fixation
1669787127.830091,,Eye Tracker,1382.0,555.0,Valid,Valid,Fixation
1669787127.8326368,,Mouse,1379.6666666666667,559.0,,,Fixation
1669787127.8492908,,Mouse,1377.3333333333333,563.0,,,Fixation
1669787127.84941,,Eye Tracker,1375.0,567.0,Valid,Valid,Fixation
1669787127.8595588,,Mouse,1371.5,567.0,,,Fixation
1669787127.865946,,Eye Tracker,1368.0,567.0,Valid,Valid,Fixation
1669787127.879261,,Eye Tracker,1373.0,565.0,Valid,Valid,Fixation
1669787127.882601,,Eye Tracker,1375.0,574.0,Valid,Valid,Fixation
1669787127.8893769,,Eye Tracker,1374.0,577.0,Valid,Valid,Fixation
1669787127.899255,,Eye Tracker,1370.0,575.0,Valid,Valid,Fixation
1669787127.909267,,Eye Tracker,1369.0,591.0,Valid,Valid,Fixation
1669787127.91591,,Eye Tracker,1387.0,605.0,Valid,Valid,Fixation
1669787127.9194129,,Eye Tracker,1468.0,665.0,Valid,Valid,Saccade
1669787127.932565,,Eye Tracker,1563.0,763.0,Invalid,Valid,Unclassified
1669787127.9392579,,Eye Tracker,1512.75,719.5,Invalid,Invalid,EyesNotFound
1669787127.94922,,Eye Tracker,1462.5,676.0,Invalid,Invalid,EyesNotFound
1669787127.965874,,Eye Tracker,1412.25,632.5,Invalid,Invalid,EyesNotFound
1669787127.9825299,,Eye Tracker,1362.0,589.0,Invalid,Valid,Saccade
1669787127.9991848,,Eye Tracker,1370.0,611.0,Valid,Valid,Saccade
1669787128.0158389,,Eye Tracker,1375.0,617.0,Valid,Valid,Fixation
1669787128.019274,,Eye Tracker,1382.0,631.0,Valid,Valid,Fixation
1669787128.0293128,,Eye Tracker,1383.0,605.0,Valid,Valid,Fixation
1669787128.0324938,,Eye Tracker,1379.0,591.0,Valid,Valid,Fixation
1669787128.0393748,,Eye Tracker,1381.0,580.0,Valid,Valid,Fixation
1669787128.049149,,Eye Tracker,1383.0,572.0,Valid,Valid,Fixation
1669787128.049515,,Eye Tracker,1376.0,579.0,Valid,Valid,Fixation
1669787128.065803,,Eye Tracker,1376.0,583.0,Valid,Valid,Fixation
1669787128.0692608,,Eye Tracker,1369.0,608.0,Valid,Valid,Fixation
1669787128.079274,,Mouse,1368.0,606.0,,,Fixation
1669787128.082458,,Eye Tracker,1367.0,604.0,Valid,Valid,Fixation
1669787128.0894198,,Eye Tracker,1369.0,604.0,Valid,Valid,Fixation
1669787128.099113,,Mouse,1370.0,604.5,,,Fixation
1669787128.115767,,Eye Tracker,1371.0,605.0,Valid,Valid,Fixation
1669787128.132422,,Mouse,1369.5,604.5,,,Fixation
1669787128.149077,,Eye Tracker,1368.0,604.0,Valid,Valid,Fixation
1669787128.165731,,Mouse,1368.0,610.5,,,Fixation
1669787128.182386,,Eye Tracker,1368.0,617.0,Valid,Valid,Fixation
1669787128.199041,,Mouse,1370.5,623.0,,,Fixation
1669787128.210273,,Eye Tracker,1373.0,629.0,Valid,Valid,Fixation
1669787128.2156959,,Eye Tracker,1373.0,615.0,Valid,Valid,Fixation
1669787128.2205238,,Eye Tracker,1365.0,597.0,Valid,Valid,Fixation
1669787128.2323508,,Mouse,1365.0,602.0,,,Fixation
1669787128.240434,,Eye Tracker,1365.0,607.0,Valid,Valid,Fixation
1669787128.249006,,Mouse,1367.5,609.0,,,Fixation
1669787128.2602859,,Eye Tracker,1370.0,611.0,Valid,Valid,Fixation
1669787128.265661,,Mouse,1372.5,610.5,,,Fixation
1669787128.27031,,Eye Tracker,1375.0,610.0,Valid,Valid,Fixation
1669787128.282315,,Mouse,1379.0,610.0,,,Fixation
1669787128.2902858,,Eye Tracker,1383.0,610.0,Valid,Valid,Fixation
1669787128.29897,,Mouse,1382.5,609.5,,,Fixation
1669787128.311306,,Eye Tracker,1382.0,609.0,Valid,Valid,Fixation
1669787128.315625,,Mouse,1381.0,608.0,,,Fixation
1669787128.321409,,Eye Tracker,1380.0,607.0,Valid,Valid,Fixation
1669787128.332279,,Mouse,1379.0,608.0,,,Fixation
1669787128.3414068,,Eye Tracker,1378.0,609.0,Valid,Valid,Fixation
1669787128.348934,,Mouse,1378.5,609.5,,,Fixation
1669787128.361295,,Eye Tracker,1379.0,610.0,Valid,Valid,Fixation
1669787128.365589,,Mouse,1380.5,609.5,,,Fixation
1669787128.371301,,Eye Tracker,1382.0,609.0,Valid,Valid,Fixation
1669787128.382243,,Mouse,1382.3333333333333,607.3333333333334,,,Fixation
1669787128.391284,,Mouse,1382.6666666666667,605.6666666666666,,,Fixation
1669787128.398898,,Eye Tracker,1383.0,604.0,Valid,Valid,Fixation
1669787128.401288,,Eye Tracker,1396.0,583.0,Valid,Valid,Saccade
1669787128.411325,,Eye Tracker,1401.0,575.0,Valid,Valid,Fixation
1669787128.4155529,,Eye Tracker,1398.0,575.0,Valid,Valid,Fixation
1669787128.431287,,Eye Tracker,1398.0,577.0,Valid,Valid,Fixation
1669787128.4322069,,Eye Tracker,1400.0,583.0,Valid,Valid,Fixation
1669787128.4488618,,Mouse,1398.0,582.0,,,Fixation
1669787128.465517,,Eye Tracker,1396.0,581.0,Valid,Valid,Fixation
1669787128.482173,,Mouse,1397.0,577.5,,,Fixation
1669787128.498827,,Eye Tracker,1398.0,574.0,Valid,Valid,Fixation
1669787128.515482,,Eye Tracker,1401.0,576.0,Valid,Valid,Fixation
1669787128.532137,,Mouse,1400.5,575.0,,,Fixation
1669787128.548791,,Eye Tracker,1400.0,574.0,Valid,Valid,Fixation
1669787128.565446,,Mouse,1400.0,570.5,,,Fixation
1669787128.5821009,,Eye Tracker,1400.0,567.0,Valid,Valid,Fixation
1669787128.598755,,Mouse,1397.0,570.0,,,Fixation
1669787128.611312,,Eye Tracker,1394.0,573.0,Valid,Valid,Fixation
1669787128.6154099,,Mouse,1395.0,573.5,,,Fixation
1669787128.621583,,Eye Tracker,1396.0,574.0,Valid,Valid,Fixation
1669787128.632065,,Mouse,1398.5,571.5,,,Fixation
1669787128.6413689,,Eye Tracker,1401.0,569.0,Valid,Valid,Fixation
1669787128.6487188,,Mouse,1401.5,572.5,,,Fixation
1669787128.652279,,Eye Tracker,1402.0,576.0,Valid,Valid,Fixation
1669787128.6623108,,Eye Tracker,1401.0,577.0,Valid,Valid,Fixation
1669787128.665374,,Mouse,1398.0,574.5,,,Fixation
1669787128.682029,,Eye Tracker,1395.0,572.0,Valid,Valid,Fixation
1669787128.6822848,,Eye Tracker,1391.0,578.0,Valid,Valid,Fixation
1669787128.693311,,Mouse,1392.5,579.5,,,Fixation
1669787128.698683,,Eye Tracker,1394.0,581.0,Valid,Valid,Fixation
1669787128.715338,,Mouse,1396.0,579.0,,,Fixation
1669787128.731993,,Eye Tracker,1398.0,577.0,Valid,Valid,Fixation
1669787128.732267,,Eye Tracker,1402.0,583.0,Valid,Valid,Fixation
1669787128.748649,,Mouse,1401.0,584.5,,,Fixation
1669787128.752272,,Eye Tracker,1400.0,586.0,Valid,Valid,Fixation
1669787128.762598,,Mouse,1399.0,583.0,,,Fixation
1669787128.765303,,Eye Tracker,1398.0,580.0,Valid,Valid,Fixation
1669787128.7819579,,Eye Tracker,1400.0,579.0,Valid,Valid,Fixation
1669787128.782321,,Mouse,1400.5,583.5,,,Fixation
1669787128.7986128,,Eye Tracker,1401.0,588.0,Valid,Valid,Fixation
1669787128.802247,,Eye Tracker,1400.0,592.0,Valid,Valid,Fixation
1669787128.81228,,Mouse,1397.5,591.0,,,Fixation
1669787128.8152668,,Eye Tracker,1395.0,590.0,Valid,Valid,Fixation
1669787128.8232589,,Mouse,1393.0,589.5,,,Fixation
1669787128.831922,,Eye Tracker,1391.0,589.0,Valid,Valid,Fixation
1669787128.8332949,,Eye Tracker,1393.0,591.0,Valid,Valid,Fixation
1669787128.848577,,Mouse,1394.5,590.0,,,Fixation
1669787128.8532748,,Eye Tracker,1396.0,589.0,Valid,Valid,Fixation
1669787128.865231,,Mouse,1397.5,587.0,,,Fixation
1669787128.881886,,Eye Tracker,1399.0,585.0,Valid,Valid,Fixation
1669787128.898541,,Mouse,1399.5,584.0,,,Fixation
1669787128.903461,,Eye Tracker,1400.0,583.0,Valid,Valid,Fixation
1669787128.915195,,Mouse,1400.0,582.5,,,Fixation
1669787128.93185,,Eye Tracker,1400.0,582.0,Valid,Valid,Fixation
1669787128.948505,,Mouse,1400.0,582.0,,,Fixation
1669787128.95332,,Mouse,1400.0,582.0,,,Fixation
1669787128.965159,,Eye Tracker,1400.0,582.0,Valid,Valid,Fixation
1669787128.97329,,Eye Tracker,1399.0,586.0,Valid,Valid,Fixation
1669787128.981814,,Mouse,1399.3333333333333,588.3333333333334,,,Fixation
1669787128.9984698,,Mouse,1399.6666666666667,590.6666666666666,,,Fixation
1669787129.003258,,Eye Tracker,1400.0,593.0,Valid,Valid,Fixation
1669787129.013453,,Mouse,1400.0,592.75,,,Fixation
1669787129.015125,MouseEvent,,1400.0,592.5,,,Fixation
1669787129.031779,,Mouse,1400.0,592.25,,,Fixation
1669787129.0332909,,Eye Tracker,1400.0,592.0,Valid,Valid,Fixation
1669787129.0435119,,Mouse,1399.5,591.0,,,Fixation
1669787129.048434,,Eye Tracker,1399.0,590.0,Valid,Valid,Fixation
1669787129.063237,,Mouse,1399.6666666666667,589.3333333333334,,,Fixation
1669787129.065089,,Mouse,1400.3333333333333,588.6666666666666,,,Fixation
1669787129.073533,,Eye Tracker,1401.0,588.0,Valid,Valid,Fixation
1669787129.081743,,Mouse,1397.5,588.0,,,Fixation
1669787129.0933049,,Eye Tracker,1394.0,588.0,Valid,Valid,Fixation
1669787129.098398,,Eye Tracker,1393.0,588.0,Valid,Valid,Fixation
1669787129.103324,,Mouse,1397.0,586.0,,,Fixation
1669787129.115053,,Eye Tracker,1401.0,584.0,Valid,Valid,Fixation
1669787129.1232738,,Mouse,1400.0,588.5,,,Fixation
1669787129.131707,,Eye Tracker,1399.0,593.0,Valid,Valid,Fixation
1669787129.1333148,,Eye Tracker,1396.0,590.0,Valid,Valid,Fixation
1669787129.148362,,Eye Tracker,1399.0,588.0,Valid,Valid,Fixation
1669787129.153303,,Eye Tracker,1399.0,593.0,Valid,Valid,Fixation
1669787129.164424,,Mouse,1400.0,590.5,,,Fixation
1669787129.165017,,Eye Tracker,1401.0,588.0,Valid,Valid,Fixation
1669787129.181671,,Eye Tracker,1412.0,588.0,Valid,Valid,Fixation
1669787129.184289,,Mouse,1412.5,595.5,,,Fixation
1669787129.1983259,,Eye Tracker,1413.0,603.0,Valid,Valid,Fixation
1669787129.205381,,Eye Tracker,1416.0,602.0,Valid,Valid,Fixation
1669787129.2149808,,Eye Tracker,1429.0,584.0,Valid,Valid,Fixation
1669787129.224285,,Eye Tracker,1427.0,587.0,Valid,Valid,Fixation
1669787129.2316349,,Eye Tracker,1423.0,599.0,Valid,Valid,Fixation
1669787129.2343009,,Eye Tracker,1423.0,591.0,Valid,Valid,Fixation
1669787129.244575,,Mouse,1427.5,589.0,,,Fixation
1669787129.248291,,Eye Tracker,1432.0,587.0,Valid,Valid,Fixation
1669787129.264304,,Eye Tracker,1430.0,595.0,Valid,Valid,Fixation
1669787129.264946,,Eye Tracker,1428.0,595.0,Valid,Valid,Fixation
1669787129.281601,,Eye Tracker,1430.0,593.0,Valid,Valid,Fixation
1669787129.2842839,,Eye Tracker,1416.0,594.0,Valid,Valid,Fixation
1669787129.294424,,Eye Tracker,1415.0,594.0,Valid,Valid,Fixation
1669787129.298255,,Eye Tracker,1416.0,593.0,Valid,Valid,Fixation
1669787129.3142529,,Eye Tracker,1417.0,595.0,Valid,Valid,Fixation
1669787129.314611,,Eye Tracker,1419.0,594.0,Valid,Valid,Fixation
1669787129.314611,,Eye Tracker,1419.0,595.0,Valid,Valid,Fixation
1669787129.31491,,Eye Tracker,1425.0,597.0,Valid,Valid,Fixation
1669787129.331565,,Eye Tracker,1423.0,594.0,Valid,Valid,Fixation
1669787129.3353019,MouseEvent,,1424.0,593.3333333333334,,,Fixation
1669787129.345304,,Mouse,1425.0,592.6666666666666,,,Fixation
1669787129.348219,,Eye Tracker,1426.0,592.0,Valid,Valid,Fixation
1669787129.364874,,Eye Tracker,1424.0,589.0,Valid,Valid,Fixation
1669787129.365315,,Eye Tracker,1411.0,594.0,Valid,Valid,Fixation
1669787129.37642,,Eye Tracker,1416.0,589.0,Valid,Valid,Fixation
1669787129.3815289,,Eye Tracker,1417.0,593.0,Valid,Valid,Fixation
1669787129.3981829,,Eye Tracker,1414.0,598.0,Valid,Valid,Fixation
1669787129.4055328,,Eye Tracker,1424.0,593.0,Valid,Valid,Fixation
1669787129.4148378,,Eye Tracker,1421.0,592.0,Valid,Valid,Fixation
1669787129.4252799,,Eye Tracker,1417.0,587.0,Valid,Valid,Fixation
1669787129.431493,,Eye Tracker,1414.0,588.0,Valid,Valid,Fixation
1669787129.435281,,Mouse,1416.5,590.0,,,Fixation
1669787129.445345,,Eye Tracker,1419.0,592.0,Valid,Valid,Fixation
1669787129.4481468,,Mouse,1421.0,592.5,,,Fixation
1669787129.464802,,Eye Tracker,1423.0,593.0,Valid,Valid,Fixation
1669787129.465415,,Mouse,1421.3333333333333,593.6666666666666,,,Fixation
1669787129.481457,,Mouse,1419.6666666666667,594.3333333333334,,,Fixation
1669787129.4952528,,Eye Tracker,1418.0,595.0,Valid,Valid,Fixation
1669787129.498112,,Eye Tracker,1418.0,600.0,Valid,Valid,Fixation
1669787129.514767,,Mouse,1417.5,600.0,,,Fixation
1669787129.531422,,Eye Tracker,1417.0,600.0,Valid,Valid,Fixation
1669787129.5480769,,Mouse,1418.5,599.5,,,Fixation
1669787129.564731,,Eye Tracker,1420.0,599.0,Valid,Valid,Fixation
1669787129.5813859,,Mouse,1417.5,599.5,,,Fixation
1669787129.598041,,Eye Tracker,1415.0,600.0,Valid,Valid,Fixation
1669787129.6146948,,Mouse,1411.0,598.0,,,Fixation
1669787129.63135,,Eye Tracker,1407.0,596.0,Valid,Valid,Fixation
1669787129.648005,,Mouse,1410.0,595.5,,,Fixation
1669787129.664659,,Eye Tracker,1413.0,595.0,Valid,Valid,Fixation
1669787129.681314,,Mouse,1415.5,596.0,,,Fixation
1669787129.697969,,Eye Tracker,1418.0,597.0,Valid,Valid,Fixation
1669787129.714623,,Mouse,1418.0,597.6666666666666,,,Fixation
1669787129.731278,,Mouse,1418.0,598.3333333333334,,,Fixation
1669787129.747933,,Eye Tracker,1418.0,599.0,Valid,Valid,Fixation
1669787129.7645879,,Mouse,1418.5,598.0,,,Fixation
1669787129.7812428,,Eye Tracker,1419.0,597.0,Valid,Valid,Fixation
1669787129.796496,,Mouse,1417.5,597.0,,,Fixation
1669787129.796496,,Eye Tracker,1416.0,597.0,Valid,Valid,Fixation
1669787129.797898,,Mouse,1415.5,596.0,,,Fixation
1669787129.814553,,Eye Tracker,1415.0,595.0,Valid,Valid,Fixation
1669787129.831207,,Mouse,1415.0,593.0,,,Fixation
1669787129.847862,,Eye Tracker,1415.0,591.0,Valid,Valid,Fixation
1669787129.864517,,Mouse,1412.0,591.5,,,Fixation
1669787129.881171,,Eye Tracker,1409.0,592.0,Valid,Valid,Fixation
1669787129.897826,,Mouse,1407.0,593.3333333333334,,,Fixation
1669787129.914481,,Mouse,1405.0,594.6666666666666,,,Fixation
1669787129.917297,,Eye Tracker,1403.0,596.0,Valid,Valid,Fixation
1669787129.931135,,Mouse,1403.5,593.5,,,Fixation
1669787129.937258,,Eye Tracker,1404.0,591.0,Valid,Valid,Fixation
1669787129.947283,,Mouse,1407.0,590.5,,,Fixation
1669787129.94779,,Eye Tracker,1410.0,590.0,Valid,Valid,Fixation
1669787129.957404,,Mouse,1410.0,592.5,,,Fixation
1669787129.9644449,,Eye Tracker,1410.0,595.0,Valid,Valid,Fixation
1669787129.9772658,,Mouse,1409.0,593.5,,,Fixation
1669787129.981099,,Eye Tracker,1408.0,592.0,Valid,Valid,Fixation
1669787129.997346,,Mouse,1407.3333333333333,593.3333333333334,,,Fixation
1669787129.9977539,,Mouse,1406.6666666666667,594.6666666666666,,,Fixation
1669787130.01441,,Eye Tracker,1406.0,596.0,Valid,Valid,Fixation
1669787130.017367,,Mouse,1405.0,596.5,,,Fixation
1669787130.031064,,Eye Tracker,1404.0,597.0,Valid,Valid,Fixation
1669787130.03777,,Eye Tracker,1401.0,596.0,Valid,Valid,Fixation
1669787130.047719,,Eye Tracker,1404.0,595.0,Valid,Valid,Fixation
1669787130.064374,,Eye Tracker,1404.0,591.0,Valid,Valid,Fixation
1669787130.0675318,,Eye Tracker,1403.0,592.0,Valid,Valid,Fixation
1669787130.081029,,Eye Tracker,1410.0,591.0,Valid,Valid,Fixation
1669787130.087427,MouseEvent,,1409.3333333333333,591.6666666666666,,,Fixation
1669787130.097683,,Mouse,1408.6666666666667,592.3333333333334,,,Fixation
1669787130.107256,,Eye Tracker,1408.0,593.0,Valid,Valid,Fixation
1669787130.114338,,Eye Tracker,1402.0,598.0,Valid,Valid,Fixation
1669787130.1274009,,Eye Tracker,1402.0,597.0,Valid,Valid,Fixation
1669787130.130993,,Eye Tracker,1405.0,600.0,Valid,Valid,Fixation
1669787130.147647,,Eye Tracker,1406.0,602.0,Valid,Valid,Fixation
1669787130.1643019,,Eye Tracker,1405.0,602.0,Valid,Valid,Fixation
1669787130.1773329,,Eye Tracker,1403.0,599.0,Valid,Valid,Fixation
1669787130.1809568,,Eye Tracker,1403.0,600.0,Valid,Valid,Fixation
1669787130.1976109,,Eye Tracker,1404.0,605.0,Valid,Valid,Fixation
1669787130.2142658,,Eye Tracker,1403.0,604.0,Valid,Valid,Fixation
1669787130.230921,,Eye Tracker,1401.0,605.0,Valid,Valid,Fixation
1669787130.247575,,Mouse,1401.0,604.0,,,Fixation
1669787130.264231,,Eye Tracker,1401.0,603.0,Valid,Valid,Fixation
1669787130.280886,,Mouse,1401.0,600.5,,,Fixation
1669787130.29754,,Eye Tracker,1401.0,598.0,Valid,Valid,Fixation
1669787130.298636,,Eye Tracker,1405.0,593.0,Valid,Valid,Fixation
1669787130.298636,,Mouse,1404.5,592.5,,,Fixation
1669787130.314195,,Eye Tracker,1404.0,592.0,Valid,Valid,Fixation
1669787130.33085,,Mouse,1401.0,596.0,,,Fixation
1669787130.3475049,,Eye Tracker,1398.0,600.0,Valid,Valid,Fixation
1669787130.3641589,,Mouse,1399.0,601.0,,,Fixation
1669787130.3808138,,Eye Tracker,1400.0,602.0,Valid,Valid,Fixation
1669787130.389276,,Mouse,1400.4,601.4,,,Fixation
1669787130.397469,MouseEvent,,1400.8,600.8,,,Fixation
1669787130.400419,,Mouse,1401.2,600.2,,,Fixation
1669787130.4141228,,Mouse,1401.6,599.6,,,Fixation
1669787130.419417,,Eye Tracker,1402.0,599.0,Valid,Valid,Fixation
1669787130.430778,,Mouse,1402.5,601.0,,,Fixation
1669787130.439245,,Eye Tracker,1403.0,603.0,Valid,Valid,Fixation
1669787130.447433,,Mouse,1403.5,603.0,,,Fixation
1669787130.459645,,Eye Tracker,1404.0,603.0,Valid,Valid,Fixation
1669787130.459645,,Mouse,1405.0,601.5,,,Fixation
1669787130.464087,,Eye Tracker,1406.0,600.0,Valid,Valid,Fixation
1669787130.480742,,Mouse,1405.5,598.5,,,Fixation
1669787130.497397,,Eye Tracker,1405.0,597.0,Valid,Valid,Fixation
1669787130.514052,,Mouse,1404.0,594.0,,,Fixation
1669787130.530707,,Eye Tracker,1403.0,591.0,Valid,Valid,Fixation
1669787130.5473619,,Eye Tracker,1404.0,587.0,Valid,Valid,Fixation
1669787130.5640159,,Eye Tracker,1405.0,591.0,Valid,Valid,Fixation
1669787130.5806708,,Eye Tracker,1403.0,595.0,Valid,Valid,Fixation
1669787130.597326,,Mouse,1402.0,596.0,,,Fixation
1669787130.609341,,Eye Tracker,1401.0,597.0,Valid,Valid,Fixation
1669787130.609341,,Eye Tracker,1403.0,594.0,Valid,Valid,Fixation
1669787130.613981,,Eye Tracker,1405.0,597.0,Valid,Valid,Fixation
1669787130.630635,,Eye Tracker,1405.0,596.0,Valid,Valid,Fixation
1669787130.64729,,Eye Tracker,1405.0,590.0,Valid,Valid,Fixation
1669787130.663945,,Eye Tracker,1403.0,592.0,Valid,Valid,Fixation
1669787130.680599,,Eye Tracker,1398.0,595.0,Valid,Valid,Fixation
1669787130.697254,,Eye Tracker,1401.0,594.0,Valid,Valid,Fixation
1669787130.713909,,Eye Tracker,1402.0,593.0,Valid,Valid,Fixation
1669787130.730563,,Eye Tracker,1404.0,595.0,Valid,Valid,Fixation
1669787130.747218,,Eye Tracker,1410.0,589.0,Valid,Valid,Fixation
1669787130.7638729,,Eye Tracker,1406.0,591.0,Valid,Valid,Fixation
1669787130.7805278,,Eye Tracker,1403.0,594.0,Valid,Valid,Fixation
1669787130.797183,,Eye Tracker,1404.0,592.0,Valid,Valid,Fixation
1669787130.813838,,Mouse,1403.3333333333333,591.3333333333334,,,Fixation
1669787130.830492,,Mouse,1402.6666666666667,590.6666666666666,,,Fixation
1669787130.847147,,Eye Tracker,1402.0,590.0,Valid,Valid,Fixation
1669787130.863802,,Mouse,1402.0,591.0,,,Fixation
1669787130.880457,,Eye Tracker,1402.0,592.0,Valid,Valid,Fixation
1669787130.897111,,Mouse,1402.5,591.5,,,Fixation
1669787130.913766,,Eye Tracker,1403.0,591.0,Valid,Valid,Fixation
1669787130.9304209,,Mouse,1404.5,589.5,,,Fixation
1669787130.947075,,Eye Tracker,1406.0,588.0,Valid,Valid,Fixation
1669787130.9637299,,Mouse,1405.5,589.0,,,Fixation
1669787130.9803848,,Eye Tracker,1405.0,590.0,Valid,Valid,Fixation
1669787130.9970388,,Mouse,1404.0,590.0,,,Fixation
1669787131.013694,,Eye Tracker,1403.0,590.0,Valid,Valid,Fixation
1669787131.03035,,Mouse,1403.3333333333333,590.6666666666666,,,Fixation
1669787131.047004,,Mouse,1403.6666666666667,591.3333333333334,,,Fixation
1669787131.063659,,Eye Tracker,1404.0,592.0,Valid,Valid,Fixation
1669787131.080314,,Mouse,1405.0,592.5,,,Fixation
1669787131.096968,,Eye Tracker,1406.0,593.0,Valid,Valid,Fixation
1669787131.113623,,Mouse,1407.0,593.0,,,Fixation
1669787131.121425,,Eye Tracker,1408.0,593.0,Valid,Valid,Fixation
1669787131.1302779,,Mouse,1408.5,592.0,,,Fixation
1669787131.1315598,,Eye Tracker,1409.0,591.0,Valid,Valid,Fixation
1669787131.1469328,,Mouse,1409.5,588.5,,,Fixation
1669787131.151526,,Eye Tracker,1410.0,586.0,Valid,Valid,Fixation
1669787131.1612818,,Mouse,1409.0,589.5,,,Fixation
1669787131.161932,,Eye Tracker,1408.0,593.0,Valid,Valid,Fixation
1669787131.161932,,Mouse,1407.6666666666667,593.6666666666666,,,Fixation
1669787131.1635869,,Mouse,1407.3333333333333,594.3333333333334,,,Fixation
1669787131.1802418,,Eye Tracker,1407.0,595.0,Valid,Valid,Fixation
1669787131.181253,,Mouse,1408.5,592.0,,,Fixation
1669787131.196897,,Eye Tracker,1410.0,589.0,Valid,Valid,Fixation
1669787131.201248,,Eye Tracker,1414.0,591.0,Valid,Valid,Fixation
1669787131.213551,,Mouse,1412.0,589.5,,,Fixation
1669787131.222429,,Eye Tracker,1410.0,588.0,Valid,Valid,Fixation
1669787131.230206,,Mouse,1409.0,587.0,,,Fixation
1669787131.246861,,Eye Tracker,1408.0,586.0,Valid,Valid,Fixation
1669787131.263515,,Mouse,1408.5,589.0,,,Fixation
1669787131.280171,,Eye Tracker,1409.0,592.0,Valid,Valid,Fixation
1669787131.296826,,Mouse,1408.0,595.0,,,Fixation
1669787131.30233,,Eye Tracker,1407.0,598.0,Valid,Valid,Fixation
1669787131.31348,,Mouse,1405.0,600.5,,,Fixation
1669787131.322516,,Eye Tracker,1403.0,603.0,Valid,Valid,Fixation
1669787131.3301349,,Eye Tracker,1403.0,602.0,Valid,Valid,Fixation
1669787131.342511,,Eye Tracker,1406.0,598.0,Valid,Valid,Fixation
1669787131.3467898,,Mouse,1405.0,597.5,,,Fixation
1669787131.3634439,,Eye Tracker,1404.0,597.0,Valid,Valid,Fixation
1669787131.380099,,Eye Tracker,1404.0,593.0,Valid,Valid,Fixation
1669787131.3832989,,Mouse,1404.0,593.0,,,Fixation
1669787131.396754,,Mouse,1404.0,593.0,,,Fixation
1669787131.403244,,Eye Tracker,1404.0,593.0,Valid,Valid,Fixation
1669787131.413272,,Mouse,1403.5,592.5,,,Fixation
1669787131.413409,,Eye Tracker,1403.0,592.0,Valid,Valid,Fixation
1669787131.4242508,,Mouse,1404.0,591.5,,,Fixation
1669787131.430063,,Eye Tracker,1405.0,591.0,Valid,Valid,Fixation
1669787131.443295,,Mouse,1405.5,591.0,,,Fixation
1669787131.446718,,Eye Tracker,1406.0,591.0,Valid,Valid,Fixation
1669787131.463374,,Mouse,1406.0,593.5,,,Fixation
1669787131.473299,,Eye Tracker,1406.0,596.0,Valid,Valid,Fixation
1669787131.480028,,Eye Tracker,1407.0,601.0,Valid,Valid,Fixation
1669787131.496683,,Mouse,1407.0,600.3333333333334,,,Fixation
1669787131.5032508,,Mouse,1407.0,599.6666666666666,,,Fixation
1669787131.5133379,,Eye Tracker,1407.0,599.0,Valid,Valid,Fixation
1669787131.5232348,,Eye Tracker,1407.0,599.0,Valid,Valid,Fixation
1669787131.5299919,,Mouse,1407.0,597.0,,,Fixation
1669787131.546648,,Eye Tracker,1407.0,595.0,Valid,Valid,Fixation
1669787131.5532079,,Eye Tracker,1407.0,589.0,Valid,Valid,Fixation
1669787131.563303,,Mouse,1406.5,589.5,,,Fixation
1669787131.579957,,Eye Tracker,1406.0,590.0,Valid,Valid,Fixation
1669787131.596612,,Mouse,1405.5,589.5,,,Fixation
1669787131.613255,,Eye Tracker,1405.0,589.0,Valid,Valid,Fixation
1669787131.613267,,Mouse,1406.0,590.0,,,Fixation
1669787131.629921,,Eye Tracker,1407.0,591.0,Valid,Valid,Fixation
1669787131.646576,,Eye Tracker,1410.0,595.0,Valid,Valid,Fixation
1669787131.663231,,Mouse,1410.0,593.5,,,Fixation
1669787131.6798859,,Eye Tracker,1410.0,592.0,Valid,Valid,Fixation
1669787131.6965399,,Mouse,1410.0,592.0,,,Fixation
1669787131.7131948,,Mouse,1410.0,592.0,,,Fixation
1669787131.72985,,Eye Tracker,1410.0,592.0,Valid,Valid,Fixation
1669787131.7465038,,Mouse,1410.5,591.5,,,Fixation
1669787131.763159,,Eye Tracker,1411.0,591.0,Valid,Valid,Fixation
1669787131.779814,,Mouse,1410.0,590.5,,,Fixation
1669787131.796469,,Eye Tracker,1409.0,590.0,Valid,Valid,Fixation
1669787131.813124,,Mouse,1408.5,590.5,,,Fixation
1669787131.829779,,Eye Tracker,1408.0,591.0,Valid,Valid,Fixation
1669787131.846433,,Eye Tracker,1408.0,591.0,Valid,Valid,Fixation
1669787131.863088,,Mouse,1408.0,593.0,,,Fixation
1669787131.8797429,,Eye Tracker,1408.0,595.0,Valid,Valid,Fixation
1669787131.8963969,,Eye Tracker,1409.0,592.0,Valid,Valid,Fixation
1669787131.9130518,,Eye Tracker,1409.0,590.0,Valid,Valid,Fixation
1669787131.929707,,Mouse,1408.6666666666667,590.0,,,Fixation
1669787131.936215,,Mouse,1408.3333333333333,590.0,,,Fixation
1669787131.946362,,Eye Tracker,1408.0,590.0,Valid,Valid,Fixation
1669787131.955307,,Mouse,1408.5,589.5,,,Fixation
1669787131.955307,,Eye Tracker,1409.0,589.0,Valid,Valid,Fixation
1669787131.956254,,Eye Tracker,1416.0,587.0,Valid,Valid,Fixation
1669787131.963017,,Mouse,1415.0,586.5,,,Fixation
1669787131.979672,,Eye Tracker,1414.0,586.0,Valid,Valid,Fixation
1669787131.996327,,Eye Tracker,1408.0,585.0,Valid,Valid,Fixation
1669787132.005292,,Eye Tracker,1414.0,584.0,Valid,Valid,Fixation
1669787132.012981,,Mouse,1415.5,587.5,,,Fixation
1669787132.0254889,,Eye Tracker,1417.0,591.0,Valid,Valid,Fixation
1669787132.029636,,Eye Tracker,1411.0,591.0,Valid,Valid,Fixation
1669787132.046016,,Eye Tracker,1416.0,584.0,Valid,Valid,Fixation
1669787132.0462918,,Eye Tracker,1425.0,588.0,Valid,Valid,Fixation
1669787132.0629458,,Eye Tracker,1427.0,586.0,Valid,Valid,Fixation
1669787132.065414,,Eye Tracker,1434.0,582.0,Valid,Valid,Fixation
1669787132.079601,MouseEvent,,1433.0,582.6666666666666,,,Fixation
1669787132.0852718,,Mouse,1432.0,583.3333333333334,,,Fixation
1669787132.096256,,Eye Tracker,1431.0,584.0,Valid,Valid,Fixation
1669787132.11291,,Eye Tracker,1429.0,583.0,Valid,Valid,Fixation
1669787132.12527,,Eye Tracker,1431.0,584.0,Valid,Valid,Fixation
1669787132.129565,,Eye Tracker,1424.0,593.0,Valid,Valid,Fixation
1669787132.14622,,Eye Tracker,1425.0,593.0,Valid,Valid,Fixation
1669787132.146404,,Eye Tracker,1428.0,585.0,Valid,Valid,Fixation
1669787132.162874,,Eye Tracker,1427.0,583.0,Valid,Valid,Fixation
1669787132.179529,,Eye Tracker,1428.0,582.0,Valid,Valid,Fixation
1669787132.196184,,Eye Tracker,1427.0,584.0,Valid,Valid,Fixation
1669787132.205414,,Mouse,1426.5,584.0,,,Fixation
1669787132.212839,,Eye Tracker,1426.0,584.0,Valid,Valid,Fixation
1669787132.229493,MouseEvent,,1426.5,583.25,,,Fixation
1669787132.2461479,,Mouse,1427.0,582.5,,,Fixation
1669787132.2563689,,Mouse,1427.5,581.75,,,Fixation
1669787132.2628028,,Eye Tracker,1428.0,581.0,Valid,Valid,Fixation
1669787132.2794569,,Mouse,1428.5,581.5,,,Fixation
1669787132.296113,,Eye Tracker,1429.0,582.0,Valid,Valid,Fixation
1669787132.296239,,Mouse,1430.0,583.5,,,Fixation
1669787132.306303,,Eye Tracker,1431.0,585.0,Valid,Valid,Fixation
1669787132.312768,,Eye Tracker,1433.0,596.0,Valid,Valid,Fixation
1669787132.317266,,Mouse,1434.3333333333333,595.3333333333334,,,Fixation
1669787132.329422,,Mouse,1435.6666666666667,594.6666666666666,,,Fixation
1669787132.336415,,Eye Tracker,1437.0,594.0,Valid,Valid,Fixation
1669787132.346077,,Mouse,1435.0,585.0,,,Fixation
1669787132.356431,,Eye Tracker,1433.0,576.0,Valid,Valid,Fixation
1669787132.362732,,Mouse,1431.5,576.5,,,Fixation
1669787132.379386,,Eye Tracker,1430.0,577.0,Valid,Valid,Fixation
1669787132.386273,,Mouse,1429.5,581.0,,,Fixation
1669787132.396041,,Eye Tracker,1429.0,585.0,Valid,Valid,Fixation
1669787132.396414,,Mouse,1428.5,585.0,,,Fixation
1669787132.407361,,Eye Tracker,1428.0,585.0,Valid,Valid,Fixation
1669787132.412696,,Eye Tracker,1432.0,585.0,Valid,Valid,Fixation
1669787132.427294,,Mouse,1433.0,585.0,,,Fixation
1669787132.42935,,Eye Tracker,1434.0,585.0,Valid,Valid,Fixation
1669787132.437427,,Mouse,1427.0,590.0,,,Fixation
1669787132.4460049,,Eye Tracker,1420.0,595.0,Valid,Valid,Fixation
1669787132.457423,,Mouse,1418.0,595.0,,,Fixation
1669787132.462661,,Eye Tracker,1416.0,595.0,Valid,Valid,Fixation
1669787132.479316,,Mouse,1422.5,587.5,,,Fixation
1669787132.49597,,Eye Tracker,1429.0,580.0,Valid,Valid,Fixation
1669787132.512625,,Mouse,1430.5,582.0,,,Fixation
1669787132.517372,,Eye Tracker,1432.0,584.0,Valid,Valid,Fixation
1669787132.52928,,Mouse,1429.5,587.0,,,Fixation
1669787132.537416,,Eye Tracker,1427.0,590.0,Valid,Valid,Fixation
1669787132.545934,,Eye Tracker,1425.0,589.0,Valid,Valid,Fixation
1669787132.56259,,Mouse,1427.0,586.0,,,Fixation
1669787132.577318,,Eye Tracker,1429.0,583.0,Valid,Valid,Fixation
1669787132.5792449,,Mouse,1429.5,585.5,,,Fixation
1669787132.5958989,,Eye Tracker,1430.0,588.0,Valid,Valid,Fixation
1669787132.607421,,Mouse,1429.0,592.5,,,Fixation
1669787132.6125538,,Eye Tracker,1428.0,597.0,Valid,Valid,Fixation
1669787132.6272979,,Mouse,1428.0,594.0,,,Fixation
1669787132.629209,,Eye Tracker,1428.0,591.0,Valid,Valid,Fixation
1669787132.637526,,Eye Tracker,1431.0,590.0,Valid,Valid,Fixation
1669787132.645863,,Eye Tracker,1430.0,589.0,Valid,Valid,Fixation
1669787132.65828,,Eye Tracker,1430.0,581.0,Valid,Valid,Fixation
1669787132.662518,,Eye Tracker,1432.0,583.0,Valid,Valid,Fixation
1669787132.677337,,Eye Tracker,1427.0,589.0,Valid,Valid,Fixation
1669787132.679173,,Eye Tracker,1426.0,586.0,Valid,Valid,Fixation
1669787132.695827,,Eye Tracker,1430.0,588.0,Valid,Valid,Fixation
1669787132.707533,,Eye Tracker,1430.0,586.0,Valid,Valid,Fixation
1669787132.712482,,Eye Tracker,1427.0,581.0,Valid,Valid,Fixation
1669787132.717861,,Eye Tracker,1428.0,581.0,Valid,Valid,Fixation
1669787132.729137,,Eye Tracker,1422.0,588.0,Valid,Valid,Fixation
1669787132.7374148,MouseEvent,,1421.3333333333333,589.6666666666666,,,Fixation
1669787132.745792,,Mouse,1420.6666666666667,591.3333333333334,,,Fixation
1669787132.748286,,Eye Tracker,1420.0,593.0,Valid,Valid,Fixation
1669787132.762446,,Eye Tracker,1424.0,587.0,Valid,Valid,Fixation
1669787132.7791018,,Eye Tracker,1424.0,586.0,Valid,Valid,Fixation
1669787132.795757,,Eye Tracker,1426.0,586.0,Valid,Valid,Fixation
1669787132.798353,,Eye Tracker,1423.0,587.0,Valid,Valid,Fixation
1669787132.8124108,,Eye Tracker,1421.0,594.0,Valid,Valid,Fixation
1669787132.829066,,Eye Tracker,1418.0,599.0,Valid,Valid,Fixation
1669787132.829402,,Eye Tracker,1419.0,591.0,Valid,Valid,Fixation
1669787132.845721,,Eye Tracker,1418.0,590.0,Valid,Valid,Fixation
1669787132.848253,,Eye Tracker,1419.0,589.0,Valid,Valid,Fixation
1669787132.862375,MouseEvent,,1419.6666666666667,587.6666666666666,,,Fixation
1669787132.878227,,Mouse,1420.3333333333333,586.3333333333334,,,Fixation
1669787132.87903,,Eye Tracker,1421.0,585.0,Valid,Valid,Fixation
1669787132.895685,,Eye Tracker,1416.0,592.0,Valid,Valid,Fixation
1669787132.8982239,,Eye Tracker,1417.0,590.0,Valid,Valid,Fixation
1669787132.912339,,Eye Tracker,1423.0,592.0,Valid,Valid,Fixation
1669787132.9194689,,Eye Tracker,1421.0,595.0,Valid,Valid,Fixation
1669787132.928994,,Eye Tracker,1417.0,589.0,Valid,Valid,Fixation
1669787132.939411,,Eye Tracker,1414.0,589.0,Valid,Valid,Fixation
1669787132.945649,,Mouse,1410.0,593.0,,,Fixation
1669787132.9623039,,Eye Tracker,1406.0,597.0,Valid,Valid,Fixation
1669787132.9693449,,Eye Tracker,1409.0,596.0,Valid,Valid,Fixation
1669787132.9789588,,Mouse,1413.5,593.0,,,Fixation
1669787132.9895089,,Eye Tracker,1418.0,590.0,Valid,Valid,Fixation
1669787132.995614,,Mouse,1418.3333333333333,589.3333333333334,,,Fixation
1669787133.012269,,Mouse,1418.6666666666667,588.6666666666666,,,Fixation
1669787133.019233,,Eye Tracker,1419.0,588.0,Valid,Valid,Fixation
1669787133.028923,,Eye Tracker,1418.0,590.0,Valid,Valid,Fixation
1669787133.029289,,Mouse,1417.6666666666667,590.3333333333334,,,Fixation
1669787133.045578,,Mouse,1417.3333333333333,590.6666666666666,,,Fixation
1669787133.049281,,Eye Tracker,1417.0,591.0,Valid,Valid,Fixation
1669787133.062234,,Mouse,1415.5,591.5,,,Fixation
1669787133.078888,,Eye Tracker,1414.0,592.0,Valid,Valid,Fixation
1669787133.095543,,Mouse,1414.0,593.0,,,Fixation
1669787133.1121979,,Eye Tracker,1414.0,594.0,Valid,Valid,Fixation
1669787133.128852,,Eye Tracker,1411.0,591.0,Valid,Valid,Fixation
1669787133.1304219,,Mouse,1411.5,591.0,,,Fixation
1669787133.1455069,,Eye Tracker,1412.0,591.0,Valid,Valid,Fixation
1669787133.1492379,,Eye Tracker,1413.0,592.0,Valid,Valid,Fixation
1669787133.1621618,,Mouse,1412.5,593.0,,,Fixation
1669787133.1788158,,Eye Tracker,1412.0,594.0,Valid,Valid,Fixation
1669787133.195471,,Mouse,1413.5,595.5,,,Fixation
1669787133.212126,,Eye Tracker,1415.0,597.0,Valid,Valid,Fixation
1669787133.22878,,Mouse,1415.5,596.0,,,Fixation
1669787133.245436,,Eye Tracker,1416.0,595.0,Valid,Valid,Fixation
1669787133.262091,,Mouse,1415.5,597.5,,,Fixation
1669787133.278746,,Eye Tracker,1415.0,600.0,Valid,Valid,Fixation
1669787133.2954,,Mouse,1413.0,600.5,,,Fixation
1669787133.310376,,Eye Tracker,1411.0,601.0,Valid,Valid,Fixation
1669787133.310376,,Eye Tracker,1418.0,607.0,Valid,Valid,Fixation
1669787133.3120549,,Mouse,1421.0,611.6666666666666,,,Fixation
1669787133.3287098,,Mouse,1424.0,616.3333333333334,,,Fixation
1669787133.3453639,,Eye Tracker,1427.0,621.0,Valid,Valid,Fixation
1669787133.3620188,,Mouse,1428.0,620.0,,,Fixation
1669787133.378674,,Eye Tracker,1429.0,619.0,Valid,Valid,Fixation
1669787133.395328,,Mouse,1428.0,617.5,,,Fixation
1669787133.411983,,Eye Tracker,1427.0,616.0,Valid,Valid,Fixation
1669787133.428638,,Mouse,1426.5,615.5,,,Fixation
1669787133.445292,,Eye Tracker,1426.0,615.0,Valid,Valid,Fixation
1669787133.461948,,Eye Tracker,1421.0,616.0,Valid,Valid,Fixation
1669787133.478603,,Mouse,1422.5,614.5,,,Fixation
1669787133.495257,,Eye Tracker,1424.0,613.0,Valid,Valid,Fixation
1669787133.502964,,Mouse,1425.5,612.0,,,Fixation
1669787133.5119119,,Eye Tracker,1427.0,611.0,Valid,Valid,Fixation
1669787133.521549,,Eye Tracker,1426.0,608.0,Valid,Valid,Fixation
1669787133.5285668,,Mouse,1426.5,609.0,,,Fixation
1669787133.545222,,Eye Tracker,1427.0,610.0,Valid,Valid,Fixation
1669787133.5618758,,Mouse,1426.0,612.5,,,Fixation
1669787133.571373,,Eye Tracker,1425.0,615.0,Valid,Valid,Fixation
1669787133.578532,,Eye Tracker,1427.0,618.0,Valid,Valid,Fixation
1669787133.595187,,Eye Tracker,1432.0,620.0,Valid,Valid,Fixation
1669787133.611326,,Eye Tracker,1435.0,617.0,Valid,Valid,Fixation
1669787133.611841,,Mouse,1435.5,616.5,,,Fixation
1669787133.628496,,Eye Tracker,1436.0,616.0,Valid,Valid,Fixation
1669787133.6312618,,Mouse,1434.5,618.5,,,Fixation
1669787133.6422849,,Eye Tracker,1433.0,621.0,Valid,Valid,Fixation
1669787133.645151,,Mouse,1432.5,618.5,,,Fixation
1669787133.661388,,Eye Tracker,1432.0,616.0,Valid,Valid,Fixation
1669787133.661805,,Mouse,1432.0,614.0,,,Fixation
1669787133.67846,,Eye Tracker,1432.0,612.0,Valid,Valid,Fixation
1669787133.682294,,Eye Tracker,1430.0,620.0,Valid,Valid,Fixation
1669787133.6951149,,Mouse,1430.5,619.5,,,Fixation
1669787133.7117689,,Eye Tracker,1431.0,619.0,Valid,Valid,Fixation
1669787133.722293,,Mouse,1432.5,618.0,,,Fixation
1669787133.7284238,,Eye Tracker,1434.0,617.0,Valid,Valid,Fixation
1669787133.74508,,Mouse,1432.0,617.5,,,Fixation
1669787133.761373,,Eye Tracker,1430.0,618.0,Valid,Valid,Fixation
1669787133.761734,,Eye Tracker,1427.0,619.0,Valid,Valid,Fixation
1669787133.772577,,Eye Tracker,1432.0,621.0,Valid,Valid,Fixation
1669787133.778389,,Eye Tracker,1438.0,618.0,Valid,Valid,Fixation
1669787133.795044,,Eye Tracker,1435.0,621.0,Valid,Valid,Fixation
1669787133.80228,,Eye Tracker,1430.0,626.0,Valid,Valid,Fixation
1669787133.811699,,Eye Tracker,1428.0,626.0,Valid,Valid,Fixation
1669787133.813279,,Eye Tracker,1429.0,626.0,Valid,Valid,Fixation
1669787133.828353,,Eye Tracker,1429.0,622.0,Valid,Valid,Fixation
1669787133.842222,,Eye Tracker,1433.0,621.0,Valid,Valid,Fixation
1669787133.845008,,Eye Tracker,1436.0,621.0,Valid,Valid,Fixation
1669787133.8532438,,Eye Tracker,1431.0,618.0,Valid,Valid,Fixation
1669787133.8616629,,Mouse,1433.0,617.5,,,Fixation
1669787133.87229,,Eye Tracker,1435.0,617.0,Valid,Valid,Fixation
1669787133.8783169,,Eye Tracker,1436.0,617.0,Valid,Valid,Fixation
1669787133.893256,,Eye Tracker,1435.0,620.0,Valid,Valid,Fixation
1669787133.8949718,,Mouse,1436.5,620.5,,,Fixation
1669787133.911627,,Eye Tracker,1438.0,621.0,Valid,Valid,Fixation
1669787133.922482,,Eye Tracker,1437.0,621.0,Valid,Valid,Fixation
1669787133.9282808,,Mouse,1436.0,620.0,,,Fixation
1669787133.9437099,,Eye Tracker,1435.0,619.0,Valid,Valid,Fixation
1669787133.944936,,Mouse,1435.3333333333333,619.3333333333334,,,Fixation
1669787133.961592,,Mouse,1435.6666666666667,619.6666666666666,,,Fixation
1669787133.9732769,,Eye Tracker,1436.0,620.0,Valid,Valid,Fixation
1669787133.978246,,Mouse,1435.5,621.0,,,Fixation
1669787133.994901,,Eye Tracker,1435.0,622.0,Valid,Valid,Fixation
1669787134.0032558,,Eye Tracker,1437.0,622.0,Valid,Valid,Fixation
1669787134.011556,,Mouse,1437.3333333333333,622.0,,,Fixation
1669787134.02821,,Mouse,1437.6666666666667,622.0,,,Fixation
1669787134.044865,,Eye Tracker,1438.0,622.0,Valid,Valid,Fixation
1669787134.053271,,Mouse,1438.0,620.5,,,Fixation
1669787134.0615199,,Eye Tracker,1438.0,619.0,Valid,Valid,Fixation
1669787134.078176,,Eye Tracker,1441.0,615.0,Valid,Valid,Fixation
1669787134.09483,,Mouse,1438.0,614.5,,,Fixation
1669787134.111485,,Eye Tracker,1435.0,614.0,Valid,Valid,Fixation
1669787134.12814,,Eye Tracker,1431.0,615.0,Valid,Valid,Fixation
1669787134.144794,,Eye Tracker,1431.0,622.0,Valid,Valid,Fixation
1669787134.161449,,Eye Tracker,1433.0,627.0,Valid,Valid,Fixation
1669787134.178104,,Eye Tracker,1435.0,623.0,Valid,Valid,Fixation
1669787134.194758,,Eye Tracker,1435.0,618.0,Valid,Valid,Fixation
1669787134.211413,,Mouse,1436.0,615.5,,,Fixation
1669787134.223544,,Eye Tracker,1437.0,613.0,Valid,Valid,Fixation
1669787134.2280679,,Eye Tracker,1438.0,612.0,Valid,Valid,Fixation
1669787134.2447228,,Mouse,1440.0,615.0,,,Fixation
1669787134.253306,,Eye Tracker,1442.0,618.0,Valid,Valid,Fixation
1669787134.261378,,Mouse,1443.5,618.5,,,Fixation
1669787134.278033,,Eye Tracker,1445.0,619.0,Valid,Valid,Fixation
1669787134.2842739,,Mouse,1445.0,618.0,,,Fixation
1669787134.294687,,Eye Tracker,1445.0,617.0,Valid,Valid,Fixation
1669787134.311342,,Mouse,1444.5,616.5,,,Fixation
1669787134.327997,,Eye Tracker,1444.0,616.0,Valid,Valid,Fixation
1669787134.344652,,Mouse,1444.3333333333333,616.3333333333334,,,Fixation
1669787134.361306,,Mouse,1444.6666666666667,616.6666666666666,,,Fixation
1669787134.377961,,Eye Tracker,1445.0,617.0,Valid,Valid,Fixation
1669787134.394616,,Mouse,1446.0,614.5,,,Fixation
1669787134.41127,,Eye Tracker,1447.0,612.0,Valid,Valid,Fixation
1669787134.4279249,,Eye Tracker,1448.0,608.0,Valid,Valid,Fixation
1669787134.4445798,,Mouse,1448.5,610.0,,,Fixation
1669787134.461235,,Eye Tracker,1449.0,612.0,Valid,Valid,Fixation
1669787134.47789,,Mouse,1448.5,614.0,,,Fixation
1669787134.494545,,Eye Tracker,1448.0,616.0,Valid,Valid,Fixation
1669787134.511199,,Mouse,1450.5,615.5,,,Fixation
1669787134.527854,,Eye Tracker,1453.0,615.0,Valid,Valid,Fixation
1669787134.544509,,Mouse,1452.5,615.5,,,Fixation
1669787134.561163,,Eye Tracker,1452.0,616.0,Valid,Valid,Fixation
1669787134.577818,,Mouse,1449.5,612.5,,,Fixation
1669787134.5944738,,Eye Tracker,1447.0,609.0,Valid,Valid,Fixation
1669787134.611129,,Mouse,1446.5,610.5,,,Fixation
1669787134.6277828,,Eye Tracker,1446.0,612.0,Valid,Valid,Fixation
1669787134.644438,,Mouse,1446.0,613.0,,,Fixation
1669787134.661093,,Eye Tracker,1446.0,614.0,Valid,Valid,Fixation
1669787134.677747,,Mouse,1447.5,613.5,,,Fixation
1669787134.694402,,Eye Tracker,1449.0,613.0,Valid,Valid,Fixation
1669787134.711057,,Mouse,1451.0,614.0,,,Fixation
1669787134.727712,,Eye Tracker,1453.0,615.0,Valid,Valid,Fixation
1669787134.744367,,Mouse,1455.0,609.5,,,Fixation
1669787134.7610219,,Eye Tracker,1457.0,604.0,Valid,Valid,Fixation
1669787134.7776759,,Mouse,1461.5,600.5,,,Fixation
1669787134.7943308,,Eye Tracker,1466.0,597.0,Valid,Valid,Fixation
1669787134.810986,,Mouse,1471.5,594.5,,,Fixation
1669787134.82764,,Eye Tracker,1477.0,592.0,Valid,Valid,Fixation
1669787134.844295,,Mouse,1478.6666666666667,590.0,,,Fixation
1669787134.86095,,Mouse,1480.3333333333333,588.0,,,Fixation
1669787134.877605,,Eye Tracker,1482.0,586.0,Valid,Valid,Fixation
1669787134.894259,,Mouse,1481.0,585.5,,,Fixation
1669787134.910914,,Eye Tracker,1480.0,585.0,Valid,Valid,Fixation
1669787134.927569,,Eye Tracker,1479.0,586.0,Valid,Valid,Fixation
1669787134.944223,,Mouse,1479.5,586.0,,,Fixation
1669787134.9608788,,Eye Tracker,1480.0,586.0,Valid,Valid,Fixation
1669787134.977534,,Eye Tracker,1482.0,580.0,Valid,Valid,Fixation
1669787134.9941878,,Eye Tracker,1483.0,580.0,Valid,Valid,Fixation
1669787135.010843,,Eye Tracker,1476.0,577.0,Valid,Valid,Fixation
1669787135.027498,,Eye Tracker,1478.0,580.0,Valid,Valid,Fixation
1669787135.044152,,Eye Tracker,1485.0,589.0,Valid,Valid,Fixation
1669787135.060808,,Eye Tracker,1484.0,587.0,Valid,Valid,Fixation
1669787135.077463,,Eye Tracker,1483.0,580.0,Valid,Valid,Fixation
1669787135.094117,,Eye Tracker,1484.0,581.0,Valid,Valid,Fixation
1669787135.110772,,Eye Tracker,1487.0,588.0,Valid,Valid,Fixation
1669787135.1274269,,Eye Tracker,1484.0,591.0,Valid,Valid,Fixation
1669787135.1440818,,Eye Tracker,1479.0,584.0,Valid,Valid,Fixation
1669787135.147331,,Eye Tracker,1482.0,581.0,Valid,Valid,Fixation
1669787135.1607358,,Eye Tracker,1483.0,589.0,Valid,Valid,Fixation
1669787135.177391,,Eye Tracker,1480.0,590.0,Valid,Valid,Fixation
1669787135.194046,,Eye Tracker,1483.0,593.0,Valid,Valid,Fixation
1669787135.2107,,Eye Tracker,1484.0,593.0,Valid,Valid,Fixation
1669787135.227356,,Eye Tracker,1481.0,594.0,Valid,Valid,Fixation
1669787135.244011,,Eye Tracker,1472.0,596.0,Valid,Valid,Fixation
1669787135.260665,,Eye Tracker,1461.0,588.0,Valid,Valid,Fixation
1669787135.27732,,Eye Tracker,1461.0,590.0,Valid,Valid,Fixation
1669787135.28726,,Eye Tracker,1465.0,591.0,Valid,Valid,Fixation
1669787135.2939749,,Eye Tracker,1464.0,585.0,Valid,Valid,Fixation
1669787135.310629,,Eye Tracker,1471.0,582.0,Valid,Valid,Fixation
1669787135.3272839,,Eye Tracker,1470.0,583.0,Valid,Valid,Fixation
1669787135.3439388,,Eye Tracker,1469.0,577.0,Valid,Valid,Fixation
1669787135.358387,,Mouse,1469.0,577.5,,,Fixation
1669787135.3605928,,Eye Tracker,1469.0,578.0,Valid,Valid,Fixation
1669787135.377248,,Eye Tracker,1472.0,594.0,Valid,Valid,Fixation
1669787135.38942,,Eye Tracker,1474.0,598.0,Valid,Valid,Fixation
1669787135.393903,,Mouse,1469.5,594.0,,,Fixation
1669787135.410558,,Eye Tracker,1465.0,590.0,Valid,Valid,Fixation
1669787135.418238,,Eye Tracker,1464.0,586.0,Valid,Valid,Fixation
1669787135.427212,,Mouse,1470.0,589.0,,,Fixation
1669787135.443867,,Eye Tracker,1476.0,592.0,Valid,Valid,Fixation
1669787135.448364,,Mouse,1477.0,592.0,,,Fixation
1669787135.460523,,Eye Tracker,1478.0,592.0,Valid,Valid,Fixation
1669787135.477177,,Eye Tracker,1469.0,581.0,Valid,Valid,Fixation
1669787135.4938319,,Mouse,1469.0,579.0,,,Fixation
1669787135.510488,,Eye Tracker,1469.0,577.0,Valid,Valid,Fixation
1669787135.527142,,Eye Tracker,1479.0,582.0,Valid,Valid,Fixation
1669787135.543797,,Mouse,1478.5,583.5,,,Fixation
1669787135.549525,,Eye Tracker,1478.0,585.0,Valid,Valid,Fixation
1669787135.560365,,Mouse,1473.5,583.5,,,Fixation
1669787135.560452,,Eye Tracker,1469.0,582.0,Valid,Valid,Fixation
1669787135.577106,,Mouse,1470.0,579.0,,,Fixation
1669787135.5793738,,Eye Tracker,1471.0,576.0,Valid,Valid,Fixation
1669787135.593761,,Eye Tracker,1472.0,573.0,Valid,Valid,Fixation
1669787135.6002789,,Eye Tracker,1468.0,579.0,Valid,Valid,Fixation
1669787135.610416,,Mouse,1468.5,586.0,,,Fixation
1669787135.619279,,Eye Tracker,1469.0,593.0,Valid,Valid,Fixation
1669787135.62707,,Mouse,1470.0,591.5,,,Fixation
1669787135.6405358,,Eye Tracker,1471.0,590.0,Valid,Valid,Fixation
1669787135.643725,,Mouse,1473.5,587.0,,,Fixation
1669787135.66038,,Eye Tracker,1476.0,584.0,Valid,Valid,Fixation
1669787135.669303,,Mouse,1478.0,586.0,,,Fixation
1669787135.6770349,,Eye Tracker,1480.0,588.0,Valid,Valid,Fixation
1669787135.690281,,Mouse,1475.0,590.0,,,Fixation
1669787135.6936889,,Eye Tracker,1470.0,592.0,Valid,Valid,Fixation
1669787135.7092159,,Mouse,1468.5,589.0,,,Fixation
1669787135.710345,,Eye Tracker,1467.0,586.0,Valid,Valid,Fixation
1669787135.727,,Mouse,1467.5,585.5,,,Fixation
1669787135.739488,,Eye Tracker,1468.0,585.0,Valid,Valid,Fixation
1669787135.743654,,Eye Tracker,1466.0,591.0,Valid,Valid,Fixation
1669787135.75926,,Eye Tracker,1471.0,582.0,Valid,Valid,Fixation
1669787135.760309,,Mouse,1472.5,581.0,,,Fixation
1669787135.776964,,Eye Tracker,1474.0,580.0,Valid,Valid,Fixation
1669787135.793618,,Mouse,1474.0,581.0,,,Fixation
1669787135.810273,,Eye Tracker,1474.0,582.0,Valid,Valid,Fixation
1669787135.826928,,Mouse,1473.5,580.5,,,Fixation
1669787135.843582,,Eye Tracker,1473.0,579.0,Valid,Valid,Fixation
1669787135.860237,,Mouse,1474.3333333333333,584.3333333333334,,,Fixation
1669787135.8768919,,Mouse,1475.6666666666667,589.6666666666666,,,Fixation
1669787135.8935459,,Eye Tracker,1477.0,595.0,Valid,Valid,Fixation
1669787135.901392,,Mouse,1482.5,601.5,,,Fixation
1669787135.9102008,,Eye Tracker,1488.0,608.0,Valid,Valid,Fixation
1669787135.926856,,Eye Tracker,1487.0,613.0,Valid,Valid,Fixation
1669787135.943511,,Mouse,1486.3333333333333,615.0,,,Fixation
1669787135.960167,,Mouse,1485.6666666666667,617.0,,,Fixation
1669787135.976822,,Eye Tracker,1485.0,619.0,Valid,Valid,Fixation
1669787135.9934769,,Eye Tracker,1486.0,613.0,Valid,Valid,Fixation
1669787136.0013049,,Mouse,1485.6666666666667,611.6666666666666,,,Fixation
1669787136.010131,,Mouse,1485.3333333333333,610.3333333333334,,,Fixation
1669787136.0115,,Eye Tracker,1485.0,609.0,Valid,Valid,Fixation
1669787136.0267859,,Mouse,1487.0,607.0,,,Fixation
1669787136.041347,,Eye Tracker,1489.0,605.0,Valid,Valid,Fixation
1669787136.043441,,Mouse,1488.0,603.0,,,Fixation
1669787136.0600948,,Eye Tracker,1487.0,601.0,Valid,Valid,Fixation
1669787136.0622919,,Mouse,1487.0,601.5,,,Fixation
1669787136.07675,,Eye Tracker,1487.0,602.0,Valid,Valid,Fixation
1669787136.081428,,Mouse,1486.5,602.5,,,Fixation
1669787136.093405,,Eye Tracker,1486.0,603.0,Valid,Valid,Fixation
1669787136.10149,,Eye Tracker,1483.0,616.0,Valid,Valid,Fixation
1669787136.110059,,Mouse,1483.0,615.3333333333334,,,Fixation
1669787136.112231,,Mouse,1483.0,614.6666666666666,,,Fixation
1669787136.126714,,Eye Tracker,1483.0,614.0,Valid,Valid,Fixation
1669787136.1312768,,Mouse,1485.5,609.5,,,Fixation
1669787136.143369,,Eye Tracker,1488.0,605.0,Valid,Valid,Fixation
1669787136.160023,,Eye Tracker,1489.0,605.0,Valid,Valid,Fixation
1669787136.171371,,Mouse,1488.0,605.0,,,Fixation
1669787136.176678,,Eye Tracker,1487.0,605.0,Valid,Valid,Fixation
1669787136.192241,,Eye Tracker,1488.0,602.0,Valid,Valid,Fixation
1669787136.193333,,Mouse,1489.5,601.5,,,Fixation
1669787136.2099888,,Eye Tracker,1491.0,601.0,Valid,Valid,Fixation
1669787136.2266428,,Eye Tracker,1491.0,606.0,Valid,Valid,Fixation
1669787136.2422369,,Eye Tracker,1490.0,604.0,Valid,Valid,Fixation
1669787136.243298,,Eye Tracker,1488.0,602.0,Valid,Valid,Fixation
1669787136.259953,,Eye Tracker,1487.0,600.0,Valid,Valid,Fixation
1669787136.2612638,,Mouse,1487.5,601.5,,,Fixation
1669787136.276607,,Eye Tracker,1488.0,603.0,Valid,Valid,Fixation
1669787136.2822769,,Eye Tracker,1489.0,602.0,Valid,Valid,Fixation
1669787136.293262,,Eye Tracker,1490.0,602.0,Valid,Valid,Fixation
1669787136.301383,,Eye Tracker,1495.0,603.0,Valid,Valid,Fixation
1669787136.309917,,Eye Tracker,1497.0,603.0,Valid,Valid,Fixation
1669787136.322267,,Eye Tracker,1496.0,606.0,Valid,Valid,Fixation
1669787136.326571,,Eye Tracker,1492.0,606.0,Valid,Valid,Fixation
1669787136.332448,,Eye Tracker,1494.0,603.0,Valid,Valid,Fixation
1669787136.3424819,,Eye Tracker,1495.0,607.0,Valid,Valid,Fixation
1669787136.343226,,Mouse,1493.5,611.5,,,Fixation
1669787136.359881,,Eye Tracker,1492.0,616.0,Valid,Valid,Fixation
1669787136.363251,,Eye Tracker,1495.0,614.0,Valid,Valid,Fixation
1669787136.373275,,Mouse,1496.0,609.5,,,Fixation
1669787136.376535,,Eye Tracker,1497.0,605.0,Valid,Valid,Fixation
1669787136.39319,,Eye Tracker,1494.0,601.0,Valid,Valid,Fixation
1669787136.4098449,,Eye Tracker,1491.0,604.0,Valid,Valid,Fixation
1669787136.426499,,Mouse,1490.5,604.5,,,Fixation
1669787136.4431539,,Eye Tracker,1490.0,605.0,Valid,Valid,Fixation
1669787136.45981,,Eye Tracker,1489.0,606.0,Valid,Valid,Fixation
1669787136.476465,,Mouse,1489.0,606.5,,,Fixation
1669787136.493119,,Eye Tracker,1489.0,607.0,Valid,Valid,Fixation
1669787136.509774,,Mouse,1490.6666666666667,604.3333333333334,,,Fixation
1669787136.526429,,Mouse,1492.3333333333333,601.6666666666666,,,Fixation
1669787136.543083,,Eye Tracker,1494.0,599.0,Valid,Valid,Fixation
1669787136.559738,,Eye Tracker,1495.0,599.0,Valid,Valid,Fixation
1669787136.576393,,Mouse,1492.5,603.5,,,Fixation
1669787136.593047,,Eye Tracker,1490.0,608.0,Valid,Valid,Fixation
1669787136.6097019,,Mouse,1489.2,608.6,,,Fixation
1669787136.6263568,MouseEvent,,1488.4,609.2,,,Fixation
1669787136.6430109,,Mouse,1487.6,609.8,,,Fixation
1669787136.6596658,,Mouse,1486.8,610.4,,,Fixation
1669787136.676321,,Eye Tracker,1486.0,611.0,Valid,Valid,Fixation
1669787136.683265,,Mouse,1487.5,610.0,,,Fixation
1669787136.692975,,Eye Tracker,1489.0,609.0,Valid,Valid,Fixation
1669787136.709631,,Eye Tracker,1495.0,605.0,Valid,Valid,Fixation
1669787136.714208,,Eye Tracker,1496.0,609.0,Valid,Valid,Fixation
1669787136.726286,,Eye Tracker,1492.0,612.0,Valid,Valid,Fixation
1669787136.734001,,Eye Tracker,1492.0,605.0,Valid,Valid,Fixation
1669787136.742941,,Eye Tracker,1493.0,606.0,Valid,Valid,Fixation
1669787136.7442799,,Eye Tracker,1492.0,614.0,Valid,Valid,Fixation
1669787136.754405,,Eye Tracker,1490.0,614.0,Valid,Valid,Fixation
1669787136.759595,,Eye Tracker,1489.0,615.0,Valid,Valid,Fixation
1669787136.773238,,Eye Tracker,1501.0,627.0,Valid,Valid,Fixation
1669787136.77625,,Mouse,1518.5,641.5,,,Fixation
1669787136.78427,,Eye Tracker,1536.0,656.0,Valid,Valid,Saccade
1669787136.7929049,,Mouse,1548.0,666.0,,,Saccade
1669787136.794353,,Eye Tracker,1560.0,676.0,Valid,Valid,Saccade
1669787136.8095589,,Mouse,1558.0,674.5,,,Fixation
1669787136.8131979,,Eye Tracker,1556.0,673.0,Valid,Valid,Fixation
1669787136.8232749,,Eye Tracker,1553.0,675.0,Valid,Valid,Fixation
1669787136.8262138,,Mouse,1554.5,672.5,,,Fixation
1669787136.8343608,,Eye Tracker,1556.0,670.0,Valid,Valid,Fixation
1669787136.842869,,Eye Tracker,1555.0,667.0,Valid,Valid,Fixation
1669787136.8542678,,Eye Tracker,1555.0,672.0,Valid,Valid,Fixation
1669787136.859523,,Eye Tracker,1556.0,673.0,Valid,Valid,Fixation
1669787136.876178,,Eye Tracker,1558.0,673.0,Valid,Valid,Fixation
1669787136.892833,,Eye Tracker,1558.0,672.0,Valid,Valid,Fixation
1669787136.909487,,Eye Tracker,1557.0,674.0,Valid,Valid,Fixation
1669787136.926142,,Eye Tracker,1561.0,672.0,Valid,Valid,Fixation
1669787136.942797,,Mouse,1557.0,673.0,,,Fixation
1669787136.959452,,Eye Tracker,1553.0,674.0,Valid,Valid,Fixation
1669787136.976107,,Eye Tracker,1540.0,684.0,Valid,Valid,Fixation
1669787136.9927619,,Eye Tracker,1531.0,695.0,Valid,Valid,Fixation
1669787136.994247,,Eye Tracker,1534.0,695.0,Valid,Valid,Fixation
1669787137.009417,,Eye Tracker,1533.0,693.0,Valid,Valid,Fixation
1669787137.015395,,Eye Tracker,1533.0,692.0,Valid,Valid,Fixation
1669787137.0260708,,Eye Tracker,1537.0,692.0,Valid,Valid,Fixation
1669787137.042726,,Eye Tracker,1534.0,693.0,Valid,Valid,Fixation
1669787137.04627,,Eye Tracker,1532.0,695.0,Valid,Valid,Fixation
1669787137.056485,,Eye Tracker,1532.0,697.0,Valid,Valid,Fixation
1669787137.059381,MouseEvent,,1532.6666666666667,697.0,,,Fixation
1669787137.0752149,,Mouse,1533.3333333333333,697.0,,,Fixation
1669787137.076035,,Eye Tracker,1534.0,697.0,Valid,Valid,Fixation
1669787137.0865378,,Eye Tracker,1534.0,694.0,Valid,Valid,Fixation
1669787137.09269,,Eye Tracker,1528.0,701.0,Valid,Valid,Fixation
1669787137.105474,,Eye Tracker,1527.0,702.0,Valid,Valid,Fixation
1669787137.109345,,Eye Tracker,1526.0,698.0,Valid,Valid,Fixation
1669787137.125999,,Eye Tracker,1529.0,705.0,Valid,Valid,Fixation
1669787137.1264129,,Eye Tracker,1524.0,703.0,Valid,Valid,Fixation
1669787137.1364129,,Eye Tracker,1523.0,696.0,Valid,Valid,Fixation
1669787137.142654,,Eye Tracker,1532.0,693.0,Valid,Valid,Fixation
1669787137.1552699,,Eye Tracker,1534.0,695.0,Valid,Valid,Fixation
1669787137.159309,,Mouse,1531.6666666666667,696.6666666666666,,,Fixation
1669787137.165367,,Mouse,1529.3333333333333,698.3333333333334,,,Fixation
1669787137.175963,,Eye Tracker,1527.0,700.0,Valid,Valid,Fixation
1669787137.176231,,Mouse,1525.0,701.5,,,Fixation
1669787137.1926188,,Eye Tracker,1523.0,703.0,Valid,Valid,Fixation
1669787137.195538,,Eye Tracker,1528.0,697.0,Valid,Valid,Fixation
1669787137.209274,,Mouse,1528.6666666666667,695.0,,,Fixation
1669787137.2259278,,Mouse,1529.3333333333333,693.0,,,Fixation
1669787137.242583,,Eye Tracker,1530.0,691.0,Valid,Valid,Fixation
1669787137.259238,,Mouse,1527.5,691.5,,,Fixation
1669787137.275893,,Eye Tracker,1525.0,692.0,Valid,Valid,Fixation
1669787137.292547,,Mouse,1525.0,692.5,,,Fixation
1669787137.309202,,Eye Tracker,1525.0,693.0,Valid,Valid,Fixation
1669787137.325857,,Mouse,1528.0,688.0,,,Fixation
1669787137.342511,,Eye Tracker,1531.0,683.0,Valid,Valid,Fixation
1669787137.3565369,,Mouse,1530.5,682.5,,,Fixation
1669787137.359166,,Eye Tracker,1530.0,682.0,Valid,Valid,Fixation
1669787137.3758209,,Mouse,1531.0,684.5,,,Fixation
1669787137.387239,,Eye Tracker,1532.0,687.0,Valid,Valid,Fixation
1669787137.392475,,Mouse,1532.6666666666667,687.6666666666666,,,Fixation
1669787137.397258,,Mouse,1533.3333333333333,688.3333333333334,,,Fixation
1669787137.4091299,,Eye Tracker,1534.0,689.0,Valid,Valid,Fixation
1669787137.416378,,Mouse,1531.5,687.5,,,Fixation
1669787137.4257848,,Eye Tracker,1529.0,686.0,Valid,Valid,Fixation
1669787137.42736,,Mouse,1526.5,686.0,,,Fixation
1669787137.44244,,Eye Tracker,1524.0,686.0,Valid,Valid,Fixation
1669787137.4462729,,Mouse,1524.5,687.5,,,Fixation
1669787137.456404,,Eye Tracker,1525.0,689.0,Valid,Valid,Fixation
1669787137.459095,,Eye Tracker,1522.0,690.0,Valid,Valid,Fixation
1669787137.4672348,,Mouse,1522.5,694.0,,,Fixation
1669787137.47575,,Eye Tracker,1523.0,698.0,Valid,Valid,Fixation
1669787137.477531,,Eye Tracker,1523.0,697.0,Valid,Valid,Fixation
1669787137.492404,,Mouse,1524.0,693.5,,,Fixation
1669787137.4964988,,Eye Tracker,1525.0,690.0,Valid,Valid,Fixation
1669787137.5072548,,Eye Tracker,1529.0,693.0,Valid,Valid,Fixation
1669787137.509059,,Eye Tracker,1530.0,696.0,Valid,Valid,Fixation
1669787137.517295,,Eye Tracker,1527.0,688.0,Valid,Valid,Fixation
1669787137.525714,,Mouse,1523.5,689.0,,,Fixation
1669787137.537237,,Eye Tracker,1520.0,690.0,Valid,Valid,Fixation
1669787137.537647,,Eye Tracker,1525.0,696.0,Valid,Valid,Fixation
1669787137.537647,,Mouse,1529.0,693.5,,,Fixation
1669787137.542369,,Eye Tracker,1533.0,691.0,Valid,Valid,Fixation
1669787137.548358,,Eye Tracker,1526.0,689.0,Valid,Valid,Fixation
1669787137.559023,,Eye Tracker,1519.0,699.0,Valid,Valid,Fixation
1669787137.568259,,Eye Tracker,1518.0,701.0,Valid,Valid,Fixation
1669787137.5756779,,Eye Tracker,1526.0,692.0,Valid,Valid,Fixation
1669787137.587384,,Eye Tracker,1528.0,686.0,Valid,Valid,Fixation
1669787137.5923328,,Eye Tracker,1527.0,690.0,Valid,Valid,Fixation
1669787137.598258,,Eye Tracker,1524.0,690.0,Valid,Valid,Fixation
1669787137.6089869,,Mouse,1521.5,693.5,,,Fixation
1669787137.617234,,Eye Tracker,1519.0,697.0,Valid,Valid,Fixation
1669787137.6256418,,Eye Tracker,1524.0,702.0,Valid,Valid,Fixation
1669787137.637459,,Mouse,1522.0,700.0,,,Fixation
1669787137.642297,,Eye Tracker,1520.0,698.0,Valid,Valid,Fixation
1669787137.648495,,Mouse,1519.0,697.0,,,Fixation
1669787137.658951,,Eye Tracker,1518.0,696.0,Valid,Valid,Fixation
1669787137.667289,,Eye Tracker,1519.0,690.0,Valid,Valid,Fixation
1669787137.675606,,Mouse,1519.0,689.0,,,Fixation
1669787137.692262,MouseEvent,,1519.0,688.0,,,Fixation
1669787137.708916,,Mouse,1519.0,687.0,,,Fixation
1669787137.725571,,Eye Tracker,1519.0,686.0,Valid,Valid,Fixation
1669787137.742226,,Mouse,1514.0,696.0,,,Fixation
1669787137.75888,,Eye Tracker,1509.0,706.0,Valid,Valid,Fixation
1669787137.7755349,,Eye Tracker,1506.0,715.0,Valid,Valid,Fixation
1669787137.7921898,,Mouse,1514.0,705.0,,,Fixation
1669787137.808845,,Eye Tracker,1522.0,695.0,Valid,Valid,Fixation
1669787137.825499,,Mouse,1521.5,692.5,,,Fixation
1669787137.842154,,Eye Tracker,1521.0,690.0,Valid,Valid,Fixation
1669787137.858809,,Eye Tracker,1519.0,706.0,Valid,Valid,Fixation
1669787137.875463,,Eye Tracker,1516.0,707.0,Valid,Valid,Fixation
1669787137.892118,,Eye Tracker,1510.0,700.0,Valid,Valid,Fixation
1669787137.908773,,Eye Tracker,1510.0,700.0,Valid,Valid,Fixation
1669787137.925427,,Mouse,1514.5,696.5,,,Fixation
1669787137.942083,,Eye Tracker,1519.0,693.0,Valid,Valid,Fixation
1669787137.9587379,,Eye Tracker,1522.0,691.0,Valid,Valid,Fixation
1669787137.9682178,,Eye Tracker,1515.0,696.0,Valid,Valid,Fixation
1669787137.9753919,,Mouse,1515.5,696.5,,,Fixation
1669787137.9920468,,Eye Tracker,1516.0,697.0,Valid,Valid,Fixation
1669787138.008702,,Mouse,1514.0,694.0,,,Fixation
1669787138.025356,,Eye Tracker,1512.0,691.0,Valid,Valid,Fixation
1669787138.042011,,Eye Tracker,1511.0,691.0,Valid,Valid,Fixation
1669787138.058666,,Mouse,1516.0,690.0,,,Fixation
1669787138.059633,,Eye Tracker,1521.0,689.0,Valid,Valid,Fixation
1669787138.059633,,Eye Tracker,1521.0,690.0,Valid,Valid,Fixation
1669787138.075321,,Mouse,1517.5,690.5,,,Fixation
1669787138.091975,,Eye Tracker,1514.0,691.0,Valid,Valid,Fixation
1669787138.10863,,Mouse,1513.0,690.0,,,Fixation
1669787138.125285,,Eye Tracker,1512.0,689.0,Valid,Valid,Fixation
1669787138.141939,,Mouse,1512.5,690.0,,,Fixation
1669787138.158594,,Eye Tracker,1513.0,691.0,Valid,Valid,Fixation
1669787138.1752489,,Mouse,1514.5,691.5,,,Fixation
1669787138.1919038,,Eye Tracker,1516.0,692.0,Valid,Valid,Fixation
1669787138.208559,,Mouse,1514.5,693.0,,,Fixation
1669787138.225214,,Eye Tracker,1513.0,694.0,Valid,Valid,Fixation
1669787138.240265,,Mouse,1512.75,694.0,,,Fixation
1669787138.241868,MouseEvent,,1512.5,694.0,,,Fixation
1669787138.258523,,Mouse,1512.25,694.0,,,Fixation
1669787138.259345,,Eye Tracker,1512.0,694.0,Valid,Valid,Fixation
1669787138.269384,,Mouse,1512.3333333333333,694.3333333333334,,,Fixation
1669787138.275178,,Mouse,1512.6666666666667,694.6666666666666,,,Fixation
1669787138.290232,,Eye Tracker,1513.0,695.0,Valid,Valid,Fixation
1669787138.291832,,Mouse,1512.5,696.0,,,Fixation
1669787138.308487,,Eye Tracker,1512.0,697.0,Valid,Valid,Fixation
1669787138.309275,,Eye Tracker,1515.0,692.0,Valid,Valid,Fixation
1669787138.325142,,Mouse,1519.0,692.0,,,Fixation
1669787138.330263,,Eye Tracker,1523.0,692.0,Valid,Valid,Fixation
1669787138.3412979,,Mouse,1522.0,694.5,,,Fixation
1669787138.3417969,,Eye Tracker,1521.0,697.0,Valid,Valid,Fixation
1669787138.358451,,Eye Tracker,1514.0,696.0,Valid,Valid,Fixation
1669787138.359228,,Mouse,1513.5,693.0,,,Fixation
1669787138.370276,,Eye Tracker,1513.0,690.0,Valid,Valid,Fixation
1669787138.3751059,,Mouse,1513.0,688.0,,,Fixation
1669787138.380445,,Eye Tracker,1513.0,686.0,Valid,Valid,Fixation
1669787138.3917608,,Eye Tracker,1510.0,685.0,Valid,Valid,Fixation
1669787138.400394,,Mouse,1511.5,684.5,,,Fixation
1669787138.4084148,,Eye Tracker,1513.0,684.0,Valid,Valid,Fixation
1669787138.411267,,Mouse,1512.6666666666667,684.3333333333334,,,Fixation
1669787138.425071,,Mouse,1512.3333333333333,684.6666666666666,,,Fixation
1669787138.430264,,Eye Tracker,1512.0,685.0,Valid,Valid,Fixation
1669787138.4405298,,Eye Tracker,1511.0,685.0,Valid,Valid,Fixation
1669787138.441726,,Mouse,1514.5,683.5,,,Fixation
1669787138.45838,,Eye Tracker,1518.0,682.0,Valid,Valid,Fixation
1669787138.461257,,Mouse,1516.5,683.5,,,Fixation
1669787138.475035,,Eye Tracker,1515.0,685.0,Valid,Valid,Fixation
1669787138.49169,,Eye Tracker,1514.0,689.0,Valid,Valid,Fixation
1669787138.508344,,Mouse,1514.0,689.0,,,Fixation
1669787138.524999,,Eye Tracker,1514.0,689.0,Valid,Valid,Fixation
1669787138.5416539,,Eye Tracker,1514.0,682.0,Valid,Valid,Fixation
1669787138.558308,,Eye Tracker,1512.0,682.0,Valid,Valid,Fixation
1669787138.5749629,,Eye Tracker,1513.0,690.0,Valid,Valid,Fixation
1669787138.5916178,,Mouse,1514.0,691.0,,,Fixation
1669787138.608273,,Eye Tracker,1515.0,692.0,Valid,Valid,Fixation
1669787138.611294,,Eye Tracker,1516.0,689.0,Valid,Valid,Fixation
1669787138.624927,,Eye Tracker,1513.0,683.0,Valid,Valid,Fixation
1669787138.6413999,,Eye Tracker,1516.0,683.0,Valid,Valid,Fixation
1669787138.641582,,Eye Tracker,1517.0,688.0,Valid,Valid,Fixation
1669787138.658237,,Eye Tracker,1515.0,688.0,Valid,Valid,Fixation
1669787138.6612709,,Eye Tracker,1511.0,688.0,Valid,Valid,Fixation
1669787138.674892,,Eye Tracker,1508.0,689.0,Valid,Valid,Fixation
1669787138.691547,,Eye Tracker,1516.0,688.0,Valid,Valid,Fixation
1669787138.708202,,Eye Tracker,1517.0,681.0,Valid,Valid,Fixation
1669787138.724856,,Eye Tracker,1514.0,681.0,Valid,Valid,Fixation
1669787138.7415109,,Eye Tracker,1518.0,688.0,Valid,Valid,Fixation
1669787138.7581658,MouseEvent,,1516.6666666666667,688.6666666666666,,,Fixation
1669787138.7748199,,Mouse,1515.3333333333333,689.3333333333334,,,Fixation
1669787138.791475,,Eye Tracker,1514.0,690.0,Valid,Valid,Fixation
1669787138.80813,,Eye Tracker,1510.0,688.0,Valid,Valid,Fixation
1669787138.824784,,Eye Tracker,1512.0,686.0,Valid,Valid,Fixation
1669787138.841439,,Eye Tracker,1509.0,687.0,Valid,Valid,Fixation
1669787138.858094,,Eye Tracker,1509.0,686.0,Valid,Valid,Fixation
1669787138.86126,,Eye Tracker,1510.0,677.0,Valid,Valid,Fixation
1669787138.8713698,,Eye Tracker,1512.0,672.0,Valid,Valid,Fixation
1669787138.874749,,Eye Tracker,1514.0,687.0,Valid,Valid,Fixation
1669787138.882386,,Eye Tracker,1516.0,691.0,Valid,Valid,Fixation
1669787138.891403,MouseEvent,,1517.0,684.3333333333334,,,Fixation
1669787138.902405,,Mouse,1518.0,677.6666666666666,,,Fixation
1669787138.908058,,Eye Tracker,1519.0,671.0,Valid,Valid,Fixation
1669787138.9232728,,Eye Tracker,1517.0,676.0,Valid,Valid,Fixation
1669787138.9247139,,Eye Tracker,1511.0,677.0,Valid,Valid,Fixation
1669787138.9413679,,Eye Tracker,1512.0,675.0,Valid,Valid,Fixation
1669787138.94233,,Eye Tracker,1502.0,685.0,Valid,Valid,Fixation
1669787138.9580228,,Eye Tracker,1499.0,682.0,Valid,Valid,Fixation
1669787138.962293,,Eye Tracker,1502.0,686.0,Valid,Valid,Fixation
1669787138.973532,,Eye Tracker,1500.0,684.0,Valid,Valid,Fixation
1669787138.974678,,Mouse,1503.0,681.6666666666666,,,Fixation
1669787138.991332,,Mouse,1506.0,679.3333333333334,,,Fixation
1669787138.9922569,,Eye Tracker,1509.0,677.0,Valid,Valid,Fixation
1669787139.007987,,Mouse,1510.0,678.5,,,Fixation
1669787139.0132558,,Eye Tracker,1511.0,680.0,Valid,Valid,Fixation
1669787139.024642,,Mouse,1508.5,681.0,,,Fixation
1669787139.0322878,,Eye Tracker,1506.0,682.0,Valid,Valid,Fixation
1669787139.041296,,Mouse,1505.5,680.0,,,Fixation
1669787139.042326,,Eye Tracker,1505.0,678.0,Valid,Valid,Fixation
1669787139.053263,,Mouse,1507.5,679.5,,,Fixation
1669787139.057951,,Eye Tracker,1510.0,681.0,Valid,Valid,Fixation
1669787139.073153,,Mouse,1510.0,682.0,,,Fixation
1669787139.074606,,Eye Tracker,1510.0,683.0,Valid,Valid,Fixation
1669787139.0832179,,Mouse,1511.0,682.0,,,Fixation
1669787139.09126,,Eye Tracker,1512.0,681.0,Valid,Valid,Fixation
1669787139.107915,,Mouse,1511.5,682.0,,,Fixation
1669787139.12457,,Eye Tracker,1511.0,683.0,Valid,Valid,Fixation
1669787139.1412249,,Mouse,1509.5,683.5,,,Fixation
1669787139.1578789,,Eye Tracker,1508.0,684.0,Valid,Valid,Fixation
1669787139.174535,,Mouse,1507.5,682.0,,,Fixation
1669787139.19119,,Eye Tracker,1507.0,680.0,Valid,Valid,Fixation
1669787139.207844,,Eye Tracker,1501.0,683.0,Valid,Valid,Fixation
1669787139.224499,,Mouse,1502.5,681.0,,,Fixation
1669787139.241154,,Eye Tracker,1504.0,679.0,Valid,Valid,Fixation
1669787139.257808,,Mouse,1506.5,674.5,,,Fixation
1669787139.274463,,Eye Tracker,1509.0,670.0,Valid,Valid,Fixation
1669787139.291118,,Eye Tracker,1505.0,677.0,Valid,Valid,Fixation
1669787139.307772,,Eye Tracker,1508.0,680.0,Valid,Valid,Fixation
1669787139.324427,,Mouse,1509.0,678.0,,,Fixation
1669787139.3410819,,Eye Tracker,1510.0,676.0,Valid,Valid,Fixation
1669787139.3577359,,Eye Tracker,1513.0,674.0,Valid,Valid,Fixation
1669787139.3743908,,Mouse,1512.5,673.0,,,Fixation
1669787139.391046,,Eye Tracker,1512.0,672.0,Valid,Valid,Fixation
1669787139.407701,,Eye Tracker,1506.0,677.0,Valid,Valid,Fixation
1669787139.424356,,Mouse,1506.0,677.5,,,Fixation
1669787139.441011,,Eye Tracker,1506.0,678.0,Valid,Valid,Fixation
1669787139.457666,,Eye Tracker,1503.0,678.0,Valid,Valid,Fixation
1669787139.47432,,Mouse,1502.5,677.5,,,Fixation
1669787139.474336,,Eye Tracker,1502.0,677.0,Valid,Valid,Fixation
1669787139.48522,,Mouse,1502.5,677.5,,,Fixation
1669787139.490975,,Eye Tracker,1503.0,678.0,Valid,Valid,Fixation
1669787139.5076299,,Eye Tracker,1505.0,678.0,Valid,Valid,Fixation
1669787139.514394,,Eye Tracker,1511.0,678.0,Valid,Valid,Fixation
1669787139.524284,,Eye Tracker,1512.0,674.0,Valid,Valid,Fixation
1669787139.5409389,,Mouse,1512.5,671.0,,,Fixation
1669787139.5575938,,Eye Tracker,1513.0,668.0,Valid,Valid,Fixation
1669787139.5742478,,Mouse,1513.0,668.5,,,Fixation
1669787139.5755038,,Eye Tracker,1513.0,669.0,Valid,Valid,Fixation
1669787139.590903,,Mouse,1511.0,670.0,,,Fixation
1669787139.607558,,Eye Tracker,1509.0,671.0,Valid,Valid,Fixation
1669787139.624212,,Mouse,1509.5,672.5,,,Fixation
1669787139.640867,,Eye Tracker,1510.0,674.0,Valid,Valid,Fixation
1669787139.656268,,Mouse,1511.6666666666667,673.6666666666666,,,Fixation
1669787139.657522,,Mouse,1513.3333333333333,673.3333333333334,,,Fixation
1669787139.674178,,Eye Tracker,1515.0,673.0,Valid,Valid,Fixation
1669787139.6752548,,Eye Tracker,1511.0,674.0,Valid,Valid,Fixation
1669787139.690832,,Mouse,1506.5,679.0,,,Fixation
1669787139.696291,,Eye Tracker,1502.0,684.0,Valid,Valid,Fixation
1669787139.7074869,,Mouse,1502.6666666666667,684.0,,,Fixation
1669787139.715227,,Mouse,1503.3333333333333,684.0,,,Fixation
1669787139.7241418,,Eye Tracker,1504.0,684.0,Valid,Valid,Fixation
1669787139.73648,,Eye Tracker,1505.0,672.0,Valid,Valid,Fixation
1669787139.7407959,,Mouse,1514.0,664.0,,,Fixation
1669787139.757451,,Eye Tracker,1523.0,656.0,Valid,Valid,Fixation
1669787139.774106,,Mouse,1538.0,655.0,,,Fixation
1669787139.776231,,Eye Tracker,1553.0,654.0,Valid,Valid,Saccade
1669787139.786254,,Mouse,1556.5,654.0,,,Fixation
1669787139.79076,,Eye Tracker,1560.0,654.0,Valid,Valid,Fixation
1669787139.807415,,Mouse,1563.0,650.0,,,Fixation
1669787139.82407,,Eye Tracker,1566.0,646.0,Valid,Valid,Fixation
1669787139.82635,,Mouse,1566.5,647.0,,,Fixation
1669787139.840724,,Eye Tracker,1567.0,648.0,Valid,Valid,Fixation
1669787139.845254,,Eye Tracker,1563.0,650.0,Valid,Valid,Fixation
1669787139.8552759,,Mouse,1563.0,650.0,,,Fixation
1669787139.857379,,Mouse,1563.0,650.0,,,Fixation
1669787139.866349,,Eye Tracker,1563.0,650.0,Valid,Valid,Fixation
1669787139.874034,,Mouse,1564.5,647.5,,,Fixation
1669787139.885238,,Eye Tracker,1566.0,645.0,Valid,Valid,Fixation
1669787139.890688,,Eye Tracker,1567.0,644.0,Valid,Valid,Fixation
1669787139.8952649,,Mouse,1566.3333333333333,645.0,,,Fixation
1669787139.906244,,Mouse,1565.6666666666667,646.0,,,Fixation
1669787139.9073439,,Eye Tracker,1565.0,647.0,Valid,Valid,Fixation
1669787139.9239988,,Eye Tracker,1568.0,645.0,Valid,Valid,Fixation
1669787139.940654,,Mouse,1569.5,642.5,,,Fixation
1669787139.957308,,Eye Tracker,1571.0,640.0,Valid,Valid,Fixation
1669787139.973963,,Eye Tracker,1574.0,638.0,Valid,Valid,Fixation
1669787139.990618,,Mouse,1573.5,637.0,,,Fixation
1669787140.007272,,Eye Tracker,1573.0,636.0,Valid,Valid,Fixation
1669787140.023927,,Mouse,1568.0,634.0,,,Fixation
1669787140.040582,,Eye Tracker,1563.0,632.0,Valid,Valid,Fixation
1669787140.057236,,Mouse,1556.5,632.5,,,Fixation
1669787140.073891,,Eye Tracker,1550.0,633.0,Valid,Valid,Fixation
1669787140.090546,,Mouse,1551.5,633.0,,,Fixation
1669787140.1072,,Eye Tracker,1553.0,633.0,Valid,Valid,Fixation
1669787140.1238549,,Mouse,1555.0,634.0,,,Fixation
1669787140.1405098,,Mouse,1557.0,635.0,,,Fixation
1669787140.157165,,Eye Tracker,1559.0,636.0,Valid,Valid,Fixation
1669787140.17382,,Mouse,1558.5,638.0,,,Fixation
1669787140.190475,,Eye Tracker,1558.0,640.0,Valid,Valid,Fixation
1669787140.197352,,Mouse,1557.5,637.5,,,Fixation
1669787140.20713,,Eye Tracker,1557.0,635.0,Valid,Valid,Fixation
1669787140.217247,,Mouse,1556.0,637.0,,,Fixation
1669787140.223784,,Eye Tracker,1555.0,639.0,Valid,Valid,Fixation
1669787140.227273,,Mouse,1555.3333333333333,639.3333333333334,,,Fixation
1669787140.240439,,Mouse,1555.6666666666667,639.6666666666666,,,Fixation
1669787140.24846,,Eye Tracker,1556.0,640.0,Valid,Valid,Fixation
1669787140.257094,,Eye Tracker,1558.0,634.0,Valid,Valid,Fixation
1669787140.273748,,Mouse,1560.0,632.0,,,Fixation
1669787140.288352,,Eye Tracker,1562.0,630.0,Valid,Valid,Fixation
1669787140.290403,,Mouse,1563.0,630.6666666666666,,,Fixation
1669787140.3070579,,Mouse,1564.0,631.3333333333334,,,Fixation
1669787140.3072128,,Eye Tracker,1565.0,632.0,Valid,Valid,Fixation
1669787140.3237119,,Eye Tracker,1556.0,630.0,Valid,Valid,Fixation
1669787140.3403668,,Mouse,1555.6666666666667,630.3333333333334,,,Fixation
1669787140.347255,,Mouse,1555.3333333333333,630.6666666666666,,,Fixation
1669787140.357022,,Eye Tracker,1555.0,631.0,Valid,Valid,Fixation
1669787140.3672168,,Mouse,1559.5,632.5,,,Fixation
1669787140.3736758,,Eye Tracker,1564.0,634.0,Valid,Valid,Fixation
1669787140.378182,,Eye Tracker,1569.0,630.0,Valid,Valid,Fixation
1669787140.390331,,Mouse,1566.6666666666667,629.3333333333334,,,Fixation
1669787140.397343,,Mouse,1564.3333333333333,628.6666666666666,,,Fixation
1669787140.406987,,Eye Tracker,1562.0,628.0,Valid,Valid,Fixation
1669787140.423641,,Mouse,1559.5,626.5,,,Fixation
1669787140.440296,,Eye Tracker,1557.0,625.0,Valid,Valid,Fixation
1669787140.456951,,Eye Tracker,1560.0,624.0,Valid,Valid,Fixation
1669787140.4736059,,Mouse,1561.5,626.0,,,Fixation
1669787140.49026,,Eye Tracker,1563.0,628.0,Valid,Valid,Fixation
1669787140.5069149,,Mouse,1573.5,629.5,,,Fixation
1669787140.5184379,,Eye Tracker,1584.0,631.0,Valid,Valid,Fixation
1669787140.5235698,,Mouse,1592.0,630.0,,,Fixation
1669787140.538241,,Eye Tracker,1600.0,629.0,Valid,Valid,Fixation
1669787140.5402238,,Mouse,1602.5,628.5,,,Fixation
1669787140.556879,,Eye Tracker,1605.0,628.0,Valid,Valid,Fixation
1669787140.558467,,Mouse,1604.0,628.5,,,Fixation
1669787140.573534,,Eye Tracker,1603.0,629.0,Valid,Valid,Fixation
1669787140.578244,,Mouse,1601.5,630.0,,,Fixation
1669787140.589285,,Eye Tracker,1600.0,631.0,Valid,Valid,Fixation
1669787140.590188,,Mouse,1602.0,631.0,,,Fixation
1669787140.606843,,Eye Tracker,1604.0,631.0,Valid,Valid,Fixation
1669787140.623498,,Mouse,1604.6666666666667,631.6666666666666,,,Fixation
1669787140.630368,,Mouse,1605.3333333333333,632.3333333333334,,,Fixation
1669787140.640152,,Eye Tracker,1606.0,633.0,Valid,Valid,Fixation
1669787140.656808,,Eye Tracker,1607.0,639.0,Valid,Valid,Fixation
1669787140.6734629,,Mouse,1606.0,634.5,,,Fixation
1669787140.690117,,Eye Tracker,1605.0,630.0,Valid,Valid,Fixation
1669787140.7067719,,Eye Tracker,1607.0,624.0,Valid,Valid,Fixation
1669787140.723427,,Eye Tracker,1614.0,626.0,Valid,Valid,Fixation
1669787140.729316,,Eye Tracker,1614.0,621.0,Valid,Valid,Fixation
1669787140.729316,,Eye Tracker,1618.0,624.0,Valid,Valid,Fixation
1669787140.740082,,Eye Tracker,1617.0,625.0,Valid,Valid,Fixation
1669787140.756736,,Eye Tracker,1615.0,622.0,Valid,Valid,Fixation
1669787140.773391,,Eye Tracker,1616.0,625.0,Valid,Valid,Fixation
1669787140.790046,,Eye Tracker,1619.0,623.0,Valid,Valid,Fixation
1669787140.8067,,Eye Tracker,1620.0,625.0,Valid,Valid,Fixation
1669787140.823355,,Eye Tracker,1620.0,624.0,Valid,Valid,Fixation
1669787140.839479,,Eye Tracker,1623.0,623.0,Valid,Valid,Fixation
1669787140.84001,,Eye Tracker,1624.0,624.0,Valid,Valid,Fixation
1669787140.850225,,Eye Tracker,1624.0,621.0,Valid,Valid,Fixation
1669787140.850628,,Eye Tracker,1626.0,619.0,Valid,Valid,Fixation
1669787140.850628,,Eye Tracker,1624.0,616.0,Valid,Valid,Fixation
1669787140.856664,,Eye Tracker,1620.0,620.0,Valid,Valid,Fixation
1669787140.869246,,Eye Tracker,1622.0,621.0,Valid,Valid,Fixation
1669787140.873319,,Eye Tracker,1622.0,619.0,Valid,Valid,Fixation
1669787140.8792639,,Eye Tracker,1623.0,619.0,Valid,Valid,Fixation
1669787140.8899739,,Eye Tracker,1629.0,621.0,Valid,Valid,Fixation
1669787140.890933,,Eye Tracker,1633.0,619.0,Valid,Valid,Fixation
1669787140.9066288,,Eye Tracker,1631.0,621.0,Valid,Valid,Fixation
1669787140.909203,,Eye Tracker,1628.0,618.0,Valid,Valid,Fixation
1669787140.919249,,Eye Tracker,1631.0,613.0,Valid,Valid,Fixation
1669787140.923284,,Eye Tracker,1633.0,614.0,Valid,Valid,Fixation
1669787140.930233,,Eye Tracker,1632.0,621.0,Valid,Valid,Fixation
1669787140.939939,,Eye Tracker,1633.0,623.0,Valid,Valid,Fixation
1669787140.940269,,Eye Tracker,1632.0,616.0,Valid,Valid,Fixation
1669787140.950903,,Eye Tracker,1634.0,619.0,Valid,Valid,Fixation
1669787140.956593,,Eye Tracker,1633.0,607.0,Valid,Valid,Fixation
1669787140.973248,,Eye Tracker,1628.0,607.0,Valid,Valid,Fixation
1669787140.981375,,Eye Tracker,1617.0,622.0,Valid,Valid,Fixation
1669787140.989903,,Eye Tracker,1614.0,624.0,Valid,Valid,Fixation
1669787141.0002038,,Eye Tracker,1614.0,624.0,Valid,Valid,Fixation
1669787141.006558,,Eye Tracker,1612.0,622.0,Valid,Valid,Fixation
1669787141.011208,,Eye Tracker,1611.0,617.0,Valid,Valid,Fixation
1669787141.021492,,Eye Tracker,1612.0,614.0,Valid,Valid,Fixation
1669787141.023212,,Eye Tracker,1615.0,614.0,Valid,Valid,Fixation
1669787141.039867,,Eye Tracker,1615.0,627.0,Valid,Valid,Fixation
1669787141.040377,,Eye Tracker,1617.0,619.0,Valid,Valid,Fixation
1669787141.056522,,Eye Tracker,1613.0,603.0,Valid,Valid,Fixation
1669787141.073176,,Eye Tracker,1656.0,933.0,Valid,Valid,Saccade
1669787141.0898309,,Eye Tracker,1656.0,933.0,Valid,Valid,Fixation
1669787141.090374,,Eye Tracker,1661.0,929.3333333333334,Invalid,Invalid,Fixation
1669787141.1064858,,Eye Tracker,1666.0,925.6666666666666,Invalid,Invalid,Fixation
1669787141.111309,,Eye Tracker,1671.0,922.0,Valid,Valid,Fixation
1669787141.1231399,,Eye Tracker,1672.0,917.0,Valid,Valid,Fixation
1669787141.131201,,Eye Tracker,1794.0,915.0,Valid,Valid,Saccade
1669787141.139796,,Eye Tracker,1799.0,900.0,Valid,Valid,Unclassified
1669787141.142232,,Eye Tracker,1601.0,657.0,Valid,Valid,Saccade
1669787141.1525218,,Eye Tracker,1606.0,655.0,Valid,Valid,Fixation
1669787141.156451,,Eye Tracker,1614.0,628.0,Valid,Valid,Fixation
1669787141.1712499,,Eye Tracker,1623.0,614.0,Valid,Valid,Fixation
1669787141.173105,,Eye Tracker,1633.0,615.0,Valid,Valid,Fixation
1669787141.182275,,Eye Tracker,1638.0,610.0,Valid,Valid,Fixation
1669787141.18976,,Eye Tracker,1631.0,618.0,Valid,Valid,Fixation
1669787141.192368,,Eye Tracker,1635.0,614.0,Valid,Valid,Fixation
1669787141.206415,,Eye Tracker,1632.0,617.0,Valid,Valid,Fixation
1669787141.211523,,Eye Tracker,1630.0,627.0,Valid,Valid,Fixation
1669787141.223069,,Eye Tracker,1631.0,629.0,Valid,Valid,Fixation
1669787141.23225,,Eye Tracker,1624.0,628.0,Valid,Valid,Fixation
1669787141.239724,,Eye Tracker,1623.0,628.0,Valid,Valid,Fixation
1669787141.251246,,Eye Tracker,1613.0,632.0,Valid,Valid,Fixation
1669787141.256379,,Eye Tracker,1599.0,627.0,Valid,Valid,Fixation
1669787141.2730339,,Eye Tracker,1601.0,626.0,Valid,Valid,Fixation
1669787141.2896888,,Eye Tracker,1596.0,627.0,Valid,Valid,Fixation
1669787141.291246,,Eye Tracker,1596.0,626.0,Valid,Valid,Fixation
1669787141.306344,,Eye Tracker,1600.0,634.0,Valid,Valid,Fixation
1669787141.322999,,Eye Tracker,1599.0,633.0,Valid,Valid,Fixation
1669787141.339653,,Eye Tracker,1597.0,633.0,Valid,Valid,Fixation
1669787141.356308,,Eye Tracker,1596.0,632.0,Valid,Valid,Fixation
1669787141.372963,,Eye Tracker,1597.0,634.0,Valid,Valid,Fixation
1669787141.389618,,Eye Tracker,1594.0,633.0,Valid,Valid,Fixation
1669787141.406273,,Eye Tracker,1595.0,632.0,Valid,Valid,Fixation
1669787141.4229279,,Eye Tracker,1591.0,636.0,Valid,Valid,Fixation
1669787141.4395819,,Eye Tracker,1590.0,636.0,Valid,Valid,Fixation
1669787141.4562368,,Eye Tracker,1591.0,637.0,Valid,Valid,Fixation
1669787141.472892,,Eye Tracker,1592.0,641.0,Valid,Valid,Fixation
1669787141.4895458,,Eye Tracker,1596.0,638.0,Valid,Valid,Fixation
1669787141.506201,,Eye Tracker,1594.0,638.0,Valid,Valid,Fixation
1669787141.522856,,Eye Tracker,1593.0,639.0,Valid,Valid,Fixation
1669787141.539511,,Eye Tracker,1591.0,639.0,Valid,Valid,Fixation
1669787141.556165,,Eye Tracker,1591.0,637.0,Valid,Valid,Fixation
1669787141.572821,,Eye Tracker,1594.0,636.0,Valid,Valid,Fixation
1669787141.5894759,,Eye Tracker,1595.0,639.0,Valid,Valid,Fixation
1669787141.60613,,Eye Tracker,1593.0,639.0,Valid,Valid,Fixation
1669787141.6227849,,Eye Tracker,1595.0,640.0,Valid,Valid,Fixation
1669787141.639441,,Eye Tracker,1595.0,639.0,Valid,Valid,Fixation
1669787141.656095,,Eye Tracker,1595.0,635.0,Valid,Valid,Fixation
1669787141.664414,,Eye Tracker,1597.0,630.0,Valid,Valid,Fixation
1669787141.664414,,Eye Tracker,1595.0,634.0,Valid,Valid,Fixation
1669787141.67275,,Eye Tracker,1599.0,639.0,Valid,Valid,Fixation
1669787141.689405,,Eye Tracker,1601.0,637.0,Valid,Valid,Fixation
1669787141.706059,,Eye Tracker,1604.0,632.0,Valid,Valid,Fixation
1669787141.722714,,Mouse,1601.5,632.0,,,Fixation
1669787141.739369,,Eye Tracker,1599.0,632.0,Valid,Valid,Fixation
1669787141.756023,,Mouse,1599.0,633.0,,,Fixation
1669787141.772678,,Mouse,1599.0,634.0,,,Fixation
1669787141.7893329,,Eye Tracker,1599.0,635.0,Valid,Valid,Fixation
1669787141.8059878,,Mouse,1600.0,634.0,,,Fixation
1669787141.822643,,Eye Tracker,1601.0,633.0,Valid,Valid,Fixation
1669787141.839298,,Mouse,1601.0,631.5,,,Fixation
1669787141.855953,,Eye Tracker,1601.0,630.0,Valid,Valid,Fixation
1669787141.872607,,Mouse,1601.3333333333333,631.0,,,Fixation
1669787141.889263,,Mouse,1601.6666666666667,632.0,,,Fixation
1669787141.893257,,Eye Tracker,1602.0,633.0,Valid,Valid,Fixation
1669787141.905918,,Eye Tracker,1601.0,634.0,Valid,Valid,Fixation
1669787141.914249,,Eye Tracker,1602.0,631.0,Valid,Valid,Fixation
1669787141.922572,,Eye Tracker,1605.0,632.0,Valid,Valid,Fixation
1669787141.93326,,Eye Tracker,1605.0,637.0,Valid,Valid,Fixation
1669787141.9392269,,Eye Tracker,1602.0,639.0,Valid,Valid,Fixation
1669787141.943281,,Mouse,1602.5,637.0,,,Fixation
1669787141.954197,,Eye Tracker,1603.0,635.0,Valid,Valid,Fixation
1669787141.9558818,,Eye Tracker,1604.0,624.0,Valid,Valid,Fixation
1669787141.964516,,Eye Tracker,1602.0,626.0,Valid,Valid,Fixation
1669787141.9725358,,Eye Tracker,1597.0,633.0,Valid,Valid,Fixation
1669787141.984189,,Eye Tracker,1601.0,628.0,Valid,Valid,Fixation
1669787141.989191,,Eye Tracker,1628.0,628.0,Valid,Valid,Saccade
1669787141.9951909,,Eye Tracker,1637.0,633.0,Valid,Valid,Fixation
1669787142.005846,,Eye Tracker,1636.0,632.0,Valid,Valid,Fixation
1669787142.014255,,Mouse,1637.5,631.5,,,Fixation
1669787142.0225,,Eye Tracker,1639.0,631.0,Valid,Valid,Fixation
1669787142.039155,,Mouse,1637.5,633.0,,,Fixation
1669787142.0542328,,Eye Tracker,1636.0,635.0,Valid,Valid,Fixation
1669787142.05581,,Mouse,1635.0,634.5,,,Fixation
1669787142.072466,,Eye Tracker,1634.0,634.0,Valid,Valid,Fixation
1669787142.08912,,Mouse,1634.0,629.5,,,Fixation
1669787142.094373,,Eye Tracker,1634.0,625.0,Valid,Valid,Fixation
1669787142.1057749,,Mouse,1636.0,625.0,,,Fixation
1669787142.1224298,,Eye Tracker,1638.0,625.0,Valid,Valid,Fixation
1669787142.135258,,Mouse,1640.3333333333333,625.6666666666666,,,Fixation
1669787142.139085,,Mouse,1642.6666666666667,626.3333333333334,,,Fixation
1669787142.155262,,Eye Tracker,1645.0,627.0,Valid,Valid,Fixation
1669787142.15574,,Mouse,1646.0,626.5,,,Fixation
1669787142.172395,,Eye Tracker,1647.0,626.0,Valid,Valid,Fixation
1669787142.176377,,Mouse,1645.5,625.75,,,Fixation
1669787142.189049,MouseEvent,,1644.0,625.5,,,Fixation
1669787142.195256,,Mouse,1642.5,625.25,,,Fixation
1669787142.205704,,Eye Tracker,1641.0,625.0,Valid,Valid,Fixation
1669787142.206389,,Mouse,1640.5,626.0,,,Fixation
1669787142.222359,,Eye Tracker,1640.0,627.0,Valid,Valid,Fixation
1669787142.225247,,Mouse,1645.0,627.5,,,Fixation
1669787142.235266,,Eye Tracker,1650.0,628.0,Valid,Valid,Fixation
1669787142.239013,,Mouse,1652.0,629.0,,,Fixation
1669787142.246341,,Eye Tracker,1654.0,630.0,Valid,Valid,Fixation
1669787142.255668,,Mouse,1654.5,631.0,,,Fixation
1669787142.265158,,Eye Tracker,1655.0,632.0,Valid,Valid,Fixation
1669787142.272323,,Mouse,1656.0,629.0,,,Fixation
1669787142.288977,,Eye Tracker,1657.0,626.0,Valid,Valid,Fixation
1669787142.296381,,Mouse,1666.5,619.0,,,Saccade
1669787142.3056319,,Eye Tracker,1676.0,612.0,Valid,Valid,Saccade
1669787142.3222868,,Mouse,1685.0,606.6666666666666,,,Saccade
1669787142.325574,,Mouse,1694.0,601.3333333333334,,,Saccade
1669787142.338943,,Eye Tracker,1703.0,596.0,Valid,Valid,Saccade
1669787142.355597,,Mouse,1710.5,592.5,,,Fixation
1669787142.372252,,Eye Tracker,1718.0,589.0,Valid,Valid,Fixation
1669787142.388907,,Mouse,1721.5,589.5,,,Fixation
1669787142.405338,,Eye Tracker,1725.0,590.0,Valid,Valid,Fixation
1669787142.405338,,Mouse,1725.0,588.0,,,Fixation
1669787142.405562,,Eye Tracker,1725.0,586.0,Valid,Valid,Fixation
1669787142.422217,,Eye Tracker,1724.0,581.0,Valid,Valid,Fixation
1669787142.4388719,,Eye Tracker,1728.0,579.0,Valid,Valid,Fixation
1669787142.4555259,,Eye Tracker,1730.0,578.0,Valid,Valid,Fixation
1669787142.4721808,,Eye Tracker,1723.0,577.0,Valid,Valid,Fixation
1669787142.488836,,Eye Tracker,1725.0,579.0,Valid,Valid,Fixation
1669787142.5054898,,Eye Tracker,1733.0,582.0,Valid,Valid,Fixation
1669787142.522145,,Mouse,1733.5,582.0,,,Fixation
1669787142.5388,,Eye Tracker,1734.0,582.0,Valid,Valid,Fixation
1669787142.555454,,Mouse,1732.5,581.5,,,Fixation
1669787142.572109,,Eye Tracker,1731.0,581.0,Valid,Valid,Fixation
1669787142.588765,,Eye Tracker,1730.0,581.0,Valid,Valid,Fixation
1669787142.6054199,,Mouse,1731.0,579.5,,,Fixation
1669787142.622074,,Eye Tracker,1732.0,578.0,Valid,Valid,Fixation
1669787142.6387289,,Mouse,1732.6666666666667,577.3333333333334,,,Fixation
1669787142.6553838,,Mouse,1733.3333333333333,576.6666666666666,,,Fixation
1669787142.6720378,,Eye Tracker,1734.0,576.0,Valid,Valid,Fixation
1669787142.678288,,Mouse,1733.5,574.5,,,Fixation
1669787142.688694,,Eye Tracker,1733.0,573.0,Valid,Valid,Fixation
1669787142.6974978,,Mouse,1733.0,573.0,,,Fixation
1669787142.705349,,Eye Tracker,1733.0,573.0,Valid,Valid,Fixation
1669787142.718216,,Mouse,1734.0,572.6666666666666,,,Fixation
1669787142.722003,,Mouse,1735.0,572.3333333333334,,,Fixation
1669787142.728267,,Eye Tracker,1736.0,572.0,Valid,Valid,Fixation
1669787142.738658,,Mouse,1734.0,569.5,,,Fixation
1669787142.747268,,Eye Tracker,1732.0,567.0,Valid,Valid,Fixation
1669787142.755313,,Mouse,1729.0,565.5,,,Fixation
1669787142.7582269,,Eye Tracker,1726.0,564.0,Valid,Valid,Fixation
1669787142.771967,,Eye Tracker,1725.0,565.0,Valid,Valid,Fixation
1669787142.7774348,,Eye Tracker,1726.0,569.0,Valid,Valid,Fixation
1669787142.788622,,Eye Tracker,1722.0,565.0,Valid,Valid,Fixation
1669787142.7972488,,Eye Tracker,1725.0,562.0,Valid,Valid,Fixation
1669787142.8052769,,Eye Tracker,1730.0,562.0,Valid,Valid,Fixation
1669787142.80902,,Eye Tracker,1733.0,560.0,Valid,Valid,Fixation
1669787142.821931,,Eye Tracker,1737.0,563.0,Valid,Valid,Fixation
1669787142.8271868,,Eye Tracker,1734.0,568.0,Valid,Valid,Fixation
1669787142.837293,,Eye Tracker,1739.0,576.0,Valid,Valid,Fixation
1669787142.8385859,MouseEvent,,1741.3333333333333,594.0,,,Fixation
1669787142.8482409,,Mouse,1743.6666666666667,612.0,,,Fixation
1669787142.855242,,Eye Tracker,1746.0,630.0,Valid,Valid,Saccade
1669787142.8674989,,Eye Tracker,1750.0,697.0,Valid,Valid,Saccade
1669787142.871897,,Eye Tracker,1758.85,714.35,Invalid,Invalid,EyesNotFound
1669787142.888551,,Eye Tracker,1767.7,731.7,Invalid,Invalid,EyesNotFound
1669787142.898216,,Eye Tracker,1776.55,749.05,Invalid,Invalid,EyesNotFound
1669787142.905206,,Mouse,1785.4,766.4,,,EyesNotFound
1669787142.917194,,Eye Tracker,1794.25,783.75,Invalid,Invalid,EyesNotFound
1669787142.921861,,Mouse,1803.1,801.1,,,EyesNotFound
1669787142.928257,,Eye Tracker,1811.95,818.45,Invalid,Invalid,EyesNotFound
1669787142.938515,,Eye Tracker,1820.8,835.8,Invalid,Invalid,EyesNotFound
1669787142.9551709,,Mouse,1829.65,853.15,,,EyesNotFound
1669787142.957252,,Mouse,1838.5,870.5,,,EyesNotFound
1669787142.967392,,Eye Tracker,1847.35,887.85,Invalid,Invalid,EyesNotFound
1669787142.9718258,,Mouse,1856.2,905.2,,,EyesNotFound
1669787142.9884799,,Mouse,1865.05,922.55,,,EyesNotFound
1669787142.9984019,,Eye Tracker,1873.9,939.9000000000001,Invalid,Invalid,EyesNotFound
1669787143.0051348,,Eye Tracker,1882.75,957.25,Invalid,Invalid,EyesNotFound
1669787143.02179,,Mouse,1891.6,974.6,,,EyesNotFound
1669787143.038444,,Mouse,1900.45,991.95,,,EyesNotFound
1669787143.055099,,Eye Tracker,1909.3,1009.3,Invalid,Invalid,EyesNotFound
1669787143.069499,,Mouse,1918.15,1026.65,,,Unclassified
1669787143.071754,,Eye Tracker,1927.0,1044.0,Invalid,Valid,Unclassified
1669787143.088408,,Eye Tracker,1927.0,1044.0,Invalid,Valid,Unclassified
1669787143.105063,,Mouse,1909.0,944.6666666666666,,,Unclassified
1669787143.121719,,Mouse,1891.0,845.3333333333334,,,Saccade
1669787143.1383739,,Eye Tracker,1873.0,746.0,Valid,Valid,Saccade
1669787143.1550279,,Mouse,1871.0,748.0,,,Unclassified
1669787143.171684,,Eye Tracker,1869.0,750.0,Valid,Valid,Unclassified
1669787143.188339,,Eye Tracker,1779.0,647.0,Valid,Valid,Saccade
1669787143.204993,,Mouse,1771.0,621.5,,,Saccade
1669787143.221648,,Eye Tracker,1763.0,596.0,Valid,Valid,Saccade
1669787143.238303,,Mouse,1761.5,578.5,,,Saccade
1669787143.254957,,Eye Tracker,1760.0,561.0,Valid,Valid,Saccade
1669787143.270223,,Mouse,1761.0,552.5,,,Fixation
1669787143.271612,,Eye Tracker,1762.0,544.0,Valid,Valid,Fixation
1669787143.280242,,Mouse,1757.5,543.0,,,Fixation
1669787143.288267,,Eye Tracker,1753.0,542.0,Valid,Valid,Fixation
1669787143.299325,,Mouse,1753.0,540.6666666666666,,,Fixation
1669787143.304921,,Mouse,1753.0,539.3333333333334,,,Fixation
1669787143.3215759,,Eye Tracker,1753.0,538.0,Valid,Valid,Fixation
1669787143.3382308,,Mouse,1747.5,542.5,,,Fixation
1669787143.3548849,,Eye Tracker,1742.0,547.0,Valid,Valid,Fixation
1669787143.360368,,Mouse,1741.0,544.5,,,Fixation
1669787143.371541,,Eye Tracker,1740.0,542.0,Valid,Valid,Fixation
1669787143.388196,,Eye Tracker,1750.0,538.0,Valid,Valid,Fixation
1669787143.404852,,Mouse,1750.0,540.5,,,Fixation
1669787143.421506,,Eye Tracker,1750.0,543.0,Valid,Valid,Fixation
1669787143.438161,,Mouse,1748.6666666666667,540.0,,,Fixation
1669787143.4548159,,Mouse,1747.3333333333333,537.0,,,Fixation
1669787143.469254,,Eye Tracker,1746.0,534.0,Valid,Valid,Fixation
1669787143.4714699,,Mouse,1748.0,533.0,,,Fixation
1669787143.4881248,,Eye Tracker,1750.0,532.0,Valid,Valid,Fixation
1669787143.50478,,Mouse,1751.5,536.5,,,Fixation
1669787143.520216,,Eye Tracker,1753.0,541.0,Valid,Valid,Fixation
1669787143.5214338,,Mouse,1752.0,540.0,,,Fixation
1669787143.538089,,Mouse,1751.0,539.0,,,Fixation
1669787143.541333,,Eye Tracker,1750.0,538.0,Valid,Valid,Fixation
1669787143.554744,,Mouse,1748.0,534.0,,,Fixation
1669787143.560376,,Eye Tracker,1746.0,530.0,Valid,Valid,Fixation
1669787143.571398,,Eye Tracker,1747.0,532.0,Valid,Valid,Fixation
1669787143.581261,,Mouse,1749.5,531.0,,,Fixation
1669787143.588053,,Eye Tracker,1752.0,530.0,Valid,Valid,Fixation
1669787143.604708,,Eye Tracker,1750.0,529.0,Valid,Valid,Fixation
1669787143.621363,,Eye Tracker,1744.0,543.0,Valid,Valid,Fixation
1669787143.630378,,Eye Tracker,1745.0,537.0,Valid,Valid,Fixation
1669787143.638018,,Mouse,1746.0,533.5,,,Fixation
1669787143.654674,,Eye Tracker,1747.0,530.0,Valid,Valid,Fixation
1669787143.671265,,Mouse,1746.6666666666667,532.0,,,Fixation
1669787143.671329,,Mouse,1746.3333333333333,534.0,,,Fixation
1669787143.681365,,Eye Tracker,1746.0,536.0,Valid,Valid,Fixation
1669787143.687983,,Mouse,1749.5,536.5,,,Fixation
1669787143.704638,,Eye Tracker,1753.0,537.0,Valid,Valid,Fixation
1669787143.712249,,Mouse,1753.5,537.5,,,Fixation
1669787143.721293,,Eye Tracker,1754.0,538.0,Valid,Valid,Fixation
1669787143.7313309,,Mouse,1752.5,537.5,,,Fixation
1669787143.737947,,Eye Tracker,1751.0,537.0,Valid,Valid,Fixation
1669787143.742235,,Mouse,1752.0,536.0,,,Fixation
1669787143.754602,,Mouse,1753.0,535.0,,,Fixation
1669787143.762274,,Eye Tracker,1754.0,534.0,Valid,Valid,Fixation
1669787143.771257,,Mouse,1753.0,529.5,,,Fixation
1669787143.782273,,Eye Tracker,1752.0,525.0,Valid,Valid,Fixation
1669787143.787911,,Mouse,1752.0,526.5,,,Fixation
1669787143.801231,,Eye Tracker,1752.0,528.0,Valid,Valid,Fixation
1669787143.804566,,Mouse,1753.0,533.5,,,Fixation
1669787143.8212209,,Eye Tracker,1754.0,539.0,Valid,Valid,Fixation
1669787143.821425,,Mouse,1754.0,536.5,,,Fixation
1669787143.8322,,Eye Tracker,1754.0,534.0,Valid,Valid,Fixation
1669787143.837875,,Eye Tracker,1754.0,530.0,Valid,Valid,Fixation
1669787143.851235,,Mouse,1753.6666666666667,531.6666666666666,,,Fixation
1669787143.854531,,Mouse,1753.3333333333333,533.3333333333334,,,Fixation
1669787143.871186,,Eye Tracker,1753.0,535.0,Valid,Valid,Fixation
1669787143.8722,,Mouse,1753.0,537.0,,,Fixation
1669787143.882251,,Eye Tracker,1753.0,539.0,Valid,Valid,Fixation
1669787143.88784,,Mouse,1751.5,538.0,,,Fixation
1669787143.904496,,Eye Tracker,1750.0,537.0,Valid,Valid,Fixation
1669787143.921151,,Mouse,1751.0,536.5,,,Fixation
1669787143.937806,,Eye Tracker,1752.0,536.0,Valid,Valid,Fixation
1669787143.95446,,Mouse,1753.5,536.0,,,Fixation
1669787143.9711149,,Eye Tracker,1755.0,536.0,Valid,Valid,Fixation
1669787143.9877698,,Mouse,1754.5,536.0,,,Fixation
1669787144.0044239,,Eye Tracker,1754.0,536.0,Valid,Valid,Fixation
1669787144.0210788,,Mouse,1753.5,535.5,,,Fixation
1669787144.037734,,Eye Tracker,1753.0,535.0,Valid,Valid,Fixation
1669787144.054388,,Mouse,1750.0,535.0,,,Fixation
1669787144.071043,,Eye Tracker,1747.0,535.0,Valid,Valid,Fixation
1669787144.0722408,,Mouse,1745.0,534.0,,,Fixation
1669787144.087699,,Eye Tracker,1743.0,533.0,Valid,Valid,Fixation
1669787144.0931969,,Mouse,1745.5,533.5,,,Fixation
1669787144.104353,,Eye Tracker,1748.0,534.0,Valid,Valid,Fixation
1669787144.112345,,Mouse,1749.0,535.5,,,Fixation
1669787144.121008,,Eye Tracker,1750.0,537.0,Valid,Valid,Fixation
1669787144.137663,,Mouse,1749.0,538.0,,,Fixation
1669787144.142238,,Eye Tracker,1748.0,539.0,Valid,Valid,Fixation
1669787144.154317,,Mouse,1746.0,538.6666666666666,,,Fixation
1669787144.1709728,,Mouse,1744.0,538.3333333333334,,,Fixation
1669787144.187628,,Eye Tracker,1742.0,538.0,Valid,Valid,Fixation
1669787144.204283,,Mouse,1743.0,534.5,,,Fixation
1669787144.220937,,Eye Tracker,1744.0,531.0,Valid,Valid,Fixation
1669787144.2335088,,Mouse,1747.0,529.0,,,Fixation
1669787144.237592,,Eye Tracker,1750.0,527.0,Valid,Valid,Fixation
1669787144.254247,,Mouse,1750.6666666666667,529.3333333333334,,,Fixation
1669787144.254263,,Mouse,1751.3333333333333,531.6666666666666,,,Fixation
1669787144.270901,,Eye Tracker,1752.0,534.0,Valid,Valid,Fixation
1669787144.273229,,Mouse,1750.5,535.5,,,Fixation
1669787144.283454,,Eye Tracker,1749.0,537.0,Valid,Valid,Fixation
1669787144.287556,,Mouse,1746.0,536.5,,,Fixation
1669787144.294442,,Eye Tracker,1743.0,536.0,Valid,Valid,Fixation
1669787144.3042119,,Mouse,1741.5,536.5,,,Fixation
1669787144.313257,,Eye Tracker,1740.0,537.0,Valid,Valid,Fixation
1669787144.3208659,,Mouse,1740.5,537.0,,,Fixation
1669787144.323257,,Eye Tracker,1741.0,537.0,Valid,Valid,Fixation
1669787144.333257,,Mouse,1742.0,537.5,,,Fixation
1669787144.3375208,,Eye Tracker,1743.0,538.0,Valid,Valid,Fixation
1669787144.3443758,,Mouse,1745.0,536.0,,,Fixation
1669787144.354176,,Eye Tracker,1747.0,534.0,Valid,Valid,Fixation
1669787144.363168,,Eye Tracker,1744.0,534.0,Valid,Valid,Fixation
1669787144.3708298,,Mouse,1742.0,534.5,,,Fixation
1669787144.373234,,Eye Tracker,1740.0,535.0,Valid,Valid,Fixation
1669787144.384253,,Eye Tracker,1742.0,535.0,Valid,Valid,Fixation
1669787144.387485,,Mouse,1746.0,536.5,,,Fixation
1669787144.403202,,Eye Tracker,1750.0,538.0,Valid,Valid,Fixation
1669787144.40414,,Mouse,1747.0,535.0,,,Fixation
1669787144.413425,,Eye Tracker,1744.0,532.0,Valid,Valid,Fixation
1669787144.420794,,Mouse,1744.3333333333333,532.3333333333334,,,Fixation
1669787144.424195,,Mouse,1744.6666666666667,532.6666666666666,,,Fixation
1669787144.434208,,Eye Tracker,1745.0,533.0,Valid,Valid,Fixation
1669787144.43745,,Eye Tracker,1745.0,539.0,Valid,Valid,Fixation
1669787144.453218,,Eye Tracker,1745.0,536.0,Valid,Valid,Fixation
1669787144.454105,,Eye Tracker,1746.0,535.0,Valid,Valid,Fixation
1669787144.464169,,Eye Tracker,1740.0,531.0,Valid,Valid,Fixation
1669787144.4707599,,Mouse,1741.5,528.0,,,Fixation
1669787144.474238,,Eye Tracker,1743.0,525.0,Valid,Valid,Fixation
1669787144.487414,,Eye Tracker,1745.0,526.0,Valid,Valid,Fixation
1669787144.49316,,Mouse,1744.6666666666667,526.0,,,Fixation
1669787144.503167,,Mouse,1744.3333333333333,526.0,,,Fixation
1669787144.5040689,,Eye Tracker,1744.0,526.0,Valid,Valid,Fixation
1669787144.514194,,Mouse,1744.5,529.5,,,Fixation
1669787144.520724,,Eye Tracker,1745.0,533.0,Valid,Valid,Fixation
1669787144.52423,,Mouse,1746.0,532.5,,,Fixation
1669787144.537379,,Eye Tracker,1747.0,532.0,Valid,Valid,Fixation
1669787144.544216,,Mouse,1743.0,529.5,,,Fixation
1669787144.554034,,Eye Tracker,1739.0,527.0,Valid,Valid,Fixation
1669787144.555378,,Mouse,1738.0,528.0,,,Fixation
1669787144.570689,,Mouse,1737.0,529.0,,,Fixation
1669787144.574236,,Eye Tracker,1736.0,530.0,Valid,Valid,Fixation
1669787144.584338,,Eye Tracker,1741.0,537.0,Valid,Valid,Fixation
1669787144.587343,,Mouse,1741.0,538.0,,,Fixation
1669787144.5952349,,Eye Tracker,1741.0,539.0,Valid,Valid,Fixation
1669787144.603998,,Mouse,1737.5,535.5,,,Fixation
1669787144.605238,,Eye Tracker,1734.0,532.0,Valid,Valid,Fixation
1669787144.620653,,Eye Tracker,1735.0,530.0,Valid,Valid,Fixation
1669787144.62424,,Mouse,1737.5,531.5,,,Fixation
1669787144.635254,,Eye Tracker,1740.0,533.0,Valid,Valid,Fixation
1669787144.637307,,Mouse,1739.0,534.3333333333334,,,Fixation
1669787144.653962,,Mouse,1738.0,535.6666666666666,,,Fixation
1669787144.664229,,Eye Tracker,1737.0,537.0,Valid,Valid,Fixation
1669787144.6706169,,Eye Tracker,1739.0,531.0,Valid,Valid,Fixation
1669787144.67449,,Mouse,1740.5,531.5,,,Fixation
1669787144.6872709,,Eye Tracker,1742.0,532.0,Valid,Valid,Fixation
1669787144.703927,,Eye Tracker,1739.0,536.0,Valid,Valid,Fixation
1669787144.720582,,Eye Tracker,1738.0,533.0,Valid,Valid,Fixation
1669787144.737237,,Eye Tracker,1742.0,538.0,Valid,Valid,Fixation
1669787144.753891,,Eye Tracker,1738.0,538.0,Valid,Valid,Fixation
1669787144.770547,,Eye Tracker,1737.0,539.0,Valid,Valid,Fixation
1669787144.787202,,Eye Tracker,1737.0,537.0,Valid,Valid,Fixation
1669787144.803856,,Eye Tracker,1735.0,535.0,Valid,Valid,Fixation
1669787144.8205109,,Mouse,1736.5,535.0,,,Fixation
1669787144.8371658,,Eye Tracker,1738.0,535.0,Valid,Valid,Fixation
1669787144.8538198,,Eye Tracker,1740.0,533.0,Valid,Valid,Fixation
1669787144.865376,,Eye Tracker,1738.0,533.0,Valid,Valid,Fixation
1669787144.870475,,Eye Tracker,1739.0,537.0,Valid,Valid,Fixation
1669787144.88713,,Eye Tracker,1740.0,540.0,Valid,Valid,Fixation
1669787144.903784,,Eye Tracker,1737.0,532.0,Valid,Valid,Fixation
1669787144.920439,,Eye Tracker,1739.0,534.0,Valid,Valid,Fixation
1669787144.936208,,Eye Tracker,1741.0,529.0,Valid,Valid,Fixation
1669787144.937094,MouseEvent,,1740.6666666666667,528.0,,,Fixation
1669787144.946286,,Mouse,1740.3333333333333,527.0,,,Fixation
1669787144.953748,,Eye Tracker,1740.0,526.0,Valid,Valid,Fixation
1669787144.965257,,Eye Tracker,1740.0,533.0,Valid,Valid,Fixation
1669787144.970404,,Eye Tracker,1743.0,530.0,Valid,Valid,Fixation
1669787144.986373,,Mouse,1746.0,529.5,,,Fixation
1669787144.9870589,,Eye Tracker,1749.0,529.0,Valid,Valid,Fixation
1669787145.0037138,,Eye Tracker,1748.0,536.0,Valid,Valid,Fixation
1669787145.0162048,,Eye Tracker,1740.0,533.0,Valid,Valid,Fixation
1669787145.020369,,Eye Tracker,1741.0,533.0,Valid,Valid,Fixation
1669787145.0262299,,Mouse,1742.3333333333333,533.3333333333334,,,Fixation
1669787145.037024,,Mouse,1743.6666666666667,533.6666666666666,,,Fixation
1669787145.0463269,,Eye Tracker,1745.0,534.0,Valid,Valid,Fixation
1669787145.053679,,Mouse,1745.0,530.0,,,Fixation
1669787145.0672889,,Eye Tracker,1745.0,526.0,Valid,Valid,Fixation
1669787145.070333,,Mouse,1749.5,528.5,,,Fixation
1669787145.077394,,Eye Tracker,1754.0,531.0,Valid,Valid,Fixation
1669787145.086988,,Mouse,1758.5,540.0,,,Fixation
1669787145.0962338,,Eye Tracker,1763.0,549.0,Valid,Valid,Fixation
1669787145.103643,,Mouse,1762.5,555.0,,,Fixation
1669787145.107254,,Eye Tracker,1762.0,561.0,Valid,Valid,Fixation
1669787145.117401,,Mouse,1762.5,563.0,,,Fixation
1669787145.120297,,Eye Tracker,1763.0,565.0,Valid,Valid,Fixation
1669787145.136342,,Mouse,1764.5,565.0,,,Fixation
1669787145.136952,,Eye Tracker,1766.0,565.0,Valid,Valid,Fixation
1669787145.1473598,,Mouse,1766.0,561.5,,,Fixation
1669787145.153607,,Eye Tracker,1766.0,558.0,Valid,Valid,Fixation
1669787145.166219,,Mouse,1766.0,556.5,,,Fixation
1669787145.170261,,Eye Tracker,1766.0,555.0,Valid,Valid,Fixation
1669787145.176252,,Mouse,1766.3333333333333,556.0,,,Fixation
1669787145.1869159,,Mouse,1766.6666666666667,557.0,,,Fixation
1669787145.1871989,,Eye Tracker,1767.0,558.0,Valid,Valid,Fixation
1669787145.2035708,,Mouse,1765.5,560.5,,,Fixation
1669787145.217324,,Eye Tracker,1764.0,563.0,Valid,Valid,Fixation
1669787145.220226,,Eye Tracker,1768.0,564.0,Valid,Valid,Fixation
1669787145.236881,,Mouse,1770.5,565.5,,,Fixation
1669787145.2382638,,Eye Tracker,1773.0,567.0,Valid,Valid,Fixation
1669787145.248332,,Mouse,1771.6666666666667,565.0,,,Fixation
1669787145.253536,,Mouse,1770.3333333333333,563.0,,,Fixation
1669787145.270192,,Eye Tracker,1769.0,561.0,Valid,Valid,Fixation
1669787145.286846,,Eye Tracker,1775.0,559.0,Valid,Valid,Fixation
1669787145.303501,,Mouse,1775.3333333333333,560.0,,,Fixation
1669787145.3201559,,Mouse,1775.6666666666667,561.0,,,Fixation
1669787145.328258,,Eye Tracker,1776.0,562.0,Valid,Valid,Fixation
1669787145.32879,,Mouse,1775.3333333333333,563.3333333333334,,,Fixation
1669787145.32879,,Mouse,1774.6666666666667,564.6666666666666,,,Fixation
1669787145.3368099,,Eye Tracker,1774.0,566.0,Valid,Valid,Fixation
1669787145.3534648,,Eye Tracker,1779.0,569.0,Valid,Valid,Fixation
1669787145.37012,,Mouse,1780.0,566.6666666666666,,,Fixation
1669787145.3775089,,Mouse,1781.0,564.3333333333334,,,Fixation
1669787145.3867738,,Eye Tracker,1782.0,562.0,Valid,Valid,Fixation
1669787145.403429,,Mouse,1789.5,556.5,,,Fixation
1669787145.420084,,Eye Tracker,1797.0,551.0,Valid,Valid,Fixation
1669787145.436739,,Mouse,1802.5,549.5,,,Fixation
1669787145.453394,,Eye Tracker,1808.0,548.0,Valid,Valid,Fixation
1669787145.470049,,Mouse,1807.6666666666667,548.0,,,Fixation
1669787145.486703,,Mouse,1807.3333333333333,548.0,,,Fixation
1669787145.503358,,Eye Tracker,1807.0,548.0,Valid,Valid,Fixation
1669787145.520014,,Mouse,1805.75,547.5,,,Fixation
1669787145.536669,MouseEvent,,1804.5,547.0,,,Fixation
1669787145.553323,,Mouse,1803.25,546.5,,,Fixation
1669787145.569978,,Eye Tracker,1802.0,546.0,Valid,Valid,Fixation
1669787145.586633,,Mouse,1802.5,547.0,,,Fixation
1669787145.603287,,Eye Tracker,1803.0,548.0,Valid,Valid,Fixation
1669787145.619942,,Mouse,1802.0,545.0,,,Fixation
1669787145.636597,,Eye Tracker,1801.0,542.0,Valid,Valid,Fixation
1669787145.653251,,Mouse,1800.0,542.0,,,Fixation
1669787145.6699069,,Eye Tracker,1799.0,542.0,Valid,Valid,Fixation
1669787145.6865618,,Mouse,1802.5,541.0,,,Fixation
1669787145.7032158,,Eye Tracker,1806.0,540.0,Valid,Valid,Fixation
1669787145.719871,,Mouse,1807.5,538.5,,,Fixation
1669787145.736526,,Eye Tracker,1809.0,537.0,Valid,Valid,Fixation
1669787145.75318,,Mouse,1810.6666666666667,538.6666666666666,,,Fixation
1669787145.769836,,Mouse,1812.3333333333333,540.3333333333334,,,Fixation
1669787145.786491,,Eye Tracker,1814.0,542.0,Valid,Valid,Fixation
1669787145.803146,,Eye Tracker,1817.0,544.0,Valid,Valid,Fixation
1669787145.8198,,Mouse,1815.5,541.0,,,Fixation
1669787145.8364549,,Eye Tracker,1814.0,538.0,Valid,Valid,Fixation
1669787145.8531098,,Mouse,1813.5,537.5,,,Fixation
1669787145.8697639,,Eye Tracker,1813.0,537.0,Valid,Valid,Fixation
1669787145.886419,,Mouse,1811.0,543.5,,,Fixation
1669787145.903075,,Eye Tracker,1809.0,550.0,Valid,Valid,Fixation
1669787145.919729,,Mouse,1808.0,550.0,,,Fixation
1669787145.936384,,Eye Tracker,1807.0,550.0,Valid,Valid,Fixation
1669787145.953039,,Eye Tracker,1811.0,538.0,Valid,Valid,Fixation
1669787145.969693,,Mouse,1814.0,538.0,,,Fixation
1669787145.986348,,Eye Tracker,1817.0,538.0,Valid,Valid,Fixation
1669787146.003003,,Mouse,1817.3333333333333,539.3333333333334,,,Fixation
1669787146.0196579,,Mouse,1817.6666666666667,540.6666666666666,,,Fixation
1669787146.036313,,Eye Tracker,1818.0,542.0,Valid,Valid,Fixation
1669787146.052968,,Mouse,1818.0,541.5,,,Fixation
1669787146.069623,,Eye Tracker,1818.0,541.0,Valid,Valid,Fixation
1669787146.086277,,Mouse,1817.0,539.0,,,Fixation
1669787146.102932,,Eye Tracker,1816.0,537.0,Valid,Valid,Fixation
1669787146.119588,,Mouse,1816.5,539.0,,,Fixation
1669787146.136242,,Eye Tracker,1817.0,541.0,Valid,Valid,Fixation
1669787146.14144,,Mouse,1815.5,540.5,,,Fixation
1669787146.14144,,Eye Tracker,1814.0,540.0,Valid,Valid,Fixation
1669787146.152897,,Mouse,1813.0,540.6666666666666,,,Fixation
1669787146.1695518,,Mouse,1812.0,541.3333333333334,,,Fixation
1669787146.1862059,,Eye Tracker,1811.0,542.0,Valid,Valid,Fixation
1669787146.2028608,,Mouse,1814.5,542.0,,,Fixation
1669787146.219516,,Eye Tracker,1818.0,542.0,Valid,Valid,Fixation
1669787146.23617,,Mouse,1818.5,543.5,,,Fixation
1669787146.252825,,Eye Tracker,1819.0,545.0,Valid,Valid,Fixation
1669787146.26948,,Mouse,1819.0,545.5,,,Fixation
1669787146.286134,,Eye Tracker,1819.0,546.0,Valid,Valid,Fixation
1669787146.29129,,Mouse,1818.5,546.0,,,Fixation
1669787146.29129,,Eye Tracker,1818.0,546.0,Valid,Valid,Fixation
1669787146.302789,,Mouse,1817.5,549.5,,,Fixation
1669787146.319444,,Eye Tracker,1817.0,553.0,Valid,Valid,Fixation
1669787146.336099,,Eye Tracker,1817.0,547.0,Valid,Valid,Fixation
1669787146.3527539,,Eye Tracker,1810.0,546.0,Valid,Valid,Fixation
1669787146.3694088,,Eye Tracker,1808.0,545.0,Valid,Valid,Fixation
1669787146.386064,,Eye Tracker,1814.0,540.0,Valid,Valid,Fixation
1669787146.4027178,,Eye Tracker,1815.0,537.0,Valid,Valid,Fixation
1669787146.419373,,Eye Tracker,1811.0,540.0,Valid,Valid,Fixation
1669787146.436028,,Eye Tracker,1811.0,544.0,Valid,Valid,Fixation
1669787146.451251,,Eye Tracker,1810.0,542.0,Valid,Valid,Fixation
1669787146.452682,,Eye Tracker,1811.0,543.0,Valid,Valid,Fixation
1669787146.461375,,Eye Tracker,1813.0,536.0,Valid,Valid,Fixation
1669787146.469337,,Eye Tracker,1810.0,537.0,Valid,Valid,Fixation
1669787146.4722528,,Eye Tracker,1813.0,537.0,Valid,Valid,Fixation
1669787146.472769,,Eye Tracker,1815.0,533.0,Valid,Valid,Fixation
1669787146.472769,,Eye Tracker,1813.0,530.0,Valid,Valid,Fixation
1669787146.485992,,Eye Tracker,1813.0,531.0,Valid,Valid,Fixation
1669787146.491499,,Mouse,1810.5,532.0,,,Fixation
1669787146.502646,,Eye Tracker,1808.0,533.0,Valid,Valid,Fixation
1669787146.512225,,Mouse,1807.0,531.0,,,Fixation
1669787146.519301,,Eye Tracker,1806.0,529.0,Valid,Valid,Fixation
1669787146.5222359,,Mouse,1808.5,530.5,,,Fixation
1669787146.535956,,Eye Tracker,1811.0,532.0,Valid,Valid,Fixation
1669787146.541149,,Mouse,1811.2,533.2,,,Fixation
1669787146.55261,MouseEvent,,1811.4,534.4,,,Fixation
1669787146.562415,,Mouse,1811.6,535.6,,,Fixation
1669787146.569265,,Mouse,1811.8,536.8,,,Fixation
1669787146.585921,,Eye Tracker,1812.0,538.0,Valid,Valid,Fixation
1669787146.602576,,Mouse,1812.0,535.5,,,Fixation
1669787146.61923,,Eye Tracker,1812.0,533.0,Valid,Valid,Fixation
1669787146.632971,,Mouse,1810.0,531.0,,,Fixation
1669787146.635885,,Eye Tracker,1808.0,529.0,Valid,Valid,Fixation
1669787146.65254,,Mouse,1809.0,528.0,,,Fixation
1669787146.6623828,,Eye Tracker,1810.0,527.0,Valid,Valid,Fixation
1669787146.669194,,Mouse,1813.6666666666667,528.6666666666666,,,Fixation
1669787146.672411,,Mouse,1817.3333333333333,530.3333333333334,,,Fixation
1669787146.68321,,Eye Tracker,1821.0,532.0,Valid,Valid,Fixation
1669787146.685849,,Eye Tracker,1826.0,540.0,Valid,Valid,Fixation
1669787146.693233,,Mouse,1826.0,541.5,,,Fixation
1669787146.702504,,Eye Tracker,1826.0,543.0,Valid,Valid,Fixation
1669787146.7121859,,Eye Tracker,1827.0,541.0,Valid,Valid,Fixation
1669787146.719158,,Eye Tracker,1825.0,541.0,Valid,Valid,Fixation
1669787146.723233,,Mouse,1826.0,539.0,,,Fixation
1669787146.735813,,Eye Tracker,1827.0,537.0,Valid,Valid,Fixation
1669787146.743197,,Eye Tracker,1826.0,537.0,Valid,Valid,Fixation
1669787146.7524679,,Mouse,1827.0,535.0,,,Fixation
1669787146.753234,,Eye Tracker,1828.0,533.0,Valid,Valid,Fixation
1669787146.764168,,Mouse,1829.0,531.5,,,Fixation
1669787146.769122,,Eye Tracker,1830.0,530.0,Valid,Valid,Fixation
1669787146.7742229,,Eye Tracker,1830.0,543.0,Valid,Valid,Fixation
1669787146.784224,,Eye Tracker,1828.0,544.0,Valid,Valid,Fixation
1669787146.7857769,,Mouse,1827.5,542.5,,,Fixation
1669787146.802433,,Eye Tracker,1827.0,541.0,Valid,Valid,Fixation
1669787146.819087,,Mouse,1826.0,540.5,,,Fixation
1669787146.8244789,,Eye Tracker,1825.0,540.0,Valid,Valid,Fixation
1669787146.835742,,Mouse,1827.0,539.0,,,Fixation
1669787146.852397,,Eye Tracker,1829.0,538.0,Valid,Valid,Fixation
1669787146.869052,,Mouse,1829.3333333333333,538.0,,,Fixation
1669787146.885706,,Mouse,1829.6666666666667,538.0,,,Fixation
1669787146.902361,,Eye Tracker,1830.0,538.0,Valid,Valid,Fixation
1669787146.919016,,Mouse,1827.0,534.5,,,Fixation
1669787146.93567,,Eye Tracker,1824.0,531.0,Valid,Valid,Fixation
1669787146.9523249,,Eye Tracker,1821.0,527.0,Valid,Valid,Fixation
1669787146.9689798,,Mouse,1821.5,526.5,,,Fixation
1669787146.9856339,,Eye Tracker,1822.0,526.0,Valid,Valid,Fixation
1669787146.994385,,Eye Tracker,1821.0,531.0,Valid,Valid,Fixation
1669787146.994385,,Mouse,1816.0,531.5,,,Fixation
1669787147.002289,,Eye Tracker,1811.0,532.0,Valid,Valid,Fixation
1669787147.018944,,Mouse,1811.0,531.5,,,Fixation
1669787147.035599,,Eye Tracker,1811.0,531.0,Valid,Valid,Fixation
1669787147.052254,,Mouse,1809.0,531.5,,,Fixation
1669787147.068909,,Eye Tracker,1807.0,532.0,Valid,Valid,Fixation
1669787147.085563,,Mouse,1805.0,532.0,,,Fixation
1669787147.102218,,Eye Tracker,1803.0,532.0,Valid,Valid,Fixation
1669787147.118873,,Mouse,1804.3333333333333,532.6666666666666,,,Fixation
1669787147.1355278,,Mouse,1805.6666666666667,533.3333333333334,,,Fixation
1669787147.1521819,,Eye Tracker,1807.0,534.0,Valid,Valid,Fixation
1669787147.1688368,,Eye Tracker,1810.0,535.0,Valid,Valid,Fixation
1669787147.185492,,Mouse,1810.0,535.5,,,Fixation
1669787147.202146,,Eye Tracker,1810.0,536.0,Valid,Valid,Fixation
1669787147.218801,,Mouse,1809.5,537.5,,,Fixation
1669787147.2242548,,Eye Tracker,1809.0,539.0,Valid,Valid,Fixation
1669787147.235456,,Eye Tracker,1814.0,535.0,Valid,Valid,Fixation
1669787147.2452369,,Mouse,1814.5,534.5,,,Fixation
1669787147.252111,,Eye Tracker,1815.0,534.0,Valid,Valid,Fixation
1669787147.255374,,Mouse,1812.5,533.5,,,Fixation
1669787147.268766,,Eye Tracker,1810.0,533.0,Valid,Valid,Fixation
1669787147.2762408,,Eye Tracker,1810.0,532.0,Valid,Valid,Fixation
1669787147.285421,,Mouse,1808.3333333333333,533.6666666666666,,,Fixation
1669787147.286485,,Mouse,1806.6666666666667,535.3333333333334,,,Fixation
1669787147.302075,,Eye Tracker,1805.0,537.0,Valid,Valid,Fixation
1669787147.30523,,Eye Tracker,1804.0,540.0,Valid,Valid,Fixation
1669787147.3187299,,Eye Tracker,1805.0,536.0,Valid,Valid,Fixation
1669787147.32633,,Eye Tracker,1808.0,536.0,Valid,Valid,Fixation
1669787147.3353848,,Eye Tracker,1816.0,535.0,Valid,Valid,Fixation
1669787147.3520389,,Eye Tracker,1814.0,533.0,Valid,Valid,Fixation
1669787147.3686938,MouseEvent,,1815.3333333333333,536.3333333333334,,,Fixation
1669787147.3761818,,Mouse,1816.6666666666667,539.6666666666666,,,Fixation
1669787147.385349,,Eye Tracker,1818.0,543.0,Valid,Valid,Fixation
1669787147.395393,,Eye Tracker,1817.0,546.0,Valid,Valid,Fixation
1669787147.402004,,Eye Tracker,1810.0,540.0,Valid,Valid,Fixation
1669787147.406195,,Eye Tracker,1810.0,535.0,Valid,Valid,Fixation
1669787147.4161959,,Eye Tracker,1813.0,544.0,Valid,Valid,Fixation
1669787147.418658,,Eye Tracker,1812.0,545.0,Valid,Valid,Fixation
1669787147.4352229,,Eye Tracker,1813.0,539.0,Valid,Valid,Fixation
1669787147.435313,,Eye Tracker,1814.0,542.0,Valid,Valid,Fixation
1669787147.446212,,Mouse,1817.0,544.5,,,Fixation
1669787147.451968,,Eye Tracker,1820.0,547.0,Valid,Valid,Fixation
1669787147.456297,,Mouse,1820.0,544.0,,,Fixation
1669787147.468622,,Eye Tracker,1820.0,541.0,Valid,Valid,Fixation
1669787147.485278,,Mouse,1820.0,538.3333333333334,,,Fixation
1669787147.5019329,,Mouse,1820.0,535.6666666666666,,,Fixation
1669787147.5185869,,Eye Tracker,1820.0,533.0,Valid,Valid,Fixation
1669787147.525235,,Eye Tracker,1823.0,535.0,Valid,Valid,Fixation
1669787147.5352418,,Mouse,1817.6666666666667,535.0,,,Fixation
1669787147.551897,,Mouse,1812.3333333333333,535.0,,,Fixation
1669787147.5685508,,Eye Tracker,1807.0,535.0,Valid,Valid,Fixation
1669787147.576227,,Mouse,1806.0,537.5,,,Fixation
1669787147.585206,,Eye Tracker,1805.0,540.0,Valid,Valid,Fixation
1669787147.601861,,Mouse,1810.5,542.5,,,Fixation
1669787147.618515,,Eye Tracker,1816.0,545.0,Valid,Valid,Fixation
1669787147.63517,,Mouse,1816.3333333333333,543.0,,,Fixation
1669787147.651825,,Mouse,1816.6666666666667,541.0,,,Fixation
1669787147.66848,,Eye Tracker,1817.0,539.0,Valid,Valid,Fixation
1669787147.685134,,Mouse,1819.0,540.0,,,Fixation
1669787147.701789,,Eye Tracker,1821.0,541.0,Valid,Valid,Fixation
1669787147.7184448,,Mouse,1822.0,541.5,,,Fixation
1669787147.7350988,,Eye Tracker,1823.0,542.0,Valid,Valid,Fixation
1669787147.751754,,Mouse,1820.0,541.5,,,Fixation
1669787147.767215,,Eye Tracker,1817.0,541.0,Valid,Valid,Fixation
1669787147.768409,,Eye Tracker,1820.0,539.0,Valid,Valid,Fixation
1669787147.785063,,Mouse,1824.5,537.0,,,Fixation
1669787147.801718,,Eye Tracker,1829.0,535.0,Valid,Valid,Fixation
1669787147.808204,,Mouse,1826.5,535.5,,,Fixation
1669787147.818373,,Eye Tracker,1824.0,536.0,Valid,Valid,Fixation
1669787147.8274689,,Mouse,1824.5,537.0,,,Fixation
1669787147.835027,,Eye Tracker,1825.0,538.0,Valid,Valid,Fixation
1669787147.848458,,Mouse,1829.0,543.5,,,Fixation
1669787147.851682,,Eye Tracker,1833.0,549.0,Valid,Valid,Fixation
1669787147.868337,,Mouse,1838.3333333333333,552.6666666666666,,,Fixation
1669787147.878264,,Mouse,1843.6666666666667,556.3333333333334,,,Fixation
1669787147.884991,,Eye Tracker,1849.0,560.0,Valid,Valid,Fixation
1669787147.901646,,Mouse,1853.0,561.5,,,Fixation
1669787147.9183009,,Eye Tracker,1857.0,563.0,Valid,Valid,Fixation
1669787147.918633,,Mouse,1857.6666666666667,561.6666666666666,,,Fixation
1669787147.934957,,Mouse,1858.3333333333333,560.3333333333334,,,Fixation
1669787147.937247,,Eye Tracker,1859.0,559.0,Valid,Valid,Fixation
1669787147.951611,,Mouse,1861.0,559.5,,,Fixation
1669787147.968266,,Eye Tracker,1863.0,560.0,Valid,Valid,Fixation
1669787147.9682899,,Mouse,1861.5,561.0,,,Fixation
1669787147.978364,,Eye Tracker,1860.0,562.0,Valid,Valid,Fixation
1669787147.984921,,Mouse,1862.5,563.0,,,Fixation
1669787148.001575,,Eye Tracker,1865.0,564.0,Valid,Valid,Fixation
1669787148.018224,,Mouse,1869.5,567.5,,,Fixation
1669787148.01823,,Eye Tracker,1874.0,571.0,Valid,Valid,Fixation
1669787148.034885,,Mouse,1870.0,570.5,,,Fixation
1669787148.048368,,Eye Tracker,1866.0,570.0,Valid,Valid,Fixation
1669787148.051539,,Eye Tracker,1861.0,568.0,Valid,Valid,Fixation
1669787148.068194,,Eye Tracker,1865.0,567.0,Valid,Valid,Fixation
1669787148.0848489,,Eye Tracker,1866.0,570.0,Valid,Valid,Fixation
1669787148.101503,,Mouse,1866.0,570.0,,,Fixation
1669787148.1181579,,Eye Tracker,1866.0,570.0,Valid,Valid,Fixation
1669787148.1284158,,Mouse,1864.5,571.0,,,Fixation
1669787148.1284158,,Eye Tracker,1863.0,572.0,Valid,Valid,Fixation
1669787148.1348128,,Mouse,1864.0,572.5,,,Fixation
1669787148.1514668,,Eye Tracker,1865.0,573.0,Valid,Valid,Fixation
1669787148.168123,,Eye Tracker,1863.0,572.0,Valid,Valid,Fixation
1669787148.179247,,Eye Tracker,1863.0,573.0,Valid,Valid,Fixation
1669787148.184778,,Eye Tracker,1861.0,573.0,Valid,Valid,Fixation
1669787148.201433,,Mouse,1859.0,574.5,,,Fixation
1669787148.218087,,Eye Tracker,1857.0,576.0,Valid,Valid,Fixation
1669787148.234742,,Mouse,1859.5,577.5,,,Fixation
1669787148.251397,,Eye Tracker,1862.0,579.0,Valid,Valid,Fixation
1669787148.268051,,Mouse,1863.0,579.5,,,Fixation
1669787148.2847059,,Eye Tracker,1864.0,580.0,Valid,Valid,Fixation
1669787148.3013608,,Mouse,1863.5,581.0,,,Fixation
1669787148.3102748,,Eye Tracker,1863.0,582.0,Valid,Valid,Fixation
1669787148.3180149,,Mouse,1862.5,584.0,,,Fixation
1669787148.329216,,Eye Tracker,1862.0,586.0,Valid,Valid,Fixation
1669787148.3346698,,Eye Tracker,1863.0,586.0,Valid,Valid,Fixation
1669787148.339383,,Eye Tracker,1861.0,584.0,Valid,Valid,Fixation
1669787148.350218,,Mouse,1858.5,585.0,,,Fixation
1669787148.351325,,Eye Tracker,1856.0,586.0,Valid,Valid,Fixation
1669787148.367979,,Eye Tracker,1859.0,587.0,Valid,Valid,Fixation
1669787148.369243,,Eye Tracker,1857.0,589.0,Valid,Valid,Fixation
1669787148.384634,,Mouse,1857.0,587.5,,,Fixation
1669787148.390218,,Eye Tracker,1857.0,586.0,Valid,Valid,Fixation
1669787148.400303,,Eye Tracker,1856.0,587.0,Valid,Valid,Fixation
1669787148.40129,,Eye Tracker,1857.0,590.0,Valid,Valid,Fixation
1669787148.417944,,Eye Tracker,1864.0,589.0,Valid,Valid,Fixation
1669787148.419124,,Eye Tracker,1861.0,589.0,Valid,Valid,Fixation
1669787148.434599,,Eye Tracker,1857.0,589.0,Valid,Valid,Fixation
1669787148.440363,,Mouse,1857.0,589.0,,,Fixation
1669787148.451254,,Eye Tracker,1857.0,589.0,Valid,Valid,Fixation
1669787148.459229,,Eye Tracker,1861.0,584.0,Valid,Valid,Fixation
1669787148.4679089,,Mouse,1860.0,585.0,,,Fixation
1669787148.470244,,Eye Tracker,1859.0,586.0,Valid,Valid,Fixation
1669787148.480419,,Eye Tracker,1858.0,588.0,Valid,Valid,Fixation
1669787148.4845629,,Eye Tracker,1861.0,591.0,Valid,Valid,Fixation
1669787148.49922,,Mouse,1861.0,591.0,,,Fixation
1669787148.5012178,,Eye Tracker,1861.0,591.0,Valid,Valid,Fixation
1669787148.509261,,Eye Tracker,1859.0,592.0,Valid,Valid,Fixation
1669787148.517873,,Eye Tracker,1863.0,592.0,Valid,Valid,Fixation
1669787148.5202138,,Eye Tracker,1866.0,594.0,Valid,Valid,Fixation
1669787148.5345268,,Eye Tracker,1864.0,598.0,Valid,Valid,Fixation
1669787148.5392249,,Eye Tracker,1866.0,596.0,Valid,Valid,Fixation
1669787148.549372,,Eye Tracker,1865.0,594.0,Valid,Valid,Fixation
1669787148.551182,,Eye Tracker,1861.0,595.0,Valid,Valid,Fixation
1669787148.560188,,Eye Tracker,1859.0,596.0,Valid,Valid,Fixation
1669787148.567837,,Eye Tracker,1860.0,597.0,Valid,Valid,Fixation
1669787148.5792298,,Eye Tracker,1860.0,598.0,Valid,Valid,Fixation
1669787148.584491,,Eye Tracker,1860.0,600.0,Valid,Valid,Fixation
1669787148.601146,,Eye Tracker,1863.0,602.0,Valid,Valid,Fixation
1669787148.610241,,Eye Tracker,1862.0,601.0,Valid,Valid,Fixation
1669787148.617802,,Eye Tracker,1859.0,600.0,Valid,Valid,Fixation
1669787148.634456,,Eye Tracker,1862.0,599.0,Valid,Valid,Fixation
1669787148.641228,,Eye Tracker,1862.0,596.0,Valid,Valid,Fixation
1669787148.651111,,Eye Tracker,1857.0,598.0,Valid,Valid,Fixation
1669787148.661221,,Eye Tracker,1859.0,596.0,Valid,Valid,Fixation
1669787148.6677659,,Eye Tracker,1864.0,593.0,Valid,Valid,Fixation
1669787148.680214,,Eye Tracker,1858.0,593.0,Valid,Valid,Fixation
1669787148.6844199,,Eye Tracker,1858.0,588.0,Valid,Valid,Fixation
1669787148.7010748,,Eye Tracker,1862.0,592.0,Valid,Valid,Fixation
1669787148.71773,,Mouse,1860.0,593.0,,,Fixation
1669787148.734385,,Eye Tracker,1858.0,594.0,Valid,Valid,Fixation
1669787148.751039,,Mouse,1857.0,596.5,,,Fixation
1669787148.767694,,Eye Tracker,1856.0,599.0,Valid,Valid,Fixation
1669787148.771363,,Mouse,1858.0,604.5,,,Fixation
1669787148.784349,,Eye Tracker,1860.0,610.0,Valid,Valid,Fixation
1669787148.801003,,Eye Tracker,1864.0,610.0,Valid,Valid,Fixation
1669787148.8012,,Mouse,1862.3333333333333,606.6666666666666,,,Fixation
1669787148.812291,,Mouse,1860.6666666666667,603.3333333333334,,,Fixation
1669787148.817658,,Eye Tracker,1859.0,600.0,Valid,Valid,Fixation
1669787148.834313,,Eye Tracker,1854.0,597.0,Valid,Valid,Fixation
1669787148.841299,,Mouse,1854.5,598.0,,,Fixation
1669787148.850968,,Eye Tracker,1855.0,599.0,Valid,Valid,Fixation
1669787148.862275,,Eye Tracker,1856.0,602.0,Valid,Valid,Fixation
1669787148.8676229,,Eye Tracker,1856.0,603.0,Valid,Valid,Fixation
1669787148.872361,,Mouse,1855.5,601.5,,,Fixation
1669787148.8842778,,Eye Tracker,1855.0,600.0,Valid,Valid,Fixation
1669787148.891227,,Eye Tracker,1854.0,595.0,Valid,Valid,Fixation
1669787148.9009318,,Eye Tracker,1855.0,597.0,Valid,Valid,Fixation
1669787148.902375,,Eye Tracker,1854.0,598.0,Valid,Valid,Fixation
1669787148.9124959,,Eye Tracker,1851.0,597.0,Valid,Valid,Fixation
1669787148.917587,,Eye Tracker,1852.0,596.0,Valid,Valid,Fixation
1669787148.931191,,Eye Tracker,1871.0,607.0,Valid,Valid,Fixation
1669787148.934242,,Eye Tracker,1884.0,616.0,Valid,Valid,Fixation
1669787148.950896,,Eye Tracker,1887.0,616.0,Valid,Valid,Fixation
1669787148.952168,,Eye Tracker,1887.0,617.0,Valid,Valid,Fixation
1669787148.967551,,Eye Tracker,1879.0,618.0,Valid,Valid,Fixation
1669787148.9715579,,Eye Tracker,1878.0,622.0,Valid,Valid,Fixation
1669787148.984206,,Eye Tracker,1883.0,623.0,Valid,Valid,Fixation
1669787148.992234,,Eye Tracker,1885.0,624.0,Valid,Valid,Fixation
1669787149.000861,,Eye Tracker,1879.0,623.0,Valid,Valid,Fixation
1669787149.011458,,Eye Tracker,1868.0,615.0,Valid,Valid,Fixation
1669787149.017515,,Eye Tracker,1862.0,610.0,Valid,Valid,Fixation
1669787149.0222058,,Eye Tracker,1857.0,610.0,Valid,Valid,Fixation
1669787149.0323539,,Eye Tracker,1852.0,613.0,Valid,Valid,Fixation
1669787149.03417,,Eye Tracker,1851.0,612.0,Valid,Valid,Fixation
1669787149.0508249,,Eye Tracker,1853.0,613.0,Valid,Valid,Fixation
1669787149.051372,,Eye Tracker,1853.0,616.0,Valid,Valid,Fixation
1669787149.0674798,,Eye Tracker,1852.0,618.0,Valid,Valid,Fixation
1669787149.082315,,Eye Tracker,1849.0,627.0,Valid,Valid,Fixation
1669787149.084135,,Mouse,1848.0,621.5,,,Fixation
1669787149.10079,,Eye Tracker,1847.0,616.0,Valid,Valid,Fixation
1669787149.117444,,Mouse,1848.0,613.0,,,Fixation
1669787149.1321359,,Eye Tracker,1849.0,610.0,Valid,Valid,Fixation
1669787149.134099,,Mouse,1849.6666666666667,612.6666666666666,,,Fixation
1669787149.150754,,Mouse,1850.3333333333333,615.3333333333334,,,Fixation
1669787149.163198,,Eye Tracker,1851.0,618.0,Valid,Valid,Fixation
1669787149.167408,,Mouse,1854.0,617.0,,,Fixation
1669787149.173256,,Eye Tracker,1857.0,616.0,Valid,Valid,Fixation
1669787149.184063,,Mouse,1857.5,614.5,,,Fixation
1669787149.1931698,,Eye Tracker,1858.0,613.0,Valid,Valid,Fixation
1669787149.200718,,Mouse,1856.0,611.0,,,Fixation
1669787149.213163,,Eye Tracker,1854.0,609.0,Valid,Valid,Fixation
1669787149.217372,,Mouse,1854.0,609.3333333333334,,,Fixation
1669787149.2324378,,Mouse,1854.0,609.6666666666666,,,Fixation
1669787149.234027,,Eye Tracker,1854.0,610.0,Valid,Valid,Fixation
1669787149.2506819,,Mouse,1855.5,611.5,,,Fixation
1669787149.2622359,,Eye Tracker,1857.0,613.0,Valid,Valid,Fixation
1669787149.2673368,,Eye Tracker,1854.0,614.0,Valid,Valid,Fixation
1669787149.2839909,,Mouse,1853.6666666666667,614.0,,,Fixation
1669787149.300647,,Mouse,1853.3333333333333,614.0,,,Fixation
1669787149.3131878,,Eye Tracker,1853.0,614.0,Valid,Valid,Fixation
1669787149.317302,,Mouse,1857.5,612.0,,,Fixation
1669787149.333956,,Eye Tracker,1862.0,610.0,Valid,Valid,Fixation
1669787149.334166,,Mouse,1865.5,614.5,,,Fixation
1669787149.344219,,Eye Tracker,1869.0,619.0,Valid,Valid,Fixation
1669787149.350611,,Mouse,1869.0,616.0,,,Fixation
1669787149.365057,,Eye Tracker,1869.0,613.0,Valid,Valid,Fixation
1669787149.367266,,Mouse,1867.0,613.0,,,Fixation
1669787149.38392,,Eye Tracker,1865.0,613.0,Valid,Valid,Fixation
1669787149.400575,,Mouse,1859.5,615.5,,,Fixation
1669787149.41723,,Eye Tracker,1854.0,618.0,Valid,Valid,Fixation
1669787149.433884,,Mouse,1855.5,617.5,,,Fixation
1669787149.4505389,,Eye Tracker,1857.0,617.0,Valid,Valid,Fixation
1669787149.464263,,Eye Tracker,1863.0,618.0,Valid,Valid,Fixation
1669787149.4671938,,Mouse,1867.0,618.0,,,Fixation
1669787149.483188,,Eye Tracker,1871.0,618.0,Valid,Valid,Fixation
1669787149.4838479,,Eye Tracker,1890.0,634.0,Valid,Valid,Saccade
1669787149.494233,,Eye Tracker,1897.0,647.0,Valid,Valid,Fixation
1669787149.5005028,,Mouse,1897.0,646.5,,,Fixation
1669787149.5142128,,Eye Tracker,1897.0,646.0,Valid,Valid,Fixation
1669787149.517158,,Mouse,1896.5,645.5,,,Fixation
1669787149.533814,,Eye Tracker,1896.0,645.0,Valid,Valid,Fixation
1669787149.534529,,Mouse,1895.5,649.5,,,Fixation
1669787149.550468,,Eye Tracker,1895.0,654.0,Valid,Valid,Fixation
1669787149.554148,,Mouse,1895.5,656.5,,,Fixation
1669787149.567123,,Eye Tracker,1896.0,659.0,Valid,Valid,Fixation
1669787149.573195,,Mouse,1898.5,658.0,,,Fixation
1669787149.583778,,Eye Tracker,1901.0,657.0,Valid,Valid,Fixation
1669787149.584286,,Mouse,1901.5,657.5,,,Fixation
1669787149.600432,,Eye Tracker,1902.0,658.0,Valid,Valid,Fixation
1669787149.603168,,Mouse,1902.0,654.0,,,Fixation
1669787149.6133049,,Eye Tracker,1902.0,650.0,Valid,Valid,Fixation
1669787149.617087,,Mouse,1902.0,650.0,,,Fixation
1669787149.624173,,Mouse,1902.0,650.0,,,Fixation
1669787149.6337419,,Eye Tracker,1902.0,650.0,Valid,Valid,Fixation
1669787149.634369,,Eye Tracker,1894.0,657.0,Valid,Valid,Fixation
1669787149.6503959,,Mouse,1893.0,658.3333333333334,,,Fixation
1669787149.654239,,Mouse,1892.0,659.6666666666666,,,Fixation
1669787149.665209,,Eye Tracker,1891.0,661.0,Valid,Valid,Fixation
1669787149.6670508,,Mouse,1897.0,659.0,,,Fixation
1669787149.6754599,,Eye Tracker,1903.0,657.0,Valid,Valid,Fixation
1669787149.683706,,Mouse,1904.0,658.5,,,Fixation
1669787149.694232,,Eye Tracker,1905.0,660.0,Valid,Valid,Fixation
1669787149.7003598,,Mouse,1901.0,662.0,,,Fixation
1669787149.7151299,,Mouse,1897.0,664.0,,,Fixation
1669787149.717015,,Eye Tracker,1893.0,666.0,Valid,Valid,Fixation
1669787149.7251909,,Eye Tracker,1891.0,665.0,Valid,Valid,Fixation
1669787149.73367,,Mouse,1895.0,666.0,,,Fixation
1669787149.745211,,Eye Tracker,1899.0,667.0,Valid,Valid,Fixation
1669787149.750325,,Mouse,1898.6666666666667,668.6666666666666,,,Fixation
1669787149.7652209,,Mouse,1898.3333333333333,670.3333333333334,,,Fixation
1669787149.76698,,Eye Tracker,1898.0,672.0,Valid,Valid,Fixation
1669787149.783635,,Eye Tracker,1896.0,673.0,Valid,Valid,Fixation
1669787149.784236,,Mouse,1896.5,669.5,,,Fixation
1669787149.8002899,,Eye Tracker,1897.0,666.0,Valid,Valid,Fixation
1669787149.805213,,Eye Tracker,1895.0,670.0,Valid,Valid,Fixation
1669787149.815232,,Eye Tracker,1896.0,674.0,Valid,Valid,Fixation
1669787149.816944,,Eye Tracker,1909.0,706.0,Valid,Valid,Saccade
1669787149.8335989,,Eye Tracker,1919.0,750.0,Valid,Valid,Saccade
1669787149.8361828,,Eye Tracker,1918.0,758.0,Valid,Valid,Fixation
1669787149.8502538,,Eye Tracker,1924.0,762.0,Valid,Valid,Fixation
1669787149.8562388,,Eye Tracker,1928.0,770.0,Valid,Valid,Fixation
1669787149.8669078,,Eye Tracker,1927.0,767.0,Valid,Valid,Fixation
1669787149.8762279,,Mouse,1926.5,762.0,,,Fixation
1669787149.883563,,Eye Tracker,1926.0,757.0,Valid,Valid,Fixation
1669787149.896332,,Mouse,1927.5,759.5,,,Fixation
1669787149.900218,,Eye Tracker,1929.0,762.0,Valid,Valid,Fixation
1669787149.916225,,Mouse,1932.5,765.5,,,Fixation
1669787149.916872,,Eye Tracker,1936.0,769.0,Valid,Valid,Fixation
1669787149.926463,,Mouse,1938.5,769.0,,,Fixation
1669787149.933527,,Eye Tracker,1941.0,769.0,Valid,Valid,Fixation
1669787149.945186,,Mouse,1935.3333333333333,765.6666666666666,,,Fixation
1669787149.950182,,Mouse,1929.6666666666667,762.3333333333334,,,Fixation
1669787149.956585,,Eye Tracker,1924.0,759.0,Valid,Valid,Fixation
1669787149.966836,,Mouse,1918.0,756.0,,,Fixation
1669787149.9762259,,Eye Tracker,1912.0,753.0,Valid,Valid,Fixation
1669787149.983492,,Mouse,1915.0,756.5,,,Fixation
1669787149.995395,,Eye Tracker,1918.0,760.0,Valid,Valid,Fixation
1669787150.0001469,,Mouse,1920.0,757.0,,,Fixation
1669787150.006412,,Eye Tracker,1922.0,754.0,Valid,Valid,Fixation
1669787150.0168009,,Mouse,1921.5,754.5,,,Fixation
1669787150.0261889,,Eye Tracker,1921.0,755.0,Valid,Valid,Fixation
1669787150.0334558,,Mouse,1921.0,756.0,,,Fixation
1669787150.046154,,Eye Tracker,1921.0,757.0,Valid,Valid,Fixation
1669787150.050111,,Mouse,1918.5,757.5,,,Fixation
1669787150.0562298,,Eye Tracker,1916.0,758.0,Valid,Valid,Fixation
1669787150.0665069,,Eye Tracker,1915.0,761.0,Valid,Valid,Fixation
1669787150.066766,,Mouse,1917.6666666666667,760.6666666666666,,,Fixation
1669787150.08342,,Mouse,1920.3333333333333,760.3333333333334,,,Fixation
1669787150.086304,,Eye Tracker,1923.0,760.0,Valid,Valid,Fixation
1669787150.100075,,Mouse,1922.5,761.0,,,Fixation
1669787150.106155,,Eye Tracker,1922.0,762.0,Valid,Valid,Fixation
1669787150.11673,,Eye Tracker,1919.0,765.0,Valid,Valid,Fixation
1669787150.1252499,,Mouse,1920.6666666666667,765.3333333333334,,,Fixation
1669787150.133384,,Mouse,1922.3333333333333,765.6666666666666,,,Fixation
1669787150.136236,,Eye Tracker,1924.0,766.0,Valid,Valid,Fixation
1669787150.150039,,Mouse,1925.5,766.0,,,Fixation
1669787150.15635,,Eye Tracker,1927.0,766.0,Valid,Valid,Fixation
1669787150.166694,,Mouse,1927.0,766.5,,,Fixation
1669787150.177222,,Eye Tracker,1927.0,767.0,Valid,Valid,Fixation
1669787150.183348,,Mouse,1926.5,768.0,,,Fixation
1669787150.187234,,Eye Tracker,1926.0,769.0,Valid,Valid,Fixation
1669787150.197336,,Eye Tracker,1928.0,766.0,Valid,Valid,Fixation
1669787150.200003,,Mouse,1927.0,765.5,,,Fixation
1669787150.2166588,,Eye Tracker,1926.0,765.0,Valid,Valid,Fixation
1669787150.227396,,Mouse,1928.0,771.0,,,Fixation
1669787150.2333128,,Eye Tracker,1930.0,777.0,Valid,Valid,Fixation
1669787150.249968,,Mouse,1931.0,786.5,,,Fixation
1669787150.257165,,Eye Tracker,1932.0,796.0,Valid,Valid,Fixation
1669787150.266623,,Mouse,1932.5,800.5,,,Fixation
1669787150.283277,,Eye Tracker,1933.0,805.0,Valid,Valid,Fixation
1669787150.297368,,Mouse,1936.0,806.3333333333334,,,Fixation
1669787150.299932,,Mouse,1939.0,807.6666666666666,,,Fixation
1669787150.316587,,Eye Tracker,1942.0,809.0,Valid,Valid,Fixation
1669787150.333242,,Mouse,1939.5,810.0,,,Fixation
1669787150.3372478,,Eye Tracker,1937.0,811.0,Valid,Valid,Fixation
1669787150.349896,,Mouse,1937.5,808.0,,,Fixation
1669787150.366551,,Eye Tracker,1938.0,805.0,Valid,Valid,Fixation
1669787150.383206,,Mouse,1938.3333333333333,805.0,,,Fixation
1669787150.39986,,Mouse,1938.6666666666667,805.0,,,Fixation
1669787150.4081979,,Eye Tracker,1939.0,805.0,Valid,Valid,Fixation
1669787150.4165149,,Eye Tracker,1941.0,805.0,Valid,Valid,Fixation
1669787150.433171,,Mouse,1943.0,806.5,,,Fixation
1669787150.438344,,Eye Tracker,1945.0,808.0,Valid,Valid,Fixation
1669787150.449825,,Mouse,1944.0,809.3333333333334,,,Fixation
1669787150.4572918,,Mouse,1943.0,810.6666666666666,,,Fixation
1669787150.46648,,Eye Tracker,1942.0,812.0,Valid,Valid,Fixation
1669787150.468225,,Mouse,1943.0,811.5,,,Fixation
1669787150.483135,,Eye Tracker,1944.0,811.0,Valid,Valid,Fixation
1669787150.499789,,Mouse,1944.5,813.5,,,Fixation
1669787150.507225,,Eye Tracker,1945.0,816.0,Valid,Valid,Fixation
1669787150.516444,,Mouse,1944.3333333333333,816.0,,,Fixation
1669787150.5184,,Mouse,1943.6666666666667,816.0,,,Fixation
1669787150.533099,,Eye Tracker,1943.0,816.0,Valid,Valid,Fixation
1669787150.547225,,Mouse,1944.5,816.5,,,Fixation
1669787150.549753,,Eye Tracker,1946.0,817.0,Valid,Valid,Fixation
1669787150.558323,,Mouse,1948.5,819.0,,,Fixation
1669787150.566408,,Eye Tracker,1951.0,821.0,Valid,Valid,Fixation
1669787150.578223,,Mouse,1951.5,821.0,,,Fixation
1669787150.583063,,Eye Tracker,1952.0,821.0,Valid,Valid,Fixation
1669787150.5982099,,Eye Tracker,1953.0,822.0,Valid,Valid,Fixation
1669787150.5997179,,Mouse,1949.5,826.5,,,Fixation
1669787150.6163719,,Eye Tracker,1946.0,831.0,Valid,Valid,Fixation
1669787150.618306,,Mouse,1941.0,844.0,,,Fixation
1669787150.6330268,,Eye Tracker,1936.0,857.0,Valid,Valid,Saccade
1669787150.638223,,Mouse,1933.0,868.5,,,Saccade
1669787150.648239,,Eye Tracker,1930.0,880.0,Valid,Valid,Fixation
1669787150.649682,,Mouse,1931.0,879.0,,,Fixation
1669787150.6587489,,Eye Tracker,1932.0,878.0,Valid,Valid,Fixation
1669787150.666337,,Mouse,1931.3333333333333,877.3333333333334,,,Fixation
1669787150.682992,,Mouse,1930.6666666666667,876.6666666666666,,,Fixation
1669787150.689467,,Eye Tracker,1930.0,876.0,Valid,Valid,Fixation
1669787150.699647,,Eye Tracker,1926.0,883.0,Valid,Valid,Fixation
1669787150.7092319,,Mouse,1927.5,882.0,,,Fixation
1669787150.716301,,Eye Tracker,1929.0,881.0,Valid,Valid,Fixation
1669787150.7292209,,Mouse,1929.3333333333333,879.6666666666666,,,Fixation
1669787150.732956,,Mouse,1929.6666666666667,878.3333333333334,,,Fixation
1669787150.749515,,Eye Tracker,1930.0,877.0,Valid,Valid,Fixation
1669787150.749611,,Mouse,1932.5,881.5,,,Fixation
1669787150.766265,,Eye Tracker,1935.0,886.0,Valid,Valid,Fixation
1669787150.7697449,,Mouse,1934.0,888.5,,,Fixation
1669787150.78292,,Eye Tracker,1933.0,891.0,Valid,Valid,Fixation
1669787150.7894409,,Mouse,1931.6666666666667,890.3333333333334,,,Fixation
1669787150.7995749,,Mouse,1930.3333333333333,889.6666666666666,,,Fixation
1669787150.809319,,Eye Tracker,1929.0,889.0,Valid,Valid,Fixation
1669787150.8162289,,Mouse,1929.0,888.0,,,Fixation
1669787150.829251,,Eye Tracker,1929.0,887.0,Valid,Valid,Fixation
1669787150.8328838,,Mouse,1927.5,889.0,,,Fixation
1669787150.849539,,Eye Tracker,1926.0,891.0,Valid,Valid,Fixation
1669787150.866194,,Mouse,1927.5,893.0,,,Fixation
1669787150.880215,,Eye Tracker,1929.0,895.0,Valid,Valid,Fixation
1669787150.882849,,Eye Tracker,1931.0,891.0,Valid,Valid,Fixation
1669787150.899504,,Mouse,1930.0,891.0,,,Fixation
1669787150.910207,,Mouse,1929.0,891.0,,,Fixation
1669787150.916159,,Eye Tracker,1928.0,891.0,Valid,Valid,Fixation
1669787150.92023,,Mouse,1927.0,894.0,,,Fixation
1669787150.932813,,Eye Tracker,1926.0,897.0,Valid,Valid,Fixation
1669787150.949468,,Mouse,1926.0,897.0,,,Fixation
1669787150.960202,,Eye Tracker,1926.0,897.0,Valid,Valid,Fixation
1669787150.9661229,,Mouse,1927.6666666666667,899.0,,,Fixation
1669787150.980238,,Mouse,1929.3333333333333,901.0,,,Fixation
1669787150.9827769,,Eye Tracker,1931.0,903.0,Valid,Valid,Fixation
1669787150.9994318,,Mouse,1930.5,905.5,,,Fixation
1669787151.000232,,Eye Tracker,1930.0,908.0,Valid,Valid,Fixation
1669787151.016087,,Mouse,1935.0,907.5,,,Fixation
1669787151.020218,,Eye Tracker,1940.0,907.0,Valid,Valid,Fixation
1669787151.0327408,,Mouse,1940.0,909.5,,,Fixation
1669787151.04016,,Eye Tracker,1940.0,912.0,Valid,Valid,Fixation
1669787151.049396,,Eye Tracker,1934.0,907.0,Valid,Valid,Fixation
1669787151.0502,,Mouse,1935.0,907.0,,,Fixation
1669787151.066051,,Eye Tracker,1936.0,907.0,Valid,Valid,Fixation
1669787151.070196,,Eye Tracker,1939.0,917.0,Valid,Valid,Fixation
1669787151.082705,,Mouse,1940.5,920.5,,,Fixation
1669787151.099158,,Eye Tracker,1942.0,924.0,Valid,Valid,Fixation
1669787151.09936,,Mouse,1939.5,924.0,,,Fixation
1669787151.1102269,,Eye Tracker,1937.0,924.0,Valid,Valid,Fixation
1669787151.116016,,Mouse,1935.5,924.0,,,Fixation
1669787151.1326709,,Eye Tracker,1934.0,924.0,Valid,Valid,Fixation
1669787151.1391869,,Eye Tracker,1940.0,927.0,Valid,Valid,Fixation
1669787151.149325,,Mouse,1941.5,929.0,,,Fixation
1669787151.160177,,Eye Tracker,1943.0,931.0,Valid,Valid,Fixation
1669787151.1659799,,Mouse,1939.0,932.5,,,Fixation
1669787151.170197,,Eye Tracker,1935.0,934.0,Valid,Valid,Fixation
1669787151.1826348,,Eye Tracker,1934.0,933.0,Valid,Valid,Fixation
1669787151.1911829,,Mouse,1935.0,937.0,,,Fixation
1669787151.1992888,,Eye Tracker,1936.0,941.0,Valid,Valid,Fixation
1669787151.201303,,Eye Tracker,1933.0,941.0,Valid,Valid,Fixation
1669787151.215944,,Mouse,1932.0,937.0,,,Fixation
1669787151.221442,,Eye Tracker,1931.0,933.0,Valid,Valid,Fixation
1669787151.232599,,Eye Tracker,1937.0,938.0,Valid,Valid,Fixation
1669787151.249253,,Eye Tracker,1941.0,936.0,Valid,Valid,Fixation
1669787151.251319,,Mouse,1940.0,935.5,,,Fixation
1669787151.265908,,Eye Tracker,1939.0,935.0,Valid,Valid,Fixation
1669787151.2701879,,Eye Tracker,1942.0,936.0,Valid,Valid,Fixation
1669787151.281478,,Eye Tracker,1939.0,938.0,Valid,Valid,Fixation
1669787151.282563,,Eye Tracker,1932.0,935.0,Valid,Valid,Fixation
1669787151.299217,,Mouse,1932.5,934.0,,,Fixation
1669787151.301446,,Eye Tracker,1933.0,933.0,Valid,Valid,Fixation
1669787151.315872,,Mouse,1933.0,934.0,,,Fixation
1669787151.321471,,Eye Tracker,1933.0,935.0,Valid,Valid,Fixation
1669787151.332527,,Eye Tracker,1928.0,935.0,Valid,Valid,Fixation
1669787151.349182,,Eye Tracker,1925.0,932.0,Valid,Valid,Fixation
1669787151.362228,,Eye Tracker,1924.0,930.0,Valid,Valid,Fixation
1669787151.3658369,,Eye Tracker,1924.0,934.0,Valid,Valid,Fixation
1669787151.3824918,,Mouse,1924.5,934.0,,,Fixation
1669787151.399147,,Eye Tracker,1925.0,934.0,Valid,Valid,Fixation
1669787151.412361,,Eye Tracker,1928.0,935.0,Valid,Valid,Fixation
1669787151.415801,,Eye Tracker,1929.0,936.0,Valid,Valid,Fixation
1669787151.432456,,Eye Tracker,1924.0,939.0,Valid,Valid,Fixation
1669787151.449111,,Mouse,1923.0,938.5,,,Fixation
1669787151.465765,,Eye Tracker,1922.0,938.0,Valid,Valid,Fixation
1669787151.48242,,Eye Tracker,1922.0,937.0,Valid,Valid,Fixation
1669787151.492219,,Mouse,1920.5,937.0,,,Fixation
1669787151.499075,,Eye Tracker,1919.0,937.0,Valid,Valid,Fixation
1669787151.5122008,,Mouse,1920.0,936.5,,,Fixation
1669787151.515729,,Eye Tracker,1921.0,936.0,Valid,Valid,Fixation
1669787151.532384,,Mouse,1921.5,936.0,,,Fixation
1669787151.532392,,Eye Tracker,1922.0,936.0,Valid,Valid,Fixation
1669787151.549039,,Mouse,1925.0,936.0,,,Fixation
1669787151.552217,,Eye Tracker,1928.0,936.0,Valid,Valid,Fixation
1669787151.5656939,,Mouse,1931.0,935.5,,,Fixation
1669787151.572227,,Eye Tracker,1934.0,935.0,Valid,Valid,Fixation
1669787151.582294,,Mouse,1934.0,937.0,,,Fixation
1669787151.5823488,,Eye Tracker,1934.0,939.0,Valid,Valid,Fixation
1669787151.599004,,Mouse,1933.6666666666667,938.6666666666666,,,Fixation
1669787151.60218,,Mouse,1933.3333333333333,938.3333333333334,,,Fixation
1669787151.615658,,Eye Tracker,1933.0,938.0,Valid,Valid,Fixation
1669787151.622206,,Mouse,1929.5,938.5,,,Fixation
1669787151.632313,,Eye Tracker,1926.0,939.0,Valid,Valid,Fixation
1669787151.648968,,Mouse,1925.0,940.5,,,Fixation
1669787151.665623,,Eye Tracker,1924.0,942.0,Valid,Valid,Fixation
1669787151.682277,,Mouse,1926.0,942.0,,,Fixation
1669787151.692503,,Eye Tracker,1928.0,942.0,Valid,Valid,Fixation
1669787151.698932,,Mouse,1928.0,943.0,,,Fixation
1669787151.7038798,,Mouse,1928.0,944.0,,,Fixation
1669787151.715587,,Eye Tracker,1928.0,945.0,Valid,Valid,Fixation
1669787151.732241,,Mouse,1930.0,943.0,,,Fixation
1669787151.733259,,Eye Tracker,1932.0,941.0,Valid,Valid,Fixation
1669787151.748896,,Mouse,1930.0,941.0,,,Fixation
1669787151.753222,,Eye Tracker,1928.0,941.0,Valid,Valid,Fixation
1669787151.7655509,,Mouse,1928.0,943.0,,,Fixation
1669787151.773259,,Eye Tracker,1928.0,945.0,Valid,Valid,Fixation
1669787151.7822058,,Mouse,1928.0,947.5,,,Fixation
1669787151.793211,,Eye Tracker,1928.0,950.0,Valid,Valid,Fixation
1669787151.798861,,Mouse,1918.5,954.0,,,Fixation
1669787151.813387,,Eye Tracker,1909.0,958.0,Valid,Valid,Fixation
1669787151.815516,,Mouse,1907.3333333333333,960.6666666666666,,,Fixation
1669787151.83217,,Mouse,1905.6666666666667,963.3333333333334,,,Fixation
1669787151.833169,,Eye Tracker,1904.0,966.0,Valid,Valid,Fixation
1669787151.8432229,,Mouse,1905.0,962.0,,,Fixation
1669787151.848825,,Eye Tracker,1906.0,958.0,Valid,Valid,Fixation
1669787151.853247,,Mouse,1904.0,957.5,,,Fixation
1669787151.86548,,Eye Tracker,1902.0,957.0,Valid,Valid,Fixation
1669787151.874372,,Mouse,1900.0,961.5,,,Fixation
1669787151.882134,,Eye Tracker,1898.0,966.0,Valid,Valid,Fixation
1669787151.89879,,Eye Tracker,1898.0,964.0,Valid,Valid,Fixation
1669787151.9043899,,Mouse,1898.5,963.5,,,Fixation
1669787151.9154449,,Eye Tracker,1899.0,963.0,Valid,Valid,Fixation
1669787151.9241889,,Mouse,1900.0,964.5,,,Fixation
1669787151.9321,,Eye Tracker,1901.0,966.0,Valid,Valid,Fixation
1669787151.9343128,,Eye Tracker,1899.0,973.0,Valid,Valid,Fixation
1669787151.9487538,,Mouse,1896.3333333333333,973.3333333333334,,,Fixation
1669787151.954202,,Mouse,1893.6666666666667,973.6666666666666,,,Fixation
1669787151.965409,,Eye Tracker,1891.0,974.0,Valid,Valid,Fixation
1669787151.97419,,Eye Tracker,1888.0,977.0,Valid,Valid,Fixation
1669787151.982064,,Mouse,1886.5,977.0,,,Fixation
1669787151.984211,,Eye Tracker,1885.0,977.0,Valid,Valid,Fixation
1669787151.998718,,Mouse,1885.5,972.0,,,Fixation
1669787152.004212,,Eye Tracker,1886.0,967.0,Valid,Valid,Fixation
1669787152.0142589,,Eye Tracker,1883.0,966.0,Valid,Valid,Fixation
1669787152.015373,,Mouse,1881.6666666666667,966.6666666666666,,,Fixation
1669787152.032029,,Mouse,1880.3333333333333,967.3333333333334,,,Fixation
1669787152.033131,,Eye Tracker,1879.0,968.0,Valid,Valid,Fixation
1669787152.0444028,,Mouse,1878.5,967.5,,,Fixation
1669787152.048683,,Eye Tracker,1878.0,967.0,Valid,Valid,Fixation
1669787152.064354,,Mouse,1876.0,968.5,,,Fixation
1669787152.065338,,Eye Tracker,1874.0,970.0,Valid,Valid,Fixation
1669787152.0819929,,Mouse,1870.5,977.0,,,Fixation
1669787152.0986469,,Eye Tracker,1867.0,984.0,Valid,Valid,Fixation
1669787152.1153018,,Eye Tracker,1865.0,990.0,Valid,Valid,Fixation
1669787152.131957,,Eye Tracker,1868.0,979.0,Valid,Valid,Fixation
1669787152.1486108,,Eye Tracker,1864.0,972.0,Valid,Valid,Fixation
1669787152.15426,,Eye Tracker,1867.0,971.0,Valid,Valid,Fixation
1669787152.165266,,Eye Tracker,1867.0,969.0,Valid,Valid,Fixation
1669787152.181921,,Eye Tracker,1863.0,968.0,Valid,Valid,Fixation
1669787152.1844049,,Eye Tracker,1856.0,969.0,Valid,Valid,Fixation
1669787152.198576,,Mouse,1855.5,969.5,,,Fixation
1669787152.204226,,Eye Tracker,1855.0,970.0,Valid,Valid,Fixation
1669787152.21523,,Mouse,1856.5,972.5,,,Fixation
1669787152.215385,,Eye Tracker,1858.0,975.0,Valid,Valid,Fixation
1669787152.231885,,Mouse,1857.3333333333333,975.6666666666666,,,Fixation
1669787152.235278,,Mouse,1856.6666666666667,976.3333333333334,,,Fixation
1669787152.2454798,,Eye Tracker,1856.0,977.0,Valid,Valid,Fixation
1669787152.2485409,,Eye Tracker,1864.0,974.0,Valid,Valid,Fixation
1669787152.265195,,Mouse,1863.6666666666667,973.6666666666666,,,Fixation
1669787152.265307,,Mouse,1863.3333333333333,973.3333333333334,,,Fixation
1669787152.2818499,,Eye Tracker,1863.0,973.0,Valid,Valid,Fixation
1669787152.285143,,Mouse,1857.5,977.0,,,Fixation
1669787152.2985048,,Eye Tracker,1852.0,981.0,Valid,Valid,Fixation
1669787152.3151588,,Mouse,1850.0,981.0,,,Fixation
1669787152.331814,,Eye Tracker,1848.0,981.0,Valid,Valid,Fixation
1669787152.348469,,Eye Tracker,1846.0,973.0,Valid,Valid,Fixation
1669787152.365123,,Eye Tracker,1847.0,982.0,Valid,Valid,Fixation
1669787152.375164,,Eye Tracker,1847.0,997.0,Valid,Valid,Fixation
1669787152.381778,,Eye Tracker,1851.0,995.0,Valid,Valid,Fixation
1669787152.398433,,Eye Tracker,1851.0,990.0,Valid,Valid,Fixation
1669787152.415087,,Eye Tracker,1845.0,998.0,Valid,Valid,Fixation
1669787152.416218,,Mouse,1848.5,1000.0,,,Fixation
1669787152.431742,,Eye Tracker,1852.0,1002.0,Valid,Valid,Fixation
1669787152.448397,,Mouse,1852.0,1000.0,,,Fixation
1669787152.465052,,Eye Tracker,1852.0,998.0,Valid,Valid,Fixation
1669787152.4817069,,Mouse,1846.0,998.5,,,Fixation
1669787152.4983618,,Eye Tracker,1840.0,999.0,Valid,Valid,Fixation
1669787152.515017,,Mouse,1833.5,1005.5,,,Fixation
1669787152.526455,,Eye Tracker,1827.0,1012.0,Valid,Valid,Fixation
1669787152.531671,,Mouse,1821.0,1015.5,,,Fixation
1669787152.548326,,Eye Tracker,1815.0,1019.0,Valid,Valid,Fixation
1669787152.555178,,Eye Tracker,1808.0,1015.0,Valid,Valid,Fixation
1669787152.564981,,Mouse,1806.5,1013.0,,,Fixation
1669787152.581635,,Eye Tracker,1805.0,1011.0,Valid,Valid,Fixation
1669787152.586361,,Eye Tracker,1799.0,1015.0,Valid,Valid,Fixation
1669787152.59829,,Eye Tracker,1794.0,1021.0,Valid,Valid,Fixation
1669787152.614945,,Eye Tracker,1798.0,1022.0,Valid,Valid,Fixation
1669787152.616196,,Eye Tracker,1807.0,1015.0,Valid,Valid,Fixation
1669787152.631599,,Eye Tracker,1802.0,1013.0,Valid,Valid,Fixation
1669787152.63553,,Mouse,1801.5,1014.5,,,Fixation
1669787152.6482549,,Eye Tracker,1801.0,1016.0,Valid,Valid,Fixation
1669787152.656244,,Mouse,1801.3333333333333,1014.6666666666666,,,Fixation
1669787152.6649098,,Mouse,1801.6666666666667,1013.3333333333334,,,Fixation
1669787152.666344,,Eye Tracker,1802.0,1012.0,Valid,Valid,Fixation
1669787152.6815639,,Eye Tracker,1794.0,1011.0,Valid,Valid,Fixation
1669787152.685176,,Mouse,1794.3333333333333,1011.3333333333334,,,Fixation
1669787152.6961858,,Mouse,1794.6666666666667,1011.6666666666666,,,Fixation
1669787152.6982188,,Eye Tracker,1795.0,1012.0,Valid,Valid,Fixation
1669787152.714874,,Eye Tracker,1799.0,1010.0,Valid,Valid,Fixation
1669787152.716228,,Eye Tracker,1796.0,1014.0,Valid,Valid,Fixation
1669787152.726508,,Mouse,1795.5,1019.5,,,Fixation
1669787152.73153,,Eye Tracker,1795.0,1025.0,Valid,Valid,Fixation
1669787152.7373528,,Eye Tracker,1799.0,1022.0,Valid,Valid,Fixation
1669787152.748184,,Mouse,1797.0,1017.5,,,Fixation
1669787152.7572088,,Eye Tracker,1795.0,1013.0,Valid,Valid,Fixation
1669787152.764839,,Mouse,1793.0,1014.3333333333334,,,Fixation
1669787152.781494,,Mouse,1791.0,1015.6666666666666,,,Fixation
1669787152.798148,,Eye Tracker,1789.0,1017.0,Valid,Valid,Fixation
1669787152.814803,,Eye Tracker,1787.0,1026.0,Valid,Valid,Fixation
1669787152.8314579,,Mouse,1788.5,1022.0,,,Fixation
1669787152.846353,,Eye Tracker,1790.0,1018.0,Valid,Valid,Fixation
1669787152.8481119,,Mouse,1791.5,1012.0,,,Fixation
1669787152.8647668,,Eye Tracker,1793.0,1006.0,Valid,Valid,Fixation
1669787152.867306,,Eye Tracker,1783.0,1014.0,Valid,Valid,Fixation
1669787152.881422,,Eye Tracker,1757.0,1011.0,Valid,Valid,Saccade
1669787152.887187,,Eye Tracker,1752.0,1012.0,Valid,Valid,Fixation
1669787152.898076,,Mouse,1753.5,1011.5,,,Fixation
1669787152.914731,,Eye Tracker,1755.0,1011.0,Valid,Valid,Fixation
1669787152.931387,,Mouse,1751.0,1007.5,,,Fixation
1669787152.937187,,Eye Tracker,1747.0,1004.0,Valid,Valid,Fixation
1669787152.948041,,Mouse,1745.5,1006.5,,,Fixation
1669787152.948132,,Eye Tracker,1744.0,1009.0,Valid,Valid,Fixation
1669787152.958189,,Eye Tracker,1744.0,1009.0,Valid,Valid,Fixation
1669787152.964696,,Mouse,1742.3333333333333,1009.0,,,Fixation
1669787152.968226,,Mouse,1740.6666666666667,1009.0,,,Fixation
1669787152.981351,,Eye Tracker,1739.0,1009.0,Valid,Valid,Fixation
1669787152.9884639,,Mouse,1736.5,1009.5,,,Fixation
1669787152.9980059,,Eye Tracker,1734.0,1010.0,Valid,Valid,Fixation
1669787153.008211,,Eye Tracker,1733.0,1002.0,Valid,Valid,Fixation
1669787153.01466,,Mouse,1732.5,1001.5,,,Fixation
1669787153.027183,,Eye Tracker,1732.0,1001.0,Valid,Valid,Fixation
1669787153.0313148,,Eye Tracker,1732.0,1004.0,Valid,Valid,Fixation
1669787153.0385718,,Eye Tracker,1730.0,1006.0,Valid,Valid,Fixation
1669787153.04797,,Mouse,1731.5,1004.5,,,Fixation
1669787153.0646238,,Eye Tracker,1733.0,1003.0,Valid,Valid,Fixation
1669787153.078201,,Mouse,1732.3333333333333,1002.6666666666666,,,Fixation
1669787153.081279,,Mouse,1731.6666666666667,1002.3333333333334,,,Fixation
1669787153.097934,,Eye Tracker,1731.0,1002.0,Valid,Valid,Fixation
1669787153.098638,,Eye Tracker,1737.0,1003.0,Valid,Valid,Fixation
1669787153.114588,,Eye Tracker,1738.0,998.0,Valid,Valid,Fixation
1669787153.118222,,Eye Tracker,1731.0,1005.0,Valid,Valid,Fixation
1669787153.128427,,Eye Tracker,1744.0,1002.0,Valid,Valid,Fixation
1669787153.131243,,Eye Tracker,1750.0,1003.0,Valid,Valid,Fixation
1669787153.1472049,,Eye Tracker,1748.0,1011.0,Valid,Valid,Fixation
1669787153.147898,,Mouse,1747.5,1007.5,,,Fixation
1669787153.164553,,Eye Tracker,1747.0,1004.0,Valid,Valid,Fixation
1669787153.168314,,Mouse,1746.5,1003.5,,,Fixation
1669787153.181208,,Eye Tracker,1746.0,1003.0,Valid,Valid,Fixation
1669787153.1871738,,Mouse,1745.6666666666667,1002.3333333333334,,,Fixation
1669787153.197177,,Mouse,1745.3333333333333,1001.6666666666666,,,Fixation
1669787153.1978629,,Eye Tracker,1745.0,1001.0,Valid,Valid,Fixation
1669787153.208212,,Eye Tracker,1744.0,1003.0,Valid,Valid,Fixation
1669787153.2145169,,Mouse,1742.5,1004.5,,,Fixation
1669787153.228157,,Eye Tracker,1741.0,1006.0,Valid,Valid,Fixation
1669787153.2311718,,Mouse,1738.5,1005.5,,,Fixation
1669787153.247827,,Eye Tracker,1736.0,1005.0,Valid,Valid,Fixation
1669787153.249171,,Eye Tracker,1738.0,1004.0,Valid,Valid,Fixation
1669787153.2591999,,Mouse,1737.0,1006.5,,,Fixation
1669787153.264482,,Eye Tracker,1736.0,1009.0,Valid,Valid,Fixation
1669787153.269265,,Mouse,1732.6666666666667,1009.3333333333334,,,Fixation
1669787153.281136,,Mouse,1729.3333333333333,1009.6666666666666,,,Fixation
1669787153.289187,,Eye Tracker,1726.0,1010.0,Valid,Valid,Fixation
1669787153.297792,,Eye Tracker,1730.0,1006.0,Valid,Valid,Fixation
1669787153.299476,,Mouse,1730.3333333333333,1006.3333333333334,,,Fixation
1669787153.314447,,Mouse,1730.6666666666667,1006.6666666666666,,,Fixation
1669787153.318889,,Eye Tracker,1731.0,1007.0,Valid,Valid,Fixation
1669787153.329174,,Eye Tracker,1724.0,1011.0,Valid,Valid,Fixation
1669787153.331101,,Mouse,1723.0,1011.5,,,Fixation
1669787153.347756,,Eye Tracker,1722.0,1012.0,Valid,Valid,Fixation
1669787153.349556,,Mouse,1721.5,1011.25,,,Fixation
1669787153.3644109,MouseEvent,,1721.0,1010.5,,,Fixation
1669787153.369226,,Mouse,1720.5,1009.75,,,Fixation
1669787153.381065,,Eye Tracker,1720.0,1009.0,Valid,Valid,Fixation
1669787153.389348,,Mouse,1719.5,1008.5,,,Fixation
1669787153.3977199,,Eye Tracker,1719.0,1008.0,Valid,Valid,Fixation
1669787153.399351,,Mouse,1717.0,1006.5,,,Fixation
1669787153.4143748,,Eye Tracker,1715.0,1005.0,Valid,Valid,Fixation
1669787153.420158,,Mouse,1712.6666666666667,1007.0,,,Fixation
1669787153.430234,,Mouse,1710.3333333333333,1009.0,,,Fixation
1669787153.4310288,,Eye Tracker,1708.0,1011.0,Valid,Valid,Fixation
1669787153.447684,,Mouse,1707.5,1011.5,,,Fixation
1669787153.460221,,Eye Tracker,1707.0,1012.0,Valid,Valid,Fixation
1669787153.464339,,Mouse,1708.0,1013.5,,,Fixation
1669787153.480993,,Eye Tracker,1709.0,1015.0,Valid,Valid,Fixation
1669787153.489296,,Mouse,1708.0,1016.0,,,Fixation
1669787153.497648,,Eye Tracker,1707.0,1017.0,Valid,Valid,Fixation
1669787153.500207,,Mouse,1705.5,1013.0,,,Fixation
1669787153.514304,,Eye Tracker,1704.0,1009.0,Valid,Valid,Fixation
1669787153.520354,,Mouse,1703.5,1008.5,,,Fixation
1669787153.530959,,Eye Tracker,1703.0,1008.0,Valid,Valid,Fixation
1669787153.547613,,Mouse,1701.6666666666667,1007.6666666666666,,,Fixation
1669787153.550226,,Mouse,1700.3333333333333,1007.3333333333334,,,Fixation
1669787153.5642679,,Eye Tracker,1699.0,1007.0,Valid,Valid,Fixation
1669787153.579185,,Eye Tracker,1697.0,1006.0,Valid,Valid,Fixation
1669787153.5809228,,Mouse,1696.3333333333333,1005.0,,,Fixation
1669787153.5902119,,Mouse,1695.6666666666667,1004.0,,,Fixation
1669787153.5975769,,Eye Tracker,1695.0,1003.0,Valid,Valid,Fixation
1669787153.6008549,,Mouse,1693.5,1006.5,,,Fixation
1669787153.614233,,Eye Tracker,1692.0,1010.0,Valid,Valid,Fixation
1669787153.619468,,Mouse,1690.5,1009.5,,,Fixation
1669787153.630543,,Eye Tracker,1689.0,1009.0,Valid,Valid,Fixation
1669787153.630888,,Mouse,1690.0,1006.5,,,Fixation
1669787153.647542,,Eye Tracker,1691.0,1004.0,Valid,Valid,Fixation
1669787153.650217,,Mouse,1692.5,1006.5,,,Fixation
1669787153.664197,,Eye Tracker,1694.0,1009.0,Valid,Valid,Fixation
1669787153.680852,,Eye Tracker,1692.0,1013.0,Valid,Valid,Fixation
1669787153.690271,,Mouse,1693.0,1017.0,,,Fixation
1669787153.697506,,Eye Tracker,1694.0,1021.0,Valid,Valid,Fixation
1669787153.710209,,Mouse,1695.0,1028.0,,,Fixation
1669787153.714161,,Eye Tracker,1696.0,1035.0,Valid,Valid,Fixation
1669787153.72034,,Mouse,1693.0,1036.5,,,Fixation
1669787153.730356,,Eye Tracker,1690.0,1038.0,Valid,Valid,Fixation
1669787153.730816,,Mouse,1690.0,1039.0,,,Fixation
1669787153.74747,,Eye Tracker,1690.0,1040.0,Valid,Valid,Fixation
1669787153.750197,,Eye Tracker,1685.0,1043.0,Valid,Valid,Fixation
1669787153.7615,,Eye Tracker,1682.0,1042.0,Valid,Valid,Fixation
1669787153.7641249,,Eye Tracker,1683.0,1043.0,Valid,Valid,Fixation
1669787153.7807798,,Eye Tracker,1684.0,1038.0,Valid,Valid,Fixation
1669787153.7814589,,Eye Tracker,1685.0,1037.0,Valid,Valid,Fixation
1669787153.797435,,Mouse,1682.5,1037.0,,,Fixation
1669787153.801205,,Eye Tracker,1680.0,1037.0,Valid,Valid,Fixation
1669787153.8112059,,Eye Tracker,1676.0,1040.0,Valid,Valid,Fixation
1669787153.8140888,,Eye Tracker,1679.0,1041.0,Valid,Valid,Fixation
1669787153.830745,MouseEvent,,1679.4,1040.8,,,Fixation
1669787153.8474,,Mouse,1679.8,1040.6,,,Fixation
1669787153.864054,,Mouse,1680.2,1040.4,,,Fixation
1669787153.880709,,Mouse,1680.6,1040.2,,,Fixation
1669787153.897364,,Eye Tracker,1681.0,1040.0,Valid,Valid,Fixation
1669787153.911237,,Mouse,1674.5,1056.0,,,Fixation
1669787153.914018,,Eye Tracker,1668.0,1072.0,Valid,Valid,Saccade
1669787153.930673,,Eye Tracker,1691.0,1139.0,Valid,Valid,Saccade
1669787153.9473279,,Eye Tracker,1777.0,1323.0,Invalid,Valid,Saccade
1669787153.9522529,,Eye Tracker,1773.4285714285713,1313.7857142857142,Invalid,Invalid,EyesNotFound
1669787153.9639828,,Eye Tracker,1769.857142857143,1304.5714285714287,Invalid,Invalid,EyesNotFound
1669787153.972219,,Eye Tracker,1766.2857142857142,1295.357142857143,Invalid,Invalid,EyesNotFound
1669787153.980638,,Eye Tracker,1762.7142857142858,1286.142857142857,Invalid,Invalid,EyesNotFound
1669787153.997293,,Mouse,1759.142857142857,1276.9285714285713,,,EyesNotFound
1669787154.013947,,Eye Tracker,1755.5714285714287,1267.7142857142858,Invalid,Invalid,EyesNotFound
1669787154.030602,,Mouse,1752.0,1258.5,,,EyesNotFound
1669787154.0411859,,Eye Tracker,1748.4285714285713,1249.2857142857142,Invalid,Invalid,EyesNotFound
1669787154.047257,,Mouse,1744.857142857143,1240.0714285714287,,,EyesNotFound
1669787154.052114,,Mouse,1741.2857142857142,1230.857142857143,,,EyesNotFound
1669787154.062171,,Eye Tracker,1737.7142857142858,1221.642857142857,Invalid,Invalid,EyesNotFound
1669787154.063912,,Eye Tracker,1734.142857142857,1212.4285714285716,Invalid,Invalid,EyesNotFound
1669787154.080566,,Mouse,1730.5714285714287,1203.2142857142858,,,EyesNotFound
1669787154.081307,,Eye Tracker,1727.0,1194.0,Valid,Valid,Unclassified
1669787154.097221,,Mouse,1727.0,1194.0,,,Unclassified
1669787154.102179,,Eye Tracker,1727.0,1194.0,Valid,Valid,Unclassified
1669787154.112231,,Eye Tracker,1685.0,1173.0,Valid,Valid,Saccade
1669787154.1138759,,Mouse,1688.5,1173.5,,,Unclassified
1669787154.122272,,Eye Tracker,1692.0,1174.0,Valid,Valid,Unclassified
1669787154.1305299,,Mouse,1683.0,1141.5,,,Unclassified
1669787154.142148,,Eye Tracker,1674.0,1109.0,Valid,Valid,Saccade
1669787154.1471848,,Mouse,1676.5,1103.5,,,Unclassified
1669787154.152515,,Eye Tracker,1679.0,1098.0,Valid,Valid,Unclassified
1669787154.16384,,Mouse,1675.0,1095.0,,,Unclassified
1669787154.1712558,,Eye Tracker,1671.0,1092.0,Valid,Valid,Unclassified
1669787154.180495,,Mouse,1671.5,1087.0,,,Unclassified
1669787154.182174,,Eye Tracker,1672.0,1082.0,Valid,Valid,Unclassified
1669787154.19715,,Mouse,1674.0,1074.3333333333333,,,Unclassified
1669787154.213805,,Mouse,1676.0,1066.6666666666667,,,Saccade
1669787154.230459,,Eye Tracker,1678.0,1059.0,Valid,Valid,Saccade
1669787154.247114,,Mouse,1679.5,1056.5,,,Fixation
1669787154.263769,,Eye Tracker,1681.0,1054.0,Valid,Valid,Fixation
1669787154.280423,,Eye Tracker,1688.0,1045.0,Valid,Valid,Fixation
1669787154.297078,,Mouse,1688.3333333333333,1045.3333333333333,,,Fixation
1669787154.3137329,,Mouse,1688.6666666666667,1045.6666666666667,,,Fixation
1669787154.323134,,Eye Tracker,1689.0,1046.0,Valid,Valid,Fixation
1669787154.3303878,,Mouse,1699.5,1048.5,,,Fixation
1669787154.3470418,,Eye Tracker,1710.0,1051.0,Valid,Invalid,Fixation
1669787154.363697,,Eye Tracker,1690.0,1030.0,Valid,Valid,Fixation
1669787154.380352,,Mouse,1690.0,1029.3333333333333,,,Fixation
1669787154.382218,,Mouse,1690.0,1028.6666666666667,,,Fixation
1669787154.397007,,Eye Tracker,1690.0,1028.0,Valid,Valid,Fixation
1669787154.413223,,Mouse,1693.0,1030.5,,,Fixation
1669787154.413662,,Eye Tracker,1696.0,1033.0,Valid,Valid,Fixation
1669787154.430317,,Mouse,1694.5,1035.0,,,Fixation
1669787154.433203,,Eye Tracker,1693.0,1037.0,Valid,Valid,Fixation
1669787154.4443228,,Mouse,1694.5,1036.0,,,Fixation
1669787154.446971,,Eye Tracker,1696.0,1035.0,Valid,Valid,Fixation
1669787154.463626,,Mouse,1697.6666666666667,1033.0,,,Fixation
1669787154.464166,,Mouse,1699.3333333333333,1031.0,,,Fixation
1669787154.4802809,,Eye Tracker,1701.0,1029.0,Valid,Valid,Fixation
1669787154.4843829,,Eye Tracker,1693.0,1026.0,Valid,Valid,Fixation
1669787154.496935,,Mouse,1690.5,1029.5,,,Fixation
1669787154.504186,,Eye Tracker,1688.0,1033.0,Valid,Valid,Fixation
1669787154.513591,,Mouse,1688.6666666666667,1033.0,,,Fixation
1669787154.524153,,Mouse,1689.3333333333333,1033.0,,,Fixation
1669787154.530246,,Eye Tracker,1690.0,1033.0,Valid,Valid,Fixation
1669787154.534186,,Mouse,1684.5,1034.0,,,Fixation
1669787154.544479,,Eye Tracker,1679.0,1035.0,Valid,Valid,Fixation
1669787154.5469,,Mouse,1682.0,1033.5,,,Fixation
1669787154.563555,,Eye Tracker,1685.0,1032.0,Valid,Valid,Fixation
1669787154.5642009,,Mouse,1682.0,1031.3333333333333,,,Fixation
1669787154.58021,,Mouse,1679.0,1030.6666666666667,,,Fixation
1669787154.584235,,Eye Tracker,1676.0,1030.0,Valid,Valid,Fixation
1669787154.596865,,Eye Tracker,1671.0,1032.0,Valid,Valid,Fixation
1669787154.613519,,Mouse,1676.0,1034.3333333333333,,,Fixation
1669787154.625011,,Mouse,1681.0,1036.6666666666667,,,Fixation
1669787154.6301749,,Eye Tracker,1686.0,1039.0,Valid,Valid,Fixation
1669787154.643224,,Mouse,1686.6666666666667,1038.0,,,Fixation
1669787154.6468298,,Mouse,1687.3333333333333,1037.0,,,Fixation
1669787154.654228,,Eye Tracker,1688.0,1036.0,Valid,Valid,Fixation
1669787154.6634839,,Eye Tracker,1694.0,1039.0,Valid,Valid,Fixation
1669787154.674176,,Mouse,1692.6666666666667,1039.0,,,Fixation
1669787154.6801388,,Mouse,1691.3333333333333,1039.0,,,Fixation
1669787154.696794,,Eye Tracker,1690.0,1039.0,Valid,Valid,Fixation
1669787154.713448,,Mouse,1687.0,1040.0,,,Fixation
1669787154.730103,,Eye Tracker,1684.0,1041.0,Valid,Valid,Fixation
1669787154.746758,,Eye Tracker,1688.0,1037.0,Valid,Valid,Fixation
1669787154.763412,,Eye Tracker,1698.0,1042.0,Valid,Valid,Fixation
1669787154.780067,,Eye Tracker,1697.0,1043.0,Valid,Valid,Fixation
1669787154.796722,,Eye Tracker,1691.0,1044.0,Valid,Valid,Fixation
1669787154.805234,,Eye Tracker,1692.0,1051.0,Valid,Valid,Fixation
1669787154.813376,,Eye Tracker,1690.0,1042.0,Valid,Valid,Fixation
1669787154.8300319,,Eye Tracker,1689.0,1036.0,Valid,Valid,Fixation
1669787154.8466868,,Mouse,1692.0,1039.3333333333333,,,Fixation
1669787154.863342,,Mouse,1695.0,1042.6666666666667,,,Fixation
1669787154.8799958,,Eye Tracker,1698.0,1046.0,Valid,Valid,Fixation
1669787154.896651,,Mouse,1697.5,1046.0,,,Fixation
1669787154.913306,,Eye Tracker,1697.0,1046.0,Valid,Valid,Fixation
1669787154.915351,,Mouse,1695.0,1040.0,,,Fixation
1669787154.92996,,Eye Tracker,1693.0,1034.0,Valid,Valid,Fixation
1669787154.946615,,Mouse,1694.5,1033.5,,,Fixation
1669787154.96327,,Eye Tracker,1696.0,1033.0,Valid,Valid,Fixation
1669787154.979924,,Mouse,1693.0,1034.0,,,Fixation
1669787154.996579,,Eye Tracker,1690.0,1035.0,Valid,Valid,Fixation
1669787155.013234,,Mouse,1690.0,1037.5,,,Fixation
1669787155.029888,,Eye Tracker,1690.0,1040.0,Valid,Valid,Fixation
1669787155.0465438,,Mouse,1691.5,1039.0,,,Fixation
1669787155.063199,,Eye Tracker,1693.0,1038.0,Valid,Valid,Fixation
1669787155.079853,,Mouse,1693.5,1036.0,,,Fixation
1669787155.096508,,Eye Tracker,1694.0,1034.0,Valid,Valid,Fixation
1669787155.113163,,Mouse,1693.0,1035.0,,,Fixation
1669787155.129818,,Eye Tracker,1692.0,1036.0,Valid,Valid,Fixation
1669787155.146472,,Mouse,1692.5,1036.0,,,Fixation
1669787155.163127,,Eye Tracker,1693.0,1036.0,Valid,Valid,Fixation
1669787155.179782,,Mouse,1694.5,1037.5,,,Fixation
1669787155.196436,,Eye Tracker,1696.0,1039.0,Valid,Valid,Fixation
1669787155.213091,,Mouse,1694.3333333333333,1037.3333333333333,,,Fixation
1669787155.229747,,Mouse,1692.6666666666667,1035.6666666666667,,,Fixation
1669787155.2464008,,Eye Tracker,1691.0,1034.0,Valid,Valid,Fixation
1669787155.2563028,,Mouse,1691.0,1034.0,,,Fixation
1669787155.263056,,Eye Tracker,1691.0,1034.0,Valid,Valid,Fixation
1669787155.2763078,,Mouse,1690.0,1037.5,,,Fixation
1669787155.279711,,Eye Tracker,1689.0,1041.0,Valid,Valid,Fixation
1669787155.296365,,Mouse,1689.0,1040.6666666666667,,,Fixation
1669787155.3073468,,Mouse,1689.0,1040.3333333333333,,,Fixation
1669787155.31302,,Eye Tracker,1689.0,1040.0,Valid,Valid,Fixation
1669787155.329675,,Mouse,1692.0,1037.0,,,Fixation
1669787155.337448,,Eye Tracker,1695.0,1034.0,Valid,Valid,Fixation
1669787155.34633,,Eye Tracker,1690.0,1037.0,Valid,Valid,Fixation
1669787155.362985,,Mouse,1690.3333333333333,1039.3333333333333,,,Fixation
1669787155.366293,,Mouse,1690.6666666666667,1041.6666666666667,,,Fixation
1669787155.3796399,,Eye Tracker,1691.0,1044.0,Valid,Valid,Fixation
1669787155.387205,,Mouse,1692.5,1042.5,,,Fixation
1669787155.3962948,,Eye Tracker,1694.0,1041.0,Valid,Valid,Fixation
1669787155.3972309,,Mouse,1693.5,1037.5,,,Fixation
1669787155.4129488,,Eye Tracker,1693.0,1034.0,Valid,Valid,Fixation
1669787155.417389,,Mouse,1692.5,1034.5,,,Fixation
1669787155.429604,,Eye Tracker,1692.0,1035.0,Valid,Valid,Fixation
1669787155.4373128,,Mouse,1692.6666666666667,1036.3333333333333,,,Fixation
1669787155.446259,,Mouse,1693.3333333333333,1037.6666666666667,,,Fixation
1669787155.462913,,Eye Tracker,1694.0,1039.0,Valid,Valid,Fixation
1669787155.4788148,,Eye Tracker,1697.0,1040.0,Valid,Valid,Fixation
1669787155.479568,,Mouse,1696.0,1039.6666666666667,,,Fixation
1669787155.496224,,Mouse,1695.0,1039.3333333333333,,,Fixation
1669787155.512878,,Eye Tracker,1694.0,1039.0,Valid,Valid,Fixation
1669787155.5182018,,Mouse,1695.5,1036.5,,,Fixation
1669787155.529533,,Eye Tracker,1697.0,1034.0,Valid,Valid,Fixation
1669787155.5461879,,Mouse,1697.5,1033.0,,,Fixation
1669787155.5581648,,Eye Tracker,1698.0,1032.0,Valid,Valid,Fixation
1669787155.562842,,Mouse,1697.5,1035.5,,,Fixation
1669787155.568287,,Eye Tracker,1697.0,1039.0,Valid,Valid,Fixation
1669787155.5794969,,Mouse,1701.5,1041.5,,,Fixation
1669787155.588284,,Eye Tracker,1706.0,1044.0,Valid,Valid,Fixation
1669787155.5961518,,Mouse,1705.0,1041.5,,,Fixation
1669787155.608222,,Eye Tracker,1704.0,1039.0,Valid,Valid,Fixation
1669787155.6128058,,Mouse,1702.0,1037.0,,,Fixation
1669787155.628212,,Eye Tracker,1700.0,1035.0,Valid,Valid,Fixation
1669787155.629461,,Mouse,1701.0,1036.0,,,Fixation
1669787155.638334,,Eye Tracker,1702.0,1037.0,Valid,Valid,Fixation
1669787155.646116,,Mouse,1701.0,1035.5,,,Fixation
1669787155.6581728,,Eye Tracker,1700.0,1034.0,Valid,Valid,Fixation
1669787155.662771,,Mouse,1699.0,1033.5,,,Fixation
1669787155.678212,,Eye Tracker,1698.0,1033.0,Valid,Valid,Fixation
1669787155.679425,,Mouse,1699.3333333333333,1034.0,,,Fixation
1669787155.69608,,Mouse,1700.6666666666667,1035.0,,,Fixation
1669787155.707339,,Eye Tracker,1702.0,1036.0,Valid,Valid,Fixation
1669787155.712736,,Mouse,1704.0,1039.5,,,Fixation
1669787155.72939,,Eye Tracker,1706.0,1043.0,Valid,Valid,Fixation
1669787155.7460449,,Mouse,1705.5,1041.5,,,Fixation
1669787155.7626998,,Eye Tracker,1705.0,1040.0,Valid,Valid,Fixation
1669787155.768328,,Eye Tracker,1703.0,1036.0,Valid,Valid,Fixation
1669787155.7793539,,Mouse,1704.5,1036.0,,,Fixation
1669787155.7881808,,Eye Tracker,1706.0,1036.0,Valid,Valid,Fixation
1669787155.7960088,,Mouse,1705.5,1038.5,,,Fixation
1669787155.799346,,Eye Tracker,1705.0,1041.0,Valid,Valid,Fixation
1669787155.812664,,Mouse,1704.5,1040.5,,,Fixation
1669787155.819334,,Eye Tracker,1704.0,1040.0,Valid,Valid,Fixation
1669787155.829318,,Eye Tracker,1707.0,1037.0,Valid,Valid,Fixation
1669787155.838217,,Mouse,1705.0,1036.0,,,Fixation
1669787155.845973,,Eye Tracker,1703.0,1035.0,Valid,Valid,Fixation
1669787155.849181,,Eye Tracker,1703.0,1033.0,Valid,Valid,Fixation
1669787155.862628,,Eye Tracker,1699.0,1039.0,Valid,Valid,Fixation
1669787155.869261,,Eye Tracker,1698.0,1042.0,Valid,Valid,Fixation
1669787155.879282,,Mouse,1700.0,1042.0,,,Fixation
1669787155.889196,,Eye Tracker,1702.0,1042.0,Valid,Valid,Fixation
1669787155.895937,,Mouse,1701.0,1039.0,,,Fixation
1669787155.89933,,Eye Tracker,1700.0,1036.0,Valid,Valid,Fixation
1669787155.912592,,Mouse,1699.3333333333333,1035.3333333333333,,,Fixation
1669787155.918211,,Mouse,1698.6666666666667,1034.6666666666667,,,Fixation
1669787155.929199,,Eye Tracker,1698.0,1034.0,Valid,Valid,Fixation
1669787155.9292479,,Mouse,1698.0,1034.5,,,Fixation
1669787155.9394479,,Eye Tracker,1698.0,1035.0,Valid,Valid,Fixation
1669787155.9459019,,Mouse,1697.0,1034.5,,,Fixation
1669787155.9601429,,Eye Tracker,1696.0,1034.0,Valid,Valid,Fixation
1669787155.9625568,,Eye Tracker,1698.0,1035.0,Valid,Valid,Fixation
1669787155.979212,,Mouse,1697.0,1034.5,,,Fixation
1669787155.990344,,Eye Tracker,1696.0,1034.0,Valid,Valid,Fixation
1669787155.9958658,,Eye Tracker,1696.0,1035.0,Valid,Valid,Fixation
1669787156.009322,,Mouse,1697.6666666666667,1034.0,,,Fixation
1669787156.012521,,Mouse,1699.3333333333333,1033.0,,,Fixation
1669787156.029176,,Eye Tracker,1701.0,1032.0,Valid,Valid,Fixation
1669787156.040319,,Eye Tracker,1696.0,1029.0,Valid,Valid,Fixation
1669787156.04583,,Mouse,1694.6666666666667,1028.3333333333333,,,Fixation
1669787156.062486,,Mouse,1693.3333333333333,1027.6666666666667,,,Fixation
1669787156.070394,,Eye Tracker,1692.0,1027.0,Valid,Valid,Fixation
1669787156.079141,,Mouse,1694.5,1028.0,,,Fixation
1669787156.089329,,Eye Tracker,1697.0,1029.0,Valid,Valid,Fixation
1669787156.095795,,Mouse,1697.5,1031.5,,,Fixation
1669787156.100327,,Eye Tracker,1698.0,1034.0,Valid,Valid,Fixation
1669787156.11245,,Eye Tracker,1694.0,1032.0,Valid,Valid,Fixation
1669787156.1202018,,Mouse,1694.0,1027.5,,,Fixation
1669787156.1291049,,Eye Tracker,1694.0,1023.0,Valid,Valid,Fixation
1669787156.14022,,Mouse,1692.5,1023.0,,,Fixation
1669787156.1457598,,Eye Tracker,1691.0,1023.0,Valid,Valid,Fixation
1669787156.1604578,,Mouse,1690.0,1025.0,,,Fixation
1669787156.162415,,Eye Tracker,1689.0,1027.0,Valid,Valid,Fixation
1669787156.17907,,Mouse,1690.5,1028.0,,,Fixation
1669787156.179201,,Eye Tracker,1692.0,1029.0,Valid,Valid,Fixation
1669787156.195725,,Mouse,1695.5,1028.5,,,Fixation
1669787156.2003648,,Eye Tracker,1699.0,1028.0,Valid,Valid,Fixation
1669787156.210459,,Mouse,1699.0,1029.0,,,Fixation
1669787156.212379,,Eye Tracker,1699.0,1030.0,Valid,Valid,Fixation
1669787156.229034,,Mouse,1698.0,1031.0,,,Fixation
1669787156.240162,,Eye Tracker,1697.0,1032.0,Valid,Valid,Fixation
1669787156.245689,,Mouse,1698.0,1031.0,,,Fixation
1669787156.250215,,Eye Tracker,1699.0,1030.0,Valid,Valid,Fixation
1669787156.262343,,Eye Tracker,1699.0,1027.0,Valid,Valid,Fixation
1669787156.270145,,Eye Tracker,1699.0,1026.0,Valid,Valid,Fixation
1669787156.278998,,Eye Tracker,1693.0,1025.0,Valid,Valid,Fixation
1669787156.290215,,Eye Tracker,1683.0,1025.0,Valid,Valid,Fixation
1669787156.2956529,,Eye Tracker,1688.0,1026.0,Valid,Valid,Fixation
1669787156.3112059,,Mouse,1689.5,1028.0,,,Fixation
1669787156.312307,,Eye Tracker,1691.0,1030.0,Valid,Valid,Fixation
1669787156.321229,,Mouse,1691.5,1030.5,,,Fixation
1669787156.3289618,,Eye Tracker,1692.0,1031.0,Valid,Valid,Fixation
1669787156.331467,,Mouse,1695.0,1028.0,,,Fixation
1669787156.345617,,Eye Tracker,1698.0,1025.0,Valid,Valid,Fixation
1669787156.3502018,,Mouse,1694.5,1024.5,,,Fixation
1669787156.361398,,Eye Tracker,1691.0,1024.0,Valid,Valid,Fixation
1669787156.362272,,Mouse,1692.5,1027.0,,,Fixation
1669787156.378927,,Eye Tracker,1694.0,1030.0,Valid,Valid,Fixation
1669787156.395582,,Mouse,1694.0,1030.0,,,Fixation
1669787156.412236,,Mouse,1694.0,1030.0,,,Fixation
1669787156.428891,,Eye Tracker,1694.0,1030.0,Valid,Valid,Fixation
1669787156.441341,,Eye Tracker,1683.0,1025.0,Valid,Valid,Fixation
1669787156.445546,,Eye Tracker,1685.0,1022.0,Valid,Valid,Fixation
1669787156.4622009,,Mouse,1686.5,1022.0,,,Fixation
1669787156.478855,,Eye Tracker,1688.0,1022.0,Valid,Valid,Fixation
1669787156.4923909,,Eye Tracker,1692.0,1021.0,Valid,Valid,Fixation
1669787156.4955099,,Mouse,1692.5,1022.0,,,Fixation
1669787156.5121648,,Eye Tracker,1693.0,1023.0,Valid,Valid,Fixation
1669787156.5121698,,Eye Tracker,1694.0,1023.0,Valid,Valid,Fixation
1669787156.5288188,,Eye Tracker,1692.0,1023.0,Valid,Valid,Fixation
1669787156.532436,,Eye Tracker,1691.0,1022.0,Valid,Valid,Fixation
1669787156.545474,,Eye Tracker,1698.0,1019.0,Valid,Valid,Fixation
1669787156.5521998,,Eye Tracker,1692.0,1019.0,Valid,Valid,Fixation
1669787156.562129,,Eye Tracker,1689.0,1023.0,Valid,Valid,Fixation
1669787156.572188,,Eye Tracker,1693.0,1029.0,Valid,Valid,Fixation
1669787156.578783,,Eye Tracker,1694.0,1022.0,Valid,Valid,Fixation
1669787156.582193,,Eye Tracker,1688.0,1025.0,Valid,Valid,Fixation
1669787156.592316,,Mouse,1683.0,1026.0,,,Fixation
1669787156.595439,,Eye Tracker,1678.0,1027.0,Valid,Valid,Fixation
1669787156.612094,,Eye Tracker,1682.0,1028.0,Valid,Valid,Fixation
1669787156.612195,,Eye Tracker,1682.0,1027.0,Valid,Valid,Fixation
1669787156.628748,,Eye Tracker,1685.0,1026.0,Valid,Valid,Fixation
1669787156.632359,,Eye Tracker,1688.0,1029.0,Valid,Valid,Fixation
1669787156.645403,,Eye Tracker,1682.0,1028.0,Valid,Valid,Fixation
1669787156.652124,MouseEvent,,1682.0,1028.0,,,Fixation
1669787156.6620579,,Mouse,1682.0,1028.0,,,Fixation
1669787156.6621249,,Eye Tracker,1682.0,1028.0,Valid,Valid,Fixation
1669787156.672186,,Eye Tracker,1687.0,1028.0,Valid,Valid,Fixation
1669787156.678712,,Eye Tracker,1693.0,1028.0,Valid,Valid,Fixation
1669787156.6822178,,Eye Tracker,1688.0,1027.0,Valid,Valid,Fixation
1669787156.6953669,,Eye Tracker,1684.0,1030.0,Valid,Valid,Fixation
1669787156.7023559,,Eye Tracker,1685.0,1032.0,Valid,Valid,Fixation
1669787156.7120218,,Eye Tracker,1684.0,1030.0,Valid,Valid,Fixation
1669787156.722233,,Eye Tracker,1683.0,1029.0,Valid,Valid,Fixation
1669787156.728677,,Eye Tracker,1679.0,1028.0,Valid,Valid,Fixation
1669787156.742171,,Eye Tracker,1683.0,1024.0,Valid,Valid,Fixation
1669787156.745331,,Eye Tracker,1685.0,1027.0,Valid,Valid,Fixation
1669787156.7523289,,Eye Tracker,1684.0,1030.0,Valid,Valid,Fixation
1669787156.761986,,Eye Tracker,1681.0,1032.0,Valid,Valid,Fixation
1669787156.771185,,Eye Tracker,1677.0,1030.0,Valid,Valid,Fixation
1669787156.778641,,Eye Tracker,1673.0,1029.0,Valid,Valid,Fixation
1669787156.782114,,Eye Tracker,1668.0,1025.0,Valid,Valid,Fixation
1669787156.792129,,Eye Tracker,1680.0,1026.0,Valid,Valid,Fixation
1669787156.795295,,Eye Tracker,1687.0,1026.0,Valid,Valid,Fixation
1669787156.802137,,Eye Tracker,1681.0,1028.0,Valid,Valid,Fixation
1669787156.811951,,Eye Tracker,1683.0,1032.0,Valid,Valid,Fixation
1669787156.812422,,Eye Tracker,1683.0,1030.0,Valid,Valid,Fixation
1669787156.823163,,Eye Tracker,1680.0,1031.0,Valid,Valid,Fixation
1669787156.828606,,Eye Tracker,1674.0,1023.0,Valid,Valid,Fixation
1669787156.8332229,,Eye Tracker,1673.0,1023.0,Valid,Valid,Fixation
1669787156.843332,,Mouse,1676.0,1027.0,,,Fixation
1669787156.84526,,Eye Tracker,1679.0,1031.0,Valid,Valid,Fixation
1669787156.8619149,,Mouse,1675.0,1029.0,,,Fixation
1669787156.8785698,,Eye Tracker,1671.0,1027.0,Valid,Valid,Fixation
1669787156.8952239,,Mouse,1671.5,1027.0,,,Fixation
1669787156.9118788,MouseEvent,,1672.0,1027.0,,,Fixation
1669787156.913215,,Mouse,1672.5,1027.0,,,Fixation
1669787156.928534,,Eye Tracker,1673.0,1027.0,Valid,Valid,Fixation
1669787156.933179,,Mouse,1676.0,1026.5,,,Fixation
1669787156.945188,,Eye Tracker,1679.0,1026.0,Valid,Valid,Fixation
1669787156.9532158,,Mouse,1678.5,1026.0,,,Fixation
1669787156.961843,,Eye Tracker,1678.0,1026.0,Valid,Valid,Fixation
1669787156.973183,,Eye Tracker,1681.0,1028.0,Valid,Valid,Fixation
1669787156.978498,,Eye Tracker,1681.0,1027.0,Valid,Valid,Fixation
1669787156.994166,,Mouse,1680.0,1028.0,,,Fixation
1669787156.995153,,Eye Tracker,1679.0,1029.0,Valid,Valid,Fixation
1669787157.0041878,,Mouse,1679.6666666666667,1028.3333333333333,,,Fixation
1669787157.011807,,Mouse,1680.3333333333333,1027.6666666666667,,,Fixation
1669787157.0143368,,Eye Tracker,1681.0,1027.0,Valid,Valid,Fixation
1669787157.028463,,Mouse,1680.5,1028.5,,,Fixation
1669787157.033196,,Eye Tracker,1680.0,1030.0,Valid,Valid,Fixation
1669787157.04422,,Mouse,1680.0,1030.5,,,Fixation
1669787157.0451179,,Eye Tracker,1680.0,1031.0,Valid,Valid,Fixation
1669787157.0617719,,Eye Tracker,1679.0,1033.0,Valid,Valid,Fixation
1669787157.064126,,Mouse,1677.6666666666667,1033.6666666666667,,,Fixation
1669787157.0784268,,Mouse,1676.3333333333333,1034.3333333333333,,,Fixation
1669787157.084215,,Eye Tracker,1675.0,1035.0,Valid,Valid,Fixation
1669787157.095082,,Mouse,1676.5,1033.0,,,Fixation
1669787157.1117358,,Eye Tracker,1678.0,1031.0,Valid,Valid,Fixation
1669787157.113189,,Eye Tracker,1682.0,1030.0,Valid,Valid,Fixation
1669787157.128391,,Eye Tracker,1680.0,1026.0,Valid,Valid,Fixation
1669787157.145046,,Mouse,1679.5,1027.5,,,Fixation
1669787157.153581,,Eye Tracker,1679.0,1029.0,Valid,Valid,Fixation
1669787157.1617,,Mouse,1678.5,1030.0,,,Fixation
1669787157.174165,,Eye Tracker,1678.0,1031.0,Valid,Valid,Fixation
1669787157.178355,,Mouse,1677.5,1033.0,,,Fixation
1669787157.184391,,Eye Tracker,1677.0,1035.0,Valid,Valid,Fixation
1669787157.19501,,Eye Tracker,1678.0,1038.0,Valid,Valid,Fixation
1669787157.203121,,Eye Tracker,1679.0,1031.0,Valid,Valid,Fixation
1669787157.211664,,Mouse,1681.0,1031.5,,,Fixation
1669787157.2141979,,Eye Tracker,1683.0,1032.0,Valid,Valid,Fixation
1669787157.228319,,Eye Tracker,1687.0,1028.0,Valid,Valid,Fixation
1669787157.234189,,Eye Tracker,1684.0,1027.0,Valid,Valid,Fixation
1669787157.2449749,,Eye Tracker,1677.0,1032.0,Valid,Valid,Fixation
1669787157.2616298,,Eye Tracker,1677.0,1031.0,Valid,Valid,Fixation
1669787157.2642128,,Eye Tracker,1683.0,1026.0,Valid,Valid,Fixation
1669787157.2782838,,Eye Tracker,1684.0,1026.0,Valid,Valid,Fixation
1669787157.2831988,,Eye Tracker,1683.0,1024.0,Valid,Valid,Fixation
1669787157.294939,,Eye Tracker,1679.0,1023.0,Valid,Valid,Fixation
1669787157.304194,,Eye Tracker,1672.0,1021.0,Valid,Valid,Fixation
1669787157.311594,,Eye Tracker,1671.0,1020.0,Valid,Valid,Fixation
1669787157.3176389,,Eye Tracker,1674.0,1020.0,Valid,Valid,Fixation
1669787157.328248,,Eye Tracker,1678.0,1020.0,Valid,Valid,Fixation
1669787157.344903,MouseEvent,,1679.0,1020.6666666666666,,,Fixation
1669787157.361558,,Mouse,1680.0,1021.3333333333334,,,Fixation
1669787157.374197,,Eye Tracker,1681.0,1022.0,Valid,Valid,Fixation
1669787157.378212,,Eye Tracker,1679.0,1022.0,Valid,Valid,Fixation
1669787157.394867,,Eye Tracker,1681.0,1029.0,Valid,Valid,Fixation
1669787157.395298,,Eye Tracker,1685.0,1030.0,Valid,Valid,Fixation
1669787157.411522,,Eye Tracker,1685.0,1026.0,Valid,Valid,Fixation
1669787157.414196,,Eye Tracker,1683.0,1028.0,Valid,Valid,Fixation
1669787157.42519,,Eye Tracker,1683.0,1032.0,Valid,Valid,Fixation
1669787157.428176,,Eye Tracker,1688.0,1027.0,Valid,Valid,Fixation
1669787157.444831,MouseEvent,,1688.0,1026.3333333333333,,,Fixation
1669787157.445204,,Mouse,1688.0,1025.6666666666667,,,Fixation
1669787157.461487,,Eye Tracker,1688.0,1025.0,Valid,Valid,Fixation
1669787157.465214,,Eye Tracker,1689.0,1023.0,Valid,Valid,Fixation
1669787157.4781408,,Eye Tracker,1690.0,1030.0,Valid,Valid,Fixation
1669787157.4853508,,Eye Tracker,1689.0,1032.0,Valid,Valid,Fixation
1669787157.494796,,Eye Tracker,1683.0,1021.0,Valid,Valid,Fixation
1669787157.4953868,,Eye Tracker,1678.0,1025.0,Valid,Valid,Fixation
1669787157.506196,,Eye Tracker,1682.0,1026.0,Valid,Valid,Fixation
1669787157.511451,,Eye Tracker,1683.0,1023.0,Valid,Valid,Fixation
1669787157.516263,,Eye Tracker,1684.0,1028.0,Valid,Valid,Fixation
1669787157.528106,,Eye Tracker,1687.0,1028.0,Valid,Valid,Fixation
1669787157.54476,,Eye Tracker,1690.0,1023.0,Valid,Valid,Fixation
1669787157.561415,,Eye Tracker,1689.0,1025.0,Valid,Valid,Fixation
1669787157.57807,,Mouse,1686.0,1027.5,,,Fixation
1669787157.594724,,Eye Tracker,1683.0,1030.0,Valid,Valid,Fixation
1669787157.611379,,Eye Tracker,1681.0,1030.0,Valid,Valid,Fixation
1669787157.6162748,,Mouse,1678.5,1030.0,,,Fixation
1669787157.6280339,,Eye Tracker,1676.0,1030.0,Valid,Valid,Fixation
1669787157.644688,,Eye Tracker,1674.0,1032.0,Valid,Valid,Fixation
1669787157.6613429,,Eye Tracker,1674.0,1031.0,Valid,Valid,Fixation
1669787157.676332,,Eye Tracker,1672.0,1026.0,Valid,Valid,Fixation
1669787157.677999,,Eye Tracker,1677.0,1024.0,Valid,Valid,Fixation
1669787157.694653,,Eye Tracker,1680.0,1022.0,Valid,Valid,Fixation
1669787157.7062159,,Eye Tracker,1680.0,1021.0,Valid,Valid,Fixation
1669787157.711308,,Eye Tracker,1675.0,1023.0,Valid,Valid,Fixation
1669787157.7261949,,Eye Tracker,1671.0,1021.0,Valid,Valid,Fixation
1669787157.727963,,Mouse,1671.5,1022.5,,,Fixation
1669787157.744617,,Eye Tracker,1672.0,1024.0,Valid,Valid,Fixation
1669787157.746214,,Eye Tracker,1672.0,1033.0,Valid,Valid,Fixation
1669787157.761272,,Eye Tracker,1677.0,1030.0,Valid,Valid,Fixation
1669787157.7661529,,Eye Tracker,1681.0,1025.0,Valid,Valid,Fixation
1669787157.776233,,Mouse,1678.3333333333333,1024.6666666666667,,,Fixation
1669787157.777927,,Mouse,1675.6666666666667,1024.3333333333333,,,Fixation
1669787157.786332,,Eye Tracker,1673.0,1024.0,Valid,Valid,Fixation
1669787157.794582,,Eye Tracker,1660.0,1021.0,Valid,Valid,Fixation
1669787157.806373,,Eye Tracker,1667.0,1021.0,Valid,Valid,Fixation
1669787157.811236,,Mouse,1672.0,1024.5,,,Fixation
1669787157.826189,,Eye Tracker,1677.0,1028.0,Valid,Valid,Fixation
1669787157.8278909,,Mouse,1676.25,1027.25,,,Fixation
1669787157.8445458,MouseEvent,,1675.5,1026.5,,,Fixation
1669787157.847218,,Mouse,1674.75,1025.75,,,Fixation
1669787157.857256,,Eye Tracker,1674.0,1025.0,Valid,Valid,Fixation
1669787157.8611999,,Mouse,1674.5,1025.0,,,Fixation
1669787157.877281,,Eye Tracker,1675.0,1025.0,Valid,Valid,Fixation
1669787157.8778548,,Mouse,1672.0,1024.0,,,Fixation
1669787157.887306,,Eye Tracker,1669.0,1023.0,Valid,Valid,Fixation
1669787157.89451,,Eye Tracker,1666.0,1023.0,Valid,Valid,Fixation
1669787157.9071739,,Mouse,1667.0,1023.0,,,Fixation
1669787157.911165,,Eye Tracker,1668.0,1023.0,Valid,Valid,Fixation
1669787157.9173288,,Eye Tracker,1667.0,1019.0,Valid,Valid,Fixation
1669787157.92782,,Eye Tracker,1668.0,1021.0,Valid,Valid,Fixation
1669787157.937192,,Eye Tracker,1668.0,1018.0,Valid,Valid,Fixation
1669787157.944475,,Mouse,1666.5,1019.5,,,Fixation
1669787157.957203,,Eye Tracker,1665.0,1021.0,Valid,Valid,Fixation
1669787157.961129,,Mouse,1663.0,1020.5,,,Fixation
1669787157.977331,,Eye Tracker,1661.0,1020.0,Valid,Valid,Fixation
1669787157.977784,,Mouse,1663.0,1020.5,,,Fixation
1669787157.994439,,Eye Tracker,1665.0,1021.0,Valid,Valid,Fixation
1669787157.9972,,Mouse,1666.0,1023.5,,,Fixation
1669787158.007283,,Eye Tracker,1667.0,1026.0,Valid,Valid,Fixation
1669787158.011093,,Eye Tracker,1661.0,1024.0,Valid,Valid,Fixation
1669787158.018334,,Mouse,1661.5,1025.5,,,Fixation
1669787158.0277479,,Eye Tracker,1662.0,1027.0,Valid,Valid,Fixation
1669787158.038184,,Eye Tracker,1659.0,1023.0,Valid,Valid,Fixation
1669787158.0444028,,Eye Tracker,1659.0,1017.0,Valid,Valid,Fixation
1669787158.058173,,Eye Tracker,1664.0,1021.0,Valid,Valid,Fixation
1669787158.061058,,Eye Tracker,1666.0,1018.0,Valid,Valid,Fixation
1669787158.0777118,,Eye Tracker,1666.0,1014.0,Valid,Valid,Fixation
1669787158.094367,,Eye Tracker,1669.0,1026.0,Valid,Valid,Fixation
1669787158.111022,,Eye Tracker,1673.0,1036.0,Valid,Valid,Fixation
1669787158.127677,,Eye Tracker,1667.0,1033.0,Valid,Valid,Fixation
1669787158.144332,,Eye Tracker,1663.0,1031.0,Valid,Valid,Fixation
1669787158.148321,,Eye Tracker,1672.0,1034.0,Valid,Valid,Fixation
1669787158.160987,,Eye Tracker,1676.0,1029.0,Valid,Valid,Fixation
1669787158.168134,,Eye Tracker,1679.0,1032.0,Valid,Valid,Fixation
1669787158.177641,,Eye Tracker,1686.0,1032.0,Valid,Valid,Fixation
1669787158.194296,,Eye Tracker,1672.0,1033.0,Valid,Valid,Fixation
1669787158.2109509,,Eye Tracker,1663.0,1029.0,Valid,Valid,Fixation
1669787158.2276049,,Eye Tracker,1669.0,1020.0,Valid,Valid,Fixation
1669787158.2442598,,Eye Tracker,1675.0,1024.0,Valid,Valid,Fixation
1669787158.260915,,Eye Tracker,1674.0,1027.0,Valid,Valid,Fixation
1669787158.267168,,Eye Tracker,1668.0,1030.0,Valid,Valid,Fixation
1669787158.277569,,Eye Tracker,1677.0,1024.0,Valid,Valid,Fixation
1669787158.294224,MouseEvent,,1678.6666666666667,1023.6666666666666,,,Fixation
1669787158.298194,,Mouse,1680.3333333333333,1023.3333333333334,,,Fixation
1669787158.310879,,Eye Tracker,1682.0,1023.0,Valid,Valid,Fixation
1669787158.3183079,,Eye Tracker,1679.0,1035.0,Valid,Valid,Fixation
1669787158.327534,,Eye Tracker,1682.0,1032.0,Valid,Valid,Fixation
1669787158.344189,,Eye Tracker,1679.0,1029.0,Valid,Valid,Fixation
1669787158.360844,,Eye Tracker,1674.0,1031.0,Valid,Valid,Fixation
1669787158.3774989,,Eye Tracker,1677.0,1031.0,Valid,Valid,Fixation
1669787158.3941529,,Eye Tracker,1678.0,1030.0,Valid,Valid,Fixation
1669787158.399376,,Eye Tracker,1676.0,1029.0,Valid,Valid,Fixation
1669787158.4108078,,Eye Tracker,1678.0,1032.0,Valid,Valid,Fixation
1669787158.4191499,MouseEvent,,1677.6666666666667,1032.6666666666667,,,Fixation
1669787158.427463,,Mouse,1677.3333333333333,1033.3333333333333,,,Fixation
1669787158.438308,,Eye Tracker,1677.0,1034.0,Valid,Valid,Fixation
1669787158.4441168,,Eye Tracker,1675.0,1033.0,Valid,Valid,Fixation
1669787158.4593759,,Eye Tracker,1674.0,1034.0,Valid,Valid,Fixation
1669787158.460772,,Eye Tracker,1670.0,1030.0,Valid,Valid,Fixation
1669787158.477427,,Eye Tracker,1673.0,1031.0,Valid,Valid,Fixation
1669787158.494081,,Eye Tracker,1674.0,1034.0,Valid,Valid,Fixation
1669787158.510736,,Eye Tracker,1675.0,1031.0,Valid,Valid,Fixation
1669787158.527391,,Eye Tracker,1675.0,1029.0,Valid,Valid,Fixation
1669787158.544045,,Mouse,1672.0,1029.0,,,Fixation
1669787158.5501719,,Eye Tracker,1669.0,1029.0,Valid,Valid,Fixation
1669787158.560701,,Mouse,1669.0,1028.3333333333333,,,Fixation
1669787158.5773559,,Mouse,1669.0,1027.6666666666667,,,Fixation
1669787158.590272,,Eye Tracker,1669.0,1027.0,Valid,Valid,Fixation
1669787158.5940108,,Eye Tracker,1675.0,1027.0,Valid,Valid,Fixation
1669787158.6106648,,Mouse,1674.6666666666667,1026.6666666666667,,,Fixation
1669787158.62732,,Mouse,1674.3333333333333,1026.3333333333333,,,Fixation
1669787158.640128,,Eye Tracker,1674.0,1026.0,Valid,Valid,Fixation
1669787158.643975,,Mouse,1673.5,1027.0,,,Fixation
1669787158.660629,,Eye Tracker,1673.0,1028.0,Valid,Valid,Fixation
1669787158.670255,,Mouse,1674.5,1028.5,,,Fixation
1669787158.677284,,Eye Tracker,1676.0,1029.0,Valid,Valid,Fixation
1669787158.693939,,Eye Tracker,1672.0,1029.0,Valid,Valid,Fixation
1669787158.700222,,Mouse,1671.5,1028.0,,,Fixation
1669787158.710593,,Eye Tracker,1671.0,1027.0,Valid,Valid,Fixation
1669787158.727248,,Eye Tracker,1671.0,1025.0,Valid,Valid,Fixation
1669787158.743903,,Eye Tracker,1671.0,1028.0,Valid,Valid,Fixation
1669787158.750162,,Eye Tracker,1673.0,1024.0,Valid,Valid,Fixation
1669787158.760557,,Eye Tracker,1672.0,1026.0,Valid,Valid,Fixation
1669787158.7772129,,Eye Tracker,1671.0,1027.0,Valid,Valid,Fixation
1669787158.790179,,Eye Tracker,1666.0,1031.0,Valid,Valid,Fixation
1669787158.7938678,,Eye Tracker,1667.0,1032.0,Valid,Valid,Fixation
1669787158.8105218,,Eye Tracker,1669.0,1027.0,Valid,Valid,Fixation
1669787158.827177,,Eye Tracker,1664.0,1032.0,Valid,Valid,Fixation
1669787158.830401,,Eye Tracker,1669.0,1030.0,Valid,Valid,Fixation
1669787158.843832,,Eye Tracker,1674.0,1027.0,Valid,Valid,Fixation
1669787158.85016,,Eye Tracker,1667.0,1030.0,Valid,Valid,Fixation
1669787158.860487,,Eye Tracker,1658.0,1029.0,Valid,Valid,Fixation
1669787158.877141,,Eye Tracker,1663.0,1029.0,Valid,Valid,Fixation
1669787158.893796,,Eye Tracker,1670.0,1033.0,Valid,Valid,Fixation
1669787158.9012399,,Eye Tracker,1672.0,1030.0,Valid,Valid,Fixation
1669787158.910451,,Eye Tracker,1676.0,1021.0,Valid,Valid,Fixation
1669787158.927105,,Eye Tracker,1670.0,1028.0,Valid,Valid,Fixation
1669787158.941323,,Eye Tracker,1658.0,1027.0,Valid,Valid,Fixation
1669787158.94376,,Eye Tracker,1661.0,1022.0,Valid,Valid,Fixation
1669787158.960415,,Mouse,1669.5,1024.5,,,Fixation
1669787158.977069,,Eye Tracker,1678.0,1027.0,Valid,Valid,Fixation
1669787158.981174,,Mouse,1677.0,1029.5,,,Fixation
1669787158.9937248,,Eye Tracker,1676.0,1032.0,Valid,Valid,Fixation
1669787159.0012748,,Mouse,1667.5,1028.5,,,Fixation
1669787159.01038,,Eye Tracker,1659.0,1025.0,Valid,Valid,Fixation
1669787159.0211859,,Mouse,1661.5,1023.0,,,Fixation
1669787159.027034,,Eye Tracker,1664.0,1021.0,Valid,Valid,Fixation
1669787159.031188,,Mouse,1670.5,1024.5,,,Fixation
1669787159.042415,,Eye Tracker,1677.0,1028.0,Valid,Valid,Fixation
1669787159.043689,,Mouse,1674.6666666666667,1030.3333333333333,,,Fixation
1669787159.060344,,Mouse,1672.3333333333333,1032.6666666666667,,,Fixation
1669787159.062484,,Eye Tracker,1670.0,1035.0,Valid,Valid,Fixation
1669787159.076998,,Eye Tracker,1667.0,1032.0,Valid,Valid,Fixation
1669787159.082355,,Mouse,1665.5,1027.5,,,Fixation
1669787159.093653,,Eye Tracker,1664.0,1023.0,Valid,Valid,Fixation
1669787159.1022089,,Mouse,1661.0,1023.0,,,Fixation
1669787159.110308,,Eye Tracker,1658.0,1023.0,Valid,Valid,Fixation
1669787159.112238,,Eye Tracker,1658.0,1026.0,Valid,Valid,Fixation
1669787159.126963,,Eye Tracker,1652.0,1023.0,Valid,Valid,Fixation
1669787159.143617,,Eye Tracker,1652.0,1021.0,Valid,Valid,Fixation
1669787159.160272,,Eye Tracker,1660.0,1026.0,Valid,Valid,Fixation
1669787159.1769269,,Eye Tracker,1657.0,1027.0,Valid,Valid,Fixation
1669787159.1935809,,Eye Tracker,1653.0,1024.0,Valid,Valid,Fixation
1669787159.210237,,Eye Tracker,1657.0,1029.0,Valid,Valid,Fixation
1669787159.226892,,Eye Tracker,1669.0,1034.0,Valid,Valid,Fixation
1669787159.2423398,,Eye Tracker,1671.0,1033.0,Valid,Valid,Fixation
1669787159.243546,,Eye Tracker,1659.0,1028.0,Valid,Valid,Fixation
1669787159.260201,,Eye Tracker,1643.0,1030.0,Valid,Valid,Fixation
1669787159.272318,,Eye Tracker,1650.0,1033.0,Valid,Valid,Fixation
1669787159.276856,,Eye Tracker,1672.0,1027.0,Valid,Valid,Saccade
1669787159.29351,,Eye Tracker,1670.0,1033.0,Valid,Valid,Fixation
1669787159.310165,,Eye Tracker,1665.0,1034.0,Valid,Valid,Fixation
1669787159.312186,,Eye Tracker,1658.0,1032.0,Valid,Valid,Fixation
1669787159.32682,,Eye Tracker,1656.0,1040.0,Valid,Valid,Fixation
1669787159.331352,,Eye Tracker,1658.0,1034.0,Valid,Valid,Fixation
1669787159.342169,,Eye Tracker,1656.0,1030.0,Valid,Valid,Fixation
1669787159.343474,,Mouse,1657.0,1029.0,,,Fixation
1669787159.3601289,,Eye Tracker,1658.0,1028.0,Valid,Valid,Fixation
1669787159.362524,,Mouse,1659.3333333333333,1028.3333333333333,,,Fixation
1669787159.3767838,,Mouse,1660.6666666666667,1028.6666666666667,,,Fixation
1669787159.383153,,Eye Tracker,1662.0,1029.0,Valid,Valid,Fixation
1669787159.393439,,Eye Tracker,1662.0,1030.0,Valid,Valid,Fixation
1669787159.403194,,Mouse,1661.0,1029.0,,,Fixation
1669787159.4100928,,Eye Tracker,1660.0,1028.0,Valid,Valid,Fixation
1669787159.4232008,,Mouse,1662.0,1029.5,,,Fixation
1669787159.426748,,Eye Tracker,1664.0,1031.0,Valid,Valid,Fixation
1669787159.433208,,Mouse,1665.0,1030.5,,,Fixation
1669787159.443404,,Eye Tracker,1666.0,1030.0,Valid,Valid,Fixation
1669787159.453148,,Eye Tracker,1659.0,1027.0,Valid,Valid,Fixation
1669787159.460058,,Eye Tracker,1654.0,1027.0,Valid,Valid,Fixation
1669787159.473271,,Mouse,1653.5,1027.0,,,Fixation
1669787159.476713,,Eye Tracker,1653.0,1027.0,Valid,Valid,Fixation
1669787159.493368,,Eye Tracker,1651.0,1031.0,Valid,Valid,Fixation
1669787159.510022,,Eye Tracker,1654.0,1027.0,Valid,Valid,Fixation
1669787159.526677,,Eye Tracker,1655.0,1026.0,Valid,Valid,Fixation
1669787159.5433319,,Eye Tracker,1654.0,1032.0,Valid,Valid,Fixation
1669787159.5599859,,Eye Tracker,1656.0,1032.0,Valid,Valid,Fixation
1669787159.574245,,Eye Tracker,1658.0,1032.0,Valid,Valid,Fixation
1669787159.5766408,,Eye Tracker,1654.0,1031.0,Valid,Valid,Fixation
1669787159.593296,,Eye Tracker,1655.0,1030.0,Valid,Valid,Fixation
1669787159.6099498,,Eye Tracker,1656.0,1031.0,Valid,Valid,Fixation
1669787159.624132,,Eye Tracker,1655.0,1030.0,Valid,Valid,Fixation
1669787159.626605,,Eye Tracker,1653.0,1032.0,Valid,Valid,Fixation
1669787159.64326,,Eye Tracker,1653.0,1032.0,Valid,Valid,Fixation
1669787159.659916,,Eye Tracker,1656.0,1032.0,Valid,Valid,Fixation
1669787159.67657,,Eye Tracker,1656.0,1040.0,Valid,Valid,Fixation
1669787159.693225,,Eye Tracker,1659.0,1039.0,Valid,Valid,Fixation
1669787159.7098799,,Eye Tracker,1661.0,1039.0,Valid,Valid,Fixation
1669787159.713192,,Eye Tracker,1659.0,1040.0,Valid,Valid,Fixation
1669787159.72419,,Eye Tracker,1650.0,1043.0,Valid,Valid,Fixation
1669787159.726534,,Eye Tracker,1650.0,1043.0,Valid,Valid,Fixation
1669787159.734228,,Eye Tracker,1654.0,1041.0,Valid,Valid,Fixation
1669787159.7431889,,Eye Tracker,1654.0,1045.0,Valid,Valid,Fixation
1669787159.754207,,Eye Tracker,1650.0,1041.0,Valid,Valid,Fixation
1669787159.7598438,,Eye Tracker,1650.0,1040.0,Valid,Valid,Fixation
1669787159.764495,,Eye Tracker,1658.0,1037.0,Valid,Valid,Fixation
1669787159.7764978,,Eye Tracker,1660.0,1039.0,Valid,Valid,Fixation
1669787159.784183,,Eye Tracker,1659.0,1040.0,Valid,Valid,Fixation
1669787159.793153,,Eye Tracker,1660.0,1042.0,Valid,Valid,Fixation
1669787159.794443,,Eye Tracker,1660.0,1041.0,Valid,Valid,Fixation
1669787159.809808,,Eye Tracker,1656.0,1043.0,Valid,Valid,Fixation
1669787159.814152,,Eye Tracker,1654.0,1050.0,Valid,Valid,Fixation
1669787159.824209,,Eye Tracker,1659.0,1049.0,Valid,Valid,Fixation
1669787159.826462,,Mouse,1660.0,1047.0,,,Fixation
1669787159.8343549,,Eye Tracker,1661.0,1045.0,Valid,Valid,Fixation
1669787159.843117,,Eye Tracker,1661.0,1044.0,Valid,Valid,Fixation
1669787159.8541908,,Eye Tracker,1662.0,1048.0,Valid,Valid,Fixation
1669787159.859772,,Eye Tracker,1658.0,1050.0,Valid,Valid,Fixation
1669787159.864277,,Eye Tracker,1662.0,1050.0,Valid,Valid,Fixation
1669787159.876427,,Eye Tracker,1668.0,1052.0,Valid,Valid,Fixation
1669787159.884162,,Eye Tracker,1670.0,1058.0,Valid,Valid,Fixation
1669787159.893082,,Eye Tracker,1670.0,1051.0,Valid,Valid,Fixation
1669787159.895432,,Mouse,1669.0,1045.5,,,Fixation
1669787159.905544,,Eye Tracker,1668.0,1040.0,Valid,Valid,Fixation
1669787159.9097369,,Eye Tracker,1664.0,1042.0,Valid,Valid,Fixation
1669787159.9263918,,Mouse,1659.5,1041.5,,,Fixation
1669787159.9353209,,Eye Tracker,1655.0,1041.0,Valid,Valid,Fixation
1669787159.9430459,,Eye Tracker,1659.0,1042.0,Valid,Valid,Fixation
1669787159.955132,,Mouse,1664.5,1045.0,,,Fixation
1669787159.9597008,,Eye Tracker,1670.0,1048.0,Valid,Valid,Fixation
1669787159.9654238,,Mouse,1666.0,1049.0,,,Fixation
1669787159.976356,,Eye Tracker,1662.0,1050.0,Valid,Valid,Fixation
1669787159.985139,,Eye Tracker,1652.0,1044.0,Valid,Valid,Fixation
1669787159.99301,,Mouse,1653.5,1044.0,,,Fixation
1669787159.995445,MouseEvent,,1655.0,1044.0,,,Fixation
1669787160.009665,,Mouse,1656.5,1044.0,,,Fixation
1669787160.0142078,,Eye Tracker,1658.0,1044.0,Valid,Valid,Fixation
1669787160.0252578,,Mouse,1662.0,1045.5,,,Fixation
1669787160.02632,,Eye Tracker,1666.0,1047.0,Valid,Valid,Fixation
1669787160.035276,,Eye Tracker,1664.0,1044.0,Valid,Valid,Fixation
1669787160.042974,,Mouse,1664.0,1044.3333333333333,,,Fixation
1669787160.055305,,Mouse,1664.0,1044.6666666666667,,,Fixation
1669787160.059629,,Eye Tracker,1664.0,1045.0,Valid,Valid,Fixation
1669787160.066119,,Mouse,1661.0,1045.0,,,Fixation
1669787160.076153,,Eye Tracker,1658.0,1045.0,Valid,Valid,Fixation
1669787160.076284,,Mouse,1653.5,1044.5,,,Fixation
1669787160.0861928,,Eye Tracker,1649.0,1044.0,Valid,Valid,Fixation
1669787160.092939,,Eye Tracker,1655.0,1045.0,Valid,Valid,Fixation
1669787160.096415,,Mouse,1657.0,1042.5,,,Fixation
1669787160.1095939,,Eye Tracker,1659.0,1040.0,Valid,Valid,Fixation
1669787160.116199,,Mouse,1659.0,1040.0,,,Fixation
1669787160.1262488,,Eye Tracker,1659.0,1040.0,Valid,Valid,Fixation
1669787160.1266708,,Mouse,1658.0,1041.5,,,Fixation
1669787160.1429029,,Eye Tracker,1657.0,1043.0,Valid,Valid,Fixation
1669787160.146127,,Mouse,1657.0,1044.0,,,Fixation
1669787160.1563408,,Eye Tracker,1657.0,1045.0,Valid,Valid,Fixation
1669787160.159558,,Eye Tracker,1655.0,1045.0,Valid,Valid,Fixation
1669787160.166452,,Mouse,1654.0,1046.5,,,Fixation
1669787160.176213,,Eye Tracker,1653.0,1048.0,Valid,Valid,Fixation
1669787160.1855218,,Mouse,1649.5,1050.0,,,Fixation
1669787160.192868,,Eye Tracker,1646.0,1052.0,Valid,Valid,Fixation
1669787160.196194,,Eye Tracker,1644.0,1049.0,Valid,Valid,Fixation
1669787160.209522,,Mouse,1648.0,1049.5,,,Fixation
1669787160.216174,,Eye Tracker,1652.0,1050.0,Valid,Valid,Fixation
1669787160.226177,,Mouse,1652.0,1049.0,,,Fixation
1669787160.2361999,,Eye Tracker,1652.0,1048.0,Valid,Valid,Fixation
1669787160.242832,,Eye Tracker,1651.0,1044.0,Valid,Valid,Fixation
1669787160.256142,,Mouse,1651.0,1046.0,,,Fixation
1669787160.259486,,Eye Tracker,1651.0,1048.0,Valid,Valid,Fixation
1669787160.26624,,Mouse,1652.5,1046.0,,,Fixation
1669787160.276141,,Eye Tracker,1654.0,1044.0,Valid,Valid,Fixation
1669787160.286175,,Eye Tracker,1654.0,1042.0,Valid,Valid,Fixation
1669787160.292796,,Mouse,1652.5,1043.0,,,Fixation
1669787160.2961888,,Eye Tracker,1651.0,1044.0,Valid,Valid,Fixation
1669787160.3094509,,Mouse,1652.0,1044.5,,,Fixation
1669787160.316323,,Eye Tracker,1653.0,1045.0,Valid,Valid,Fixation
1669787160.3261058,,Mouse,1652.5,1043.5,,,Fixation
1669787160.3361769,,Eye Tracker,1652.0,1042.0,Valid,Valid,Fixation
1669787160.342761,,Eye Tracker,1650.0,1036.0,Valid,Valid,Fixation
1669787160.3461978,,Mouse,1653.0,1039.5,,,Fixation
1669787160.359415,,Eye Tracker,1656.0,1043.0,Valid,Valid,Fixation
1669787160.3662,,Mouse,1656.5,1042.5,,,Fixation
1669787160.37607,,Eye Tracker,1657.0,1042.0,Valid,Valid,Fixation
1669787160.3762078,,Mouse,1654.0,1039.5,,,Fixation
1669787160.3862128,,Eye Tracker,1651.0,1037.0,Valid,Valid,Fixation
1669787160.392725,,Mouse,1652.0,1038.5,,,Fixation
1669787160.407106,,Eye Tracker,1653.0,1040.0,Valid,Valid,Fixation
1669787160.409379,,Eye Tracker,1651.0,1035.0,Valid,Valid,Fixation
1669787160.417157,,Mouse,1649.5,1036.5,,,Fixation
1669787160.426034,,Eye Tracker,1648.0,1038.0,Valid,Valid,Fixation
1669787160.4271579,,Mouse,1646.5,1040.0,,,Fixation
1669787160.442689,,Eye Tracker,1645.0,1042.0,Valid,Valid,Fixation
1669787160.447326,,Mouse,1644.5,1043.0,,,Fixation
1669787160.459344,,Eye Tracker,1644.0,1044.0,Valid,Valid,Fixation
1669787160.46719,,Mouse,1648.5,1045.0,,,Fixation
1669787160.475998,,Eye Tracker,1653.0,1046.0,Valid,Valid,Fixation
1669787160.477208,,Mouse,1652.5,1046.5,,,Fixation
1669787160.492653,,Eye Tracker,1652.0,1047.0,Valid,Valid,Fixation
1669787160.497182,,Eye Tracker,1643.0,1042.0,Valid,Valid,Fixation
1669787160.5071878,,Mouse,1645.0,1041.0,,,Fixation
1669787160.5093079,,Eye Tracker,1647.0,1040.0,Valid,Valid,Fixation
1669787160.517431,,Eye Tracker,1648.0,1045.0,Valid,Valid,Fixation
1669787160.5259628,,Eye Tracker,1647.0,1045.0,Valid,Valid,Fixation
1669787160.537134,,Eye Tracker,1653.0,1048.0,Valid,Valid,Fixation
1669787160.542618,,Eye Tracker,1650.0,1039.0,Valid,Valid,Fixation
1669787160.547157,,Eye Tracker,1650.0,1036.0,Valid,Valid,Fixation
1669787160.557513,,Eye Tracker,1649.0,1034.0,Valid,Valid,Fixation
1669787160.559273,,Eye Tracker,1647.0,1037.0,Valid,Valid,Fixation
1669787160.575927,,Eye Tracker,1654.0,1038.0,Valid,Valid,Fixation
1669787160.578189,,Eye Tracker,1655.0,1035.0,Valid,Valid,Fixation
1669787160.5884578,,Eye Tracker,1650.0,1037.0,Valid,Valid,Fixation
1669787160.592582,,Eye Tracker,1649.0,1041.0,Valid,Valid,Fixation
1669787160.608115,MouseEvent,,1649.6666666666667,1040.0,,,Fixation
1669787160.609237,,Mouse,1650.3333333333333,1039.0,,,Fixation
1669787160.618124,,Eye Tracker,1651.0,1038.0,Valid,Valid,Fixation
1669787160.625891,,Eye Tracker,1648.0,1038.0,Valid,Valid,Fixation
1669787160.628263,,Eye Tracker,1648.0,1047.0,Valid,Valid,Fixation
1669787160.642546,,Eye Tracker,1653.0,1045.0,Valid,Valid,Fixation
1669787160.648198,,Eye Tracker,1659.0,1043.0,Valid,Valid,Fixation
1669787160.658285,,Eye Tracker,1657.0,1047.0,Valid,Valid,Fixation
1669787160.659201,,Eye Tracker,1651.0,1044.0,Valid,Valid,Fixation
1669787160.675855,,Eye Tracker,1654.0,1045.0,Valid,Valid,Fixation
1669787160.678197,,Eye Tracker,1657.0,1046.0,Valid,Valid,Fixation
1669787160.6883059,,Mouse,1654.5,1043.5,,,Fixation
1669787160.69251,,Eye Tracker,1652.0,1041.0,Valid,Valid,Fixation
1669787160.70821,,Eye Tracker,1648.0,1043.0,Valid,Valid,Fixation
1669787160.7091649,,Eye Tracker,1658.0,1042.0,Valid,Valid,Fixation
1669787160.7258198,,Eye Tracker,1659.0,1042.0,Valid,Valid,Fixation
1669787160.728149,,Eye Tracker,1650.0,1041.0,Valid,Valid,Fixation
1669787160.7424738,,Eye Tracker,1645.0,1036.0,Valid,Valid,Fixation
1669787160.748103,,Eye Tracker,1639.0,1039.0,Valid,Valid,Fixation
1669787160.75913,,Eye Tracker,1640.0,1044.0,Valid,Valid,Fixation
1669787160.768187,,Eye Tracker,1637.0,1039.0,Valid,Valid,Fixation
1669787160.775785,,Eye Tracker,1636.0,1036.0,Valid,Valid,Fixation
1669787160.778316,,Eye Tracker,1639.0,1044.0,Valid,Valid,Fixation
1669787160.792439,,Eye Tracker,1638.0,1051.0,Valid,Valid,Fixation
1669787160.798177,,Eye Tracker,1637.0,1045.0,Valid,Valid,Fixation
1669787160.808186,,Eye Tracker,1634.0,1039.0,Valid,Valid,Fixation
1669787160.809094,,Mouse,1636.0,1039.0,,,Fixation
1669787160.818244,,Eye Tracker,1638.0,1039.0,Valid,Valid,Fixation
1669787160.825749,,Mouse,1640.0,1041.0,,,Fixation
1669787160.8380969,,Eye Tracker,1642.0,1043.0,Valid,Valid,Fixation
1669787160.842403,,Eye Tracker,1641.0,1044.0,Valid,Valid,Fixation
1669787160.858296,,Mouse,1640.6666666666667,1042.3333333333333,,,Fixation
1669787160.859058,,Mouse,1640.3333333333333,1040.6666666666667,,,Fixation
1669787160.8757129,,Eye Tracker,1640.0,1039.0,Valid,Valid,Fixation
1669787160.888386,,Eye Tracker,1643.0,1044.0,Valid,Valid,Fixation
1669787160.892367,,Mouse,1643.5,1044.5,,,Fixation
1669787160.898427,,Eye Tracker,1644.0,1045.0,Valid,Valid,Fixation
1669787160.9090219,,Mouse,1642.5,1042.0,,,Fixation
1669787160.91918,,Eye Tracker,1641.0,1039.0,Valid,Valid,Fixation
1669787160.9256768,,Mouse,1641.0,1038.5,,,Fixation
1669787160.929425,,Eye Tracker,1641.0,1038.0,Valid,Valid,Fixation
1669787160.9423308,,Eye Tracker,1639.0,1037.0,Valid,Valid,Fixation
1669787160.958986,,Mouse,1639.5,1039.0,,,Fixation
1669787160.9692008,,Eye Tracker,1640.0,1041.0,Valid,Valid,Fixation
1669787160.975642,,Mouse,1639.5,1041.5,,,Fixation
1669787160.989414,,Eye Tracker,1639.0,1042.0,Valid,Valid,Fixation
1669787160.992297,,Mouse,1636.0,1041.0,,,Fixation
1669787161.008951,,Eye Tracker,1633.0,1040.0,Valid,Valid,Fixation
1669787161.009166,,Mouse,1634.0,1042.0,,,Fixation
1669787161.019451,,Eye Tracker,1635.0,1044.0,Valid,Valid,Fixation
1669787161.025606,,Mouse,1635.5,1045.0,,,Fixation
1669787161.038405,,Eye Tracker,1636.0,1046.0,Valid,Valid,Fixation
1669787161.042261,,Mouse,1639.0,1045.5,,,Fixation
1669787161.049198,,Eye Tracker,1642.0,1045.0,Valid,Valid,Fixation
1669787161.058915,,Mouse,1649.0,1044.5,,,Fixation
1669787161.0755699,,Eye Tracker,1656.0,1044.0,Valid,Valid,Fixation
1669787161.0922248,,Eye Tracker,1653.0,1047.0,Valid,Valid,Fixation
1669787161.1088789,,Eye Tracker,1656.0,1049.0,Valid,Valid,Fixation
1669787161.120411,,Eye Tracker,1659.0,1045.0,Valid,Valid,Fixation
1669787161.125534,,Eye Tracker,1656.0,1044.0,Valid,Valid,Fixation
1669787161.140202,,Eye Tracker,1656.0,1041.0,Valid,Valid,Fixation
1669787161.142189,,Eye Tracker,1660.0,1039.0,Valid,Valid,Fixation
1669787161.158843,,Eye Tracker,1657.0,1043.0,Valid,Valid,Fixation
1669787161.175498,,Eye Tracker,1660.0,1047.0,Valid,Valid,Fixation
1669787161.180203,,Eye Tracker,1664.0,1047.0,Valid,Valid,Fixation
1669787161.192154,,Eye Tracker,1660.0,1045.0,Valid,Valid,Fixation
1669787161.208808,MouseEvent,,1660.0,1046.0,,,Fixation
1669787161.209475,,Mouse,1660.0,1047.0,,,Fixation
1669787161.225463,,Eye Tracker,1660.0,1048.0,Valid,Valid,Fixation
1669787161.242118,,Eye Tracker,1664.0,1042.0,Valid,Valid,Fixation
1669787161.2587729,,Eye Tracker,1661.0,1042.0,Valid,Valid,Fixation
1669787161.2601268,,Eye Tracker,1657.0,1042.0,Valid,Valid,Fixation
1669787161.2754269,,Eye Tracker,1649.0,1039.0,Valid,Valid,Fixation
1669787161.280272,,Eye Tracker,1646.0,1037.0,Valid,Valid,Fixation
1669787161.2920818,,Eye Tracker,1649.0,1040.0,Valid,Valid,Fixation
1669787161.300391,,Eye Tracker,1648.0,1042.0,Valid,Valid,Fixation
1669787161.308737,,Eye Tracker,1651.0,1038.0,Valid,Valid,Fixation
1669787161.320318,,Eye Tracker,1652.0,1039.0,Valid,Valid,Fixation
1669787161.325391,,Mouse,1653.5,1040.0,,,Fixation
1669787161.340191,,Eye Tracker,1655.0,1041.0,Valid,Valid,Fixation
1669787161.342046,,Mouse,1655.5,1040.5,,,Fixation
1669787161.358701,,Eye Tracker,1656.0,1040.0,Valid,Valid,Fixation
1669787161.370157,,Mouse,1654.0,1039.5,,,Fixation
1669787161.375355,,Eye Tracker,1652.0,1039.0,Valid,Valid,Fixation
1669787161.39201,,Mouse,1650.0,1038.5,,,Fixation
1669787161.408666,,Eye Tracker,1648.0,1038.0,Valid,Valid,Fixation
1669787161.42532,,Eye Tracker,1650.0,1043.0,Valid,Valid,Fixation
1669787161.4419749,,Mouse,1653.0,1043.5,,,Fixation
1669787161.4586298,,Eye Tracker,1656.0,1044.0,Valid,Valid,Fixation
1669787161.4711928,,Mouse,1658.5,1040.5,,,Fixation
1669787161.4752839,,Eye Tracker,1661.0,1037.0,Valid,Valid,Fixation
1669787161.4812598,,Eye Tracker,1659.0,1038.0,Valid,Valid,Fixation
1669787161.4919388,,Mouse,1657.5,1040.0,,,Fixation
1669787161.501456,,Eye Tracker,1656.0,1042.0,Valid,Valid,Fixation
1669787161.508594,,Mouse,1655.5,1042.0,,,Fixation
1669787161.521179,,Eye Tracker,1655.0,1042.0,Valid,Valid,Fixation
1669787161.525249,,Mouse,1655.0,1040.5,,,Fixation
1669787161.53118,,Eye Tracker,1655.0,1039.0,Valid,Valid,Fixation
1669787161.541903,,Mouse,1655.0,1039.3333333333333,,,Fixation
1669787161.558558,,Mouse,1655.0,1039.6666666666667,,,Fixation
1669787161.561203,,Eye Tracker,1655.0,1040.0,Valid,Valid,Fixation
1669787161.575213,,Eye Tracker,1659.0,1041.0,Valid,Valid,Fixation
1669787161.591867,,Eye Tracker,1662.0,1041.0,Valid,Valid,Fixation
1669787161.6021569,,Eye Tracker,1662.0,1038.0,Valid,Valid,Fixation
1669787161.608522,,Eye Tracker,1661.0,1033.0,Valid,Valid,Fixation
1669787161.6251779,,Mouse,1655.0,1029.5,,,Fixation
1669787161.6418319,,Eye Tracker,1649.0,1026.0,Valid,Valid,Fixation
1669787161.6584868,,Eye Tracker,1655.0,1025.0,Valid,Valid,Fixation
1669787161.675142,,Eye Tracker,1665.0,1028.0,Valid,Valid,Fixation
1669787161.6917958,,Mouse,1664.5,1026.0,,,Fixation
1669787161.708451,,Eye Tracker,1664.0,1024.0,Valid,Valid,Fixation
1669787161.725106,,Mouse,1669.0,1026.5,,,Fixation
1669787161.74176,,Eye Tracker,1674.0,1029.0,Valid,Valid,Fixation
1669787161.758415,,Eye Tracker,1673.0,1031.0,Valid,Valid,Fixation
1669787161.77507,,Mouse,1667.0,1025.0,,,Fixation
1669787161.791725,,Eye Tracker,1661.0,1019.0,Valid,Valid,Fixation
1669787161.808379,,Mouse,1661.6666666666667,1018.6666666666666,,,Fixation
1669787161.822342,,Mouse,1662.3333333333333,1018.3333333333334,,,Fixation
1669787161.825034,,Eye Tracker,1663.0,1018.0,Valid,Valid,Fixation
1669787161.8416898,,Eye Tracker,1670.0,1024.0,Valid,Valid,Fixation
1669787161.8583438,,Mouse,1671.0,1024.3333333333333,,,Fixation
1669787161.874999,,Mouse,1672.0,1024.6666666666667,,,Fixation
1669787161.891654,,Eye Tracker,1673.0,1025.0,Valid,Valid,Fixation
1669787161.908308,,Mouse,1670.5,1022.0,,,Fixation
1669787161.924963,,Eye Tracker,1668.0,1019.0,Valid,Valid,Fixation
1669787161.941618,,Mouse,1666.0,1018.0,,,Fixation
1669787161.958273,,Eye Tracker,1664.0,1017.0,Valid,Valid,Fixation
1669787161.974928,,Mouse,1667.0,1014.0,,,Fixation
1669787161.9915829,,Eye Tracker,1670.0,1011.0,Valid,Valid,Fixation
1669787162.008237,,Eye Tracker,1668.0,1013.0,Valid,Valid,Fixation
1669787162.0248919,,Eye Tracker,1663.0,1015.0,Valid,Valid,Fixation
1669787162.0415468,,Eye Tracker,1664.0,1014.0,Valid,Valid,Fixation
1669787162.058202,,Eye Tracker,1660.0,1019.0,Valid,Valid,Fixation
1669787162.074856,,Eye Tracker,1660.0,1011.0,Valid,Valid,Fixation
1669787162.091512,,Mouse,1659.5,1010.0,,,Fixation
1669787162.108167,,Eye Tracker,1659.0,1009.0,Valid,Valid,Fixation
1669787162.124821,,Eye Tracker,1660.0,1014.0,Valid,Valid,Fixation
1669787162.141476,,Mouse,1660.0,1014.5,,,Fixation
1669787162.158131,,Eye Tracker,1660.0,1015.0,Valid,Valid,Fixation
1669787162.174785,,Eye Tracker,1661.0,1014.0,Valid,Valid,Fixation
1669787162.1914399,,Eye Tracker,1662.0,1011.0,Valid,Valid,Fixation
1669787162.20415,,Eye Tracker,1655.0,1007.0,Valid,Valid,Fixation
1669787162.2080948,,Eye Tracker,1659.0,1008.0,Valid,Valid,Fixation
1669787162.2247488,,Eye Tracker,1658.0,1010.0,Valid,Valid,Fixation
1669787162.241404,,Eye Tracker,1650.0,1001.0,Valid,Valid,Fixation
1669787162.2441669,,Eye Tracker,1650.0,999.0,Valid,Valid,Fixation
1669787162.254178,,Eye Tracker,1649.0,1003.0,Valid,Valid,Fixation
1669787162.258059,,Mouse,1651.0,1004.0,,,Fixation
1669787162.264186,,Eye Tracker,1653.0,1005.0,Valid,Valid,Fixation
1669787162.274713,,Eye Tracker,1651.0,1010.0,Valid,Valid,Fixation
1669787162.291369,,Mouse,1649.6666666666667,1009.0,,,Fixation
1669787162.294189,,Mouse,1648.3333333333333,1008.0,,,Fixation
1669787162.308024,,Eye Tracker,1647.0,1007.0,Valid,Valid,Fixation
1669787162.324679,,Eye Tracker,1654.0,1005.0,Valid,Valid,Fixation
1669787162.334153,,Mouse,1653.3333333333333,1005.3333333333334,,,Fixation
1669787162.341333,,Mouse,1652.6666666666667,1005.6666666666666,,,Fixation
1669787162.3443,,Eye Tracker,1652.0,1006.0,Valid,Valid,Fixation
1669787162.3579879,,Mouse,1654.0,1006.5,,,Fixation
1669787162.364141,,Eye Tracker,1656.0,1007.0,Valid,Valid,Fixation
1669787162.3746428,,Mouse,1657.0,1008.0,,,Fixation
1669787162.3912969,,Eye Tracker,1658.0,1009.0,Valid,Valid,Fixation
1669787162.4032009,,Mouse,1656.0,1010.0,,,Fixation
1669787162.4079518,,Eye Tracker,1654.0,1011.0,Valid,Valid,Fixation
1669787162.424607,,Mouse,1655.0,1011.5,,,Fixation
1669787162.441261,,Eye Tracker,1656.0,1012.0,Valid,Valid,Fixation
1669787162.457916,,Mouse,1648.0,1008.5,,,Fixation
1669787162.474571,,Eye Tracker,1640.0,1005.0,Valid,Valid,Fixation
1669787162.491225,,Mouse,1623.0,1003.0,,,Fixation
1669787162.495177,,Eye Tracker,1606.0,1001.0,Valid,Valid,Fixation
1669787162.505195,,Mouse,1618.5,999.0,,,Fixation
1669787162.507881,,Eye Tracker,1631.0,997.0,Valid,Valid,Fixation
1669787162.524536,,Eye Tracker,1645.0,1004.0,Valid,Valid,Fixation
1669787162.525172,,Mouse,1645.5,1006.5,,,Fixation
1669787162.535395,,Eye Tracker,1646.0,1009.0,Valid,Valid,Fixation
1669787162.54119,,Mouse,1646.5,1007.5,,,Fixation
1669787162.555181,,Eye Tracker,1647.0,1006.0,Valid,Valid,Fixation
1669787162.5578449,,Eye Tracker,1636.0,1013.0,Valid,Valid,Fixation
1669787162.56543,,Mouse,1635.5,1015.0,,,Fixation
1669787162.5744998,,Eye Tracker,1635.0,1017.0,Valid,Valid,Fixation
1669787162.591155,,Eye Tracker,1639.0,1013.0,Valid,Valid,Fixation
1669787162.60519,,Mouse,1637.0,1013.3333333333334,,,Fixation
1669787162.6078088,,Mouse,1635.0,1013.6666666666666,,,Fixation
1669787162.624464,,Eye Tracker,1633.0,1014.0,Valid,Valid,Fixation
1669787162.641119,,Mouse,1633.0,1014.5,,,Fixation
1669787162.657773,,Eye Tracker,1633.0,1015.0,Valid,Valid,Fixation
1669787162.674428,,Eye Tracker,1635.0,1015.0,Valid,Valid,Fixation
1669787162.691083,,Mouse,1631.3333333333333,1016.6666666666666,,,Fixation
1669787162.707737,,Mouse,1627.6666666666667,1018.3333333333334,,,Fixation
1669787162.724393,,Eye Tracker,1624.0,1020.0,Valid,Valid,Fixation
1669787162.7410479,,Mouse,1619.5,1019.0,,,Fixation
1669787162.7577019,,Eye Tracker,1615.0,1018.0,Valid,Valid,Fixation
1669787162.7743568,,Eye Tracker,1613.0,1015.0,Valid,Valid,Fixation
1669787162.791013,,Mouse,1612.3333333333333,1015.6666666666666,,,Fixation
1669787162.807667,,Mouse,1611.6666666666667,1016.3333333333334,,,Fixation
1669787162.824322,,Eye Tracker,1611.0,1017.0,Valid,Valid,Fixation
1669787162.840977,,Mouse,1610.5,1017.0,,,Fixation
1669787162.857632,,Eye Tracker,1610.0,1017.0,Valid,Valid,Fixation
1669787162.874286,,Mouse,1609.25,1017.0,,,Fixation
1669787162.890941,MouseEvent,,1608.5,1017.0,,,Fixation
1669787162.906313,,Mouse,1607.75,1017.0,,,Fixation
1669787162.9075959,,Eye Tracker,1607.0,1017.0,Valid,Valid,Fixation
1669787162.92425,,Mouse,1607.0,1017.0,,,Fixation
1669787162.936326,,Eye Tracker,1607.0,1017.0,Valid,Valid,Fixation
1669787162.940906,,Mouse,1604.0,1018.5,,,Fixation
1669787162.957561,,Eye Tracker,1601.0,1020.0,Valid,Valid,Fixation
1669787162.9670908,,Eye Tracker,1600.0,1014.0,Valid,Valid,Fixation
1669787162.974215,,Mouse,1599.5,1014.5,,,Fixation
1669787162.9771109,,Eye Tracker,1599.0,1015.0,Valid,Valid,Fixation
1669787162.987156,,Mouse,1601.5,1016.0,,,Fixation
1669787162.99087,,Eye Tracker,1604.0,1017.0,Valid,Valid,Fixation
1669787162.997228,,Mouse,1602.5,1015.5,,,Fixation
1669787163.007525,,Eye Tracker,1601.0,1014.0,Valid,Valid,Fixation
1669787163.017329,,Mouse,1599.0,1016.5,,,Fixation
1669787163.024179,,Eye Tracker,1597.0,1019.0,Valid,Valid,Fixation
1669787163.037181,,Mouse,1596.5,1021.0,,,Fixation
1669787163.040834,,Eye Tracker,1596.0,1023.0,Valid,Valid,Fixation
1669787163.0571558,,Mouse,1592.5,1019.5,,,Fixation
1669787163.057489,,Eye Tracker,1589.0,1016.0,Valid,Valid,Fixation
1669787163.067242,,Mouse,1585.5,1016.0,,,Fixation
1669787163.074143,,Eye Tracker,1582.0,1016.0,Valid,Valid,Fixation
1669787163.087314,,Mouse,1584.5,1020.5,,,Fixation
1669787163.090798,,Eye Tracker,1587.0,1025.0,Valid,Valid,Fixation
1669787163.1071749,,Mouse,1586.5,1025.0,,,Fixation
1669787163.1074529,,Eye Tracker,1586.0,1025.0,Valid,Valid,Fixation
1669787163.1241078,,Mouse,1585.5,1025.5,,,Fixation
1669787163.127234,,Eye Tracker,1585.0,1026.0,Valid,Valid,Fixation
1669787163.138175,,Mouse,1583.5,1026.0,,,Fixation
1669787163.1407619,,Eye Tracker,1582.0,1026.0,Valid,Valid,Fixation
1669787163.157418,,Mouse,1580.0,1023.5,,,Fixation
1669787163.158283,,Eye Tracker,1578.0,1021.0,Valid,Valid,Fixation
1669787163.174073,,Eye Tracker,1580.0,1017.0,Valid,Valid,Fixation
1669787163.178181,,Eye Tracker,1584.0,1017.0,Valid,Valid,Fixation
1669787163.190727,,Mouse,1583.5,1019.5,,,Fixation
1669787163.207382,,Eye Tracker,1583.0,1022.0,Valid,Valid,Fixation
1669787163.224037,,Mouse,1582.5,1023.5,,,Fixation
1669787163.2283158,,Eye Tracker,1582.0,1025.0,Valid,Valid,Fixation
1669787163.240691,,Eye Tracker,1579.0,1028.0,Valid,Valid,Fixation
1669787163.257346,,Eye Tracker,1574.0,1023.0,Valid,Valid,Fixation
1669787163.258211,,Eye Tracker,1570.0,1015.0,Valid,Valid,Fixation
1669787163.274001,,Eye Tracker,1575.0,1030.0,Valid,Valid,Fixation
1669787163.278137,,Eye Tracker,1577.0,1048.0,Valid,Valid,Fixation
1669787163.290655,,Eye Tracker,1568.0,1051.0,Valid,Valid,Fixation
1669787163.297555,,Eye Tracker,1565.0,1050.0,Valid,Valid,Fixation
1669787163.3073099,,Eye Tracker,1568.0,1047.0,Valid,Valid,Fixation
1669787163.308151,,Eye Tracker,1568.0,1048.0,Valid,Valid,Fixation
1669787163.318151,,Eye Tracker,1574.0,1040.0,Valid,Valid,Fixation
1669787163.3239648,MouseEvent,,1575.0,1039.6666666666667,,,Fixation
1669787163.3283079,,Mouse,1576.0,1039.3333333333333,,,Fixation
1669787163.3406188,,Eye Tracker,1577.0,1039.0,Valid,Valid,Fixation
1669787163.348147,,Mouse,1573.5,1040.5,,,Fixation
1669787163.357275,,Eye Tracker,1570.0,1042.0,Valid,Valid,Fixation
1669787163.358465,,Eye Tracker,1569.0,1042.0,Valid,Valid,Fixation
1669787163.37393,,Eye Tracker,1571.0,1044.0,Valid,Valid,Fixation
1669787163.378178,,Eye Tracker,1570.0,1039.0,Valid,Valid,Fixation
1669787163.388195,,Eye Tracker,1571.0,1046.0,Valid,Valid,Fixation
1669787163.390585,,Eye Tracker,1570.0,1049.0,Valid,Valid,Fixation
1669787163.407239,,Eye Tracker,1568.0,1051.0,Valid,Valid,Fixation
1669787163.408149,,Eye Tracker,1568.0,1050.0,Valid,Valid,Fixation
1669787163.423894,,Eye Tracker,1574.0,1048.0,Valid,Valid,Fixation
1669787163.4283118,,Eye Tracker,1573.0,1049.0,Valid,Valid,Fixation
1669787163.440549,,Eye Tracker,1567.0,1044.0,Valid,Valid,Fixation
1669787163.457203,,Mouse,1567.5,1044.0,,,Fixation
1669787163.4582388,,Eye Tracker,1568.0,1044.0,Valid,Valid,Fixation
1669787163.4738579,,Mouse,1568.0,1044.0,,,Fixation
1669787163.4905128,,Eye Tracker,1568.0,1044.0,Valid,Valid,Fixation
1669787163.499471,,Mouse,1569.5,1045.5,,,Fixation
1669787163.5071669,,Eye Tracker,1571.0,1047.0,Valid,Valid,Fixation
1669787163.5238218,,Mouse,1567.5,1044.5,,,Fixation
1669787163.529306,,Eye Tracker,1564.0,1042.0,Valid,Valid,Fixation
1669787163.540477,,Mouse,1564.5,1039.0,,,Fixation
1669787163.557131,,Eye Tracker,1565.0,1036.0,Valid,Valid,Fixation
1669787163.559171,,Mouse,1568.0,1042.5,,,Fixation
1669787163.573787,,Eye Tracker,1571.0,1049.0,Valid,Valid,Fixation
1669787163.579171,,Mouse,1571.5,1048.0,,,Fixation
1669787163.590442,,Eye Tracker,1572.0,1047.0,Valid,Valid,Fixation
1669787163.607096,,Mouse,1571.6666666666667,1046.6666666666667,,,Fixation
1669787163.609185,,Mouse,1571.3333333333333,1046.3333333333333,,,Fixation
1669787163.619482,,Eye Tracker,1571.0,1046.0,Valid,Valid,Fixation
1669787163.6237519,,Eye Tracker,1563.0,1047.0,Valid,Valid,Fixation
1669787163.6404068,,Mouse,1563.3333333333333,1047.3333333333333,,,Fixation
1669787163.6404269,,Mouse,1563.6666666666667,1047.6666666666667,,,Fixation
1669787163.657062,,Eye Tracker,1564.0,1048.0,Valid,Valid,Fixation
1669787163.660435,,Eye Tracker,1565.0,1048.0,Valid,Valid,Fixation
1669787163.6737158,,Mouse,1568.0,1045.0,,,Fixation
1669787163.680193,,Eye Tracker,1571.0,1042.0,Valid,Valid,Fixation
1669787163.690311,,Mouse,1572.5,1044.5,,,Fixation
1669787163.690371,,Eye Tracker,1574.0,1047.0,Valid,Valid,Fixation
1669787163.707026,,Mouse,1572.0,1047.0,,,Fixation
1669787163.710181,,Mouse,1570.0,1047.0,,,Fixation
1669787163.720337,,Eye Tracker,1568.0,1047.0,Valid,Valid,Fixation
1669787163.72368,,Eye Tracker,1567.0,1043.0,Valid,Valid,Fixation
1669787163.74019,,Mouse,1567.6666666666667,1044.0,,,Fixation
1669787163.740335,,Mouse,1568.3333333333333,1045.0,,,Fixation
1669787163.75029,,Eye Tracker,1569.0,1046.0,Valid,Valid,Fixation
1669787163.75699,,Mouse,1569.0,1048.0,,,Fixation
1669787163.7701359,,Eye Tracker,1569.0,1050.0,Valid,Valid,Fixation
1669787163.773644,,Mouse,1574.0,1050.0,,,Fixation
1669787163.790264,,Eye Tracker,1579.0,1050.0,Valid,Valid,Fixation
1669787163.790299,,Mouse,1580.6666666666667,1048.0,,,Fixation
1669787163.806954,,Mouse,1582.3333333333333,1046.0,,,Fixation
1669787163.81016,,Eye Tracker,1584.0,1044.0,Valid,Valid,Fixation
1669787163.820178,,Mouse,1583.0,1043.0,,,Fixation
1669787163.8236089,,Eye Tracker,1582.0,1042.0,Valid,Valid,Fixation
1669787163.8402638,,Mouse,1582.5,1045.0,,,Fixation
1669787163.856919,,Eye Tracker,1583.0,1048.0,Valid,Valid,Fixation
1669787163.8735728,,Mouse,1583.5,1050.5,,,Fixation
1669787163.890228,,Eye Tracker,1584.0,1053.0,Valid,Valid,Fixation
1669787163.906883,,Mouse,1583.5,1051.5,,,Fixation
1669787163.910136,,Eye Tracker,1583.0,1050.0,Valid,Valid,Fixation
1669787163.9201639,,Mouse,1584.5,1047.0,,,Fixation
1669787163.923538,,Eye Tracker,1586.0,1044.0,Valid,Valid,Fixation
1669787163.940192,,Mouse,1587.0,1045.0,,,Fixation
1669787163.950866,,Eye Tracker,1588.0,1046.0,Valid,Valid,Fixation
1669787163.956847,,Mouse,1586.5,1043.0,,,Fixation
1669787163.973502,,Eye Tracker,1585.0,1040.0,Valid,Valid,Fixation
1669787163.990156,,Eye Tracker,1583.0,1036.0,Valid,Valid,Fixation
1669787164.00127,,Eye Tracker,1582.0,1038.0,Valid,Valid,Fixation
1669787164.0068119,,Eye Tracker,1584.0,1036.0,Valid,Valid,Fixation
1669787164.0234668,,Eye Tracker,1589.0,1039.0,Valid,Valid,Fixation
1669787164.0401208,,Eye Tracker,1588.0,1039.0,Valid,Valid,Fixation
1669787164.056776,,Mouse,1585.0,1038.5,,,Fixation
1669787164.071184,,Eye Tracker,1582.0,1038.0,Valid,Valid,Fixation
1669787164.073431,,Eye Tracker,1581.0,1039.0,Valid,Valid,Fixation
1669787164.090085,,Mouse,1582.3333333333333,1039.0,,,Fixation
1669787164.0913439,,Mouse,1583.6666666666667,1039.0,,,Fixation
1669787164.10674,,Eye Tracker,1585.0,1039.0,Valid,Valid,Fixation
1669787164.11115,,Mouse,1591.5,1038.0,,,Fixation
1669787164.121296,,Eye Tracker,1598.0,1037.0,Valid,Valid,Fixation
1669787164.123395,,Mouse,1602.0,1034.0,,,Fixation
1669787164.140049,,Eye Tracker,1606.0,1031.0,Valid,Valid,Fixation
1669787164.152184,,Mouse,1607.0,1031.0,,,Fixation
1669787164.156704,,Eye Tracker,1608.0,1031.0,Valid,Valid,Fixation
1669787164.173359,,Mouse,1608.5,1030.0,,,Fixation
1669787164.190014,,Eye Tracker,1609.0,1029.0,Valid,Valid,Fixation
1669787164.202211,,Mouse,1604.3333333333333,1027.0,,,Fixation
1669787164.2066689,,Mouse,1599.6666666666667,1025.0,,,Fixation
1669787164.222198,,Eye Tracker,1595.0,1023.0,Valid,Valid,Fixation
1669787164.2233238,,Mouse,1595.0,1027.6666666666667,,,Fixation
1669787164.239979,,Mouse,1595.0,1032.3333333333333,,,Fixation
1669787164.242167,,Eye Tracker,1595.0,1037.0,Valid,Valid,Fixation
1669787164.256633,,Eye Tracker,1608.0,1041.0,Valid,Valid,Fixation
1669787164.263207,,Mouse,1604.5,1038.0,,,Fixation
1669787164.273288,,Eye Tracker,1601.0,1035.0,Valid,Valid,Fixation
1669787164.289943,,Mouse,1597.5,1035.0,,,Fixation
1669787164.292446,,Eye Tracker,1594.0,1035.0,Valid,Valid,Fixation
1669787164.306597,,Eye Tracker,1601.0,1038.0,Valid,Valid,Fixation
1669787164.312384,,Mouse,1600.5,1035.5,,,Fixation
1669787164.323252,,Eye Tracker,1600.0,1033.0,Valid,Valid,Fixation
1669787164.332141,,Eye Tracker,1606.0,1032.0,Valid,Valid,Fixation
1669787164.339907,,Mouse,1608.5,1032.5,,,Fixation
1669787164.352401,,Eye Tracker,1611.0,1033.0,Valid,Valid,Fixation
1669787164.356561,,Mouse,1613.0,1035.0,,,Fixation
1669787164.363185,,Eye Tracker,1615.0,1037.0,Valid,Valid,Fixation
1669787164.373216,,Eye Tracker,1615.0,1036.0,Valid,Valid,Fixation
1669787164.382115,,Eye Tracker,1610.0,1035.0,Valid,Valid,Fixation
1669787164.389871,,Eye Tracker,1613.0,1039.0,Valid,Valid,Fixation
1669787164.392118,,Eye Tracker,1610.0,1037.0,Valid,Valid,Fixation
1669787164.4022028,,Eye Tracker,1607.0,1035.0,Valid,Valid,Fixation
1669787164.406525,,Mouse,1606.5,1032.5,,,Fixation
1669787164.422175,,Eye Tracker,1606.0,1030.0,Valid,Valid,Fixation
1669787164.423181,,Eye Tracker,1604.0,1029.0,Valid,Valid,Fixation
1669787164.4322329,,Eye Tracker,1606.0,1031.0,Valid,Valid,Fixation
1669787164.439836,,Eye Tracker,1606.0,1031.0,Valid,Valid,Fixation
1669787164.452193,,Mouse,1604.0,1029.5,,,Fixation
1669787164.456491,,Eye Tracker,1602.0,1028.0,Valid,Valid,Fixation
1669787164.462194,,Eye Tracker,1607.0,1024.0,Valid,Valid,Fixation
1669787164.473146,,Eye Tracker,1612.0,1029.0,Valid,Valid,Fixation
1669787164.482359,,Eye Tracker,1613.0,1030.0,Valid,Valid,Fixation
1669787164.489801,,Mouse,1613.5,1031.5,,,Fixation
1669787164.494279,,Eye Tracker,1614.0,1033.0,Valid,Valid,Fixation
1669787164.506456,,Eye Tracker,1610.0,1035.0,Valid,Valid,Fixation
1669787164.52311,,Mouse,1613.0,1037.5,,,Fixation
1669787164.539765,,Eye Tracker,1616.0,1040.0,Valid,Valid,Fixation
1669787164.5564198,,Eye Tracker,1618.0,1042.0,Valid,Valid,Fixation
1669787164.5730739,,Eye Tracker,1608.0,1031.0,Valid,Valid,Fixation
1669787164.5897288,,Mouse,1607.5,1030.0,,,Fixation
1669787164.606384,,Eye Tracker,1607.0,1029.0,Valid,Valid,Fixation
1669787164.623038,,Eye Tracker,1610.0,1030.0,Valid,Valid,Fixation
1669787164.639693,,Eye Tracker,1612.0,1032.0,Valid,Valid,Fixation
1669787164.656348,,Eye Tracker,1603.0,1035.0,Valid,Valid,Fixation
1669787164.673002,,Mouse,1602.5,1034.0,,,Fixation
1669787164.689658,,Eye Tracker,1602.0,1033.0,Valid,Valid,Fixation
1669787164.706313,,Mouse,1605.3333333333333,1033.6666666666667,,,Fixation
1669787164.7229679,,Mouse,1608.6666666666667,1034.3333333333333,,,Fixation
1669787164.7396219,,Eye Tracker,1612.0,1035.0,Valid,Valid,Fixation
1669787164.7562768,,Mouse,1610.0,1032.5,,,Fixation
1669787164.772932,,Eye Tracker,1608.0,1030.0,Valid,Valid,Fixation
1669787164.7895858,,Eye Tracker,1605.0,1030.0,Valid,Valid,Fixation
1669787164.806241,,Mouse,1606.0,1031.3333333333333,,,Fixation
1669787164.8143399,,Mouse,1607.0,1032.6666666666667,,,Fixation
1669787164.822896,,Eye Tracker,1608.0,1034.0,Valid,Valid,Fixation
1669787164.839551,,Mouse,1606.0,1033.0,,,Fixation
1669787164.844218,,Eye Tracker,1604.0,1032.0,Valid,Valid,Fixation
1669787164.856206,,Mouse,1606.0,1031.0,,,Fixation
1669787164.864189,,Eye Tracker,1608.0,1030.0,Valid,Valid,Fixation
1669787164.872861,,Mouse,1609.0,1029.0,,,Fixation
1669787164.875145,,Eye Tracker,1610.0,1028.0,Valid,Valid,Fixation
1669787164.889515,,Eye Tracker,1613.0,1030.0,Valid,Valid,Fixation
1669787164.90617,,Mouse,1614.5,1029.5,,,Fixation
1669787164.9228249,,Eye Tracker,1616.0,1029.0,Valid,Valid,Fixation
1669787164.924207,,Mouse,1613.0,1030.0,,,Fixation
1669787164.9394789,,Eye Tracker,1610.0,1031.0,Valid,Valid,Fixation
1669787164.9561338,,Eye Tracker,1607.0,1034.0,Valid,Valid,Fixation
1669787164.972789,,Mouse,1607.0,1033.0,,,Fixation
1669787164.9743788,,Eye Tracker,1607.0,1032.0,Valid,Valid,Fixation
1669787164.989444,,Mouse,1605.5,1031.5,,,Fixation
1669787165.006098,,Eye Tracker,1604.0,1031.0,Valid,Valid,Fixation
1669787165.015171,,Eye Tracker,1609.0,1032.0,Valid,Valid,Fixation
1669787165.022753,,Eye Tracker,1609.0,1030.0,Valid,Valid,Fixation
1669787165.039408,,Mouse,1606.5,1030.0,,,Fixation
1669787165.056063,,Eye Tracker,1604.0,1030.0,Valid,Valid,Fixation
1669787165.072718,,Eye Tracker,1610.0,1034.0,Valid,Valid,Fixation
1669787165.075156,,Mouse,1610.6666666666667,1032.3333333333333,,,Fixation
1669787165.086073,,Mouse,1611.3333333333333,1030.6666666666667,,,Fixation
1669787165.0893729,,Eye Tracker,1612.0,1029.0,Valid,Valid,Fixation
1669787165.106027,,Mouse,1613.5,1028.0,,,Fixation
1669787165.1153228,,Eye Tracker,1615.0,1027.0,Valid,Valid,Fixation
1669787165.1226819,,Mouse,1613.0,1026.5,,,Fixation
1669787165.1393368,,Eye Tracker,1611.0,1026.0,Valid,Valid,Fixation
1669787165.1559908,,Mouse,1609.0,1026.0,,,Fixation
1669787165.172646,,Eye Tracker,1607.0,1026.0,Valid,Valid,Fixation
1669787165.189301,,Mouse,1608.5,1026.5,,,Fixation
1669787165.205955,,Eye Tracker,1610.0,1027.0,Valid,Valid,Fixation
1669787165.217428,,Eye Tracker,1605.0,1028.0,Valid,Valid,Fixation
1669787165.22261,,Eye Tracker,1609.0,1028.0,Valid,Valid,Fixation
1669787165.239265,,Eye Tracker,1608.0,1028.0,Valid,Valid,Fixation
1669787165.2464569,,Eye Tracker,1606.0,1029.0,Valid,Valid,Fixation
1669787165.25592,,Eye Tracker,1611.0,1024.0,Valid,Valid,Fixation
1669787165.272575,,Eye Tracker,1613.0,1024.0,Valid,Valid,Fixation
1669787165.2892299,,Eye Tracker,1610.0,1023.0,Valid,Valid,Fixation
1669787165.3058848,,Mouse,1607.0,1025.0,,,Fixation
1669787165.3225389,,Eye Tracker,1604.0,1027.0,Valid,Valid,Fixation
1669787165.3261828,,Mouse,1606.3333333333333,1028.0,,,Fixation
1669787165.3391938,,Mouse,1608.6666666666667,1029.0,,,Fixation
1669787165.35585,,Eye Tracker,1611.0,1030.0,Valid,Valid,Fixation
1669787165.372504,,Mouse,1613.5,1026.0,,,Fixation
1669787165.389159,,Eye Tracker,1616.0,1022.0,Valid,Valid,Fixation
1669787165.405814,,Mouse,1614.5,1023.5,,,Fixation
1669787165.416262,,Eye Tracker,1613.0,1025.0,Valid,Valid,Fixation
1669787165.422468,,Mouse,1614.0,1027.0,,,Fixation
1669787165.439123,,Mouse,1615.0,1029.0,,,Fixation
1669787165.455778,,Eye Tracker,1616.0,1031.0,Valid,Valid,Fixation
1669787165.4724329,,Eye Tracker,1613.0,1021.0,Valid,Valid,Fixation
1669787165.4890878,,Eye Tracker,1610.0,1023.0,Valid,Valid,Fixation
1669787165.505743,,Eye Tracker,1614.0,1023.0,Valid,Valid,Fixation
1669787165.5062668,,Eye Tracker,1616.0,1021.0,Valid,Valid,Fixation
1669787165.522398,,Eye Tracker,1613.0,1030.0,Valid,Valid,Fixation
1669787165.539052,,Mouse,1610.5,1031.0,,,Fixation
1669787165.555707,,Eye Tracker,1608.0,1032.0,Valid,Valid,Fixation
1669787165.572362,,Eye Tracker,1603.0,1033.0,Valid,Valid,Fixation
1669787165.587425,,Mouse,1603.6666666666667,1032.3333333333333,,,Fixation
1669787165.589016,,Mouse,1604.3333333333333,1031.6666666666667,,,Fixation
1669787165.598139,,Eye Tracker,1605.0,1031.0,Valid,Valid,Fixation
1669787165.605671,,Eye Tracker,1612.0,1028.0,Valid,Valid,Fixation
1669787165.61719,,Mouse,1610.5,1027.0,,,Fixation
1669787165.622326,,Eye Tracker,1609.0,1026.0,Valid,Valid,Fixation
1669787165.627475,,Eye Tracker,1608.0,1028.0,Valid,Valid,Fixation
1669787165.638253,,Eye Tracker,1608.0,1030.0,Valid,Valid,Fixation
1669787165.63898,,Mouse,1609.5,1028.5,,,Fixation
1669787165.6556349,,Eye Tracker,1611.0,1027.0,Valid,Valid,Fixation
1669787165.657166,,Mouse,1613.0,1027.5,,,Fixation
1669787165.6672158,,Eye Tracker,1615.0,1028.0,Valid,Valid,Fixation
1669787165.6722898,,Mouse,1611.0,1029.5,,,Fixation
1669787165.677314,,Eye Tracker,1607.0,1031.0,Valid,Valid,Fixation
1669787165.688168,,Mouse,1606.0,1029.0,,,Fixation
1669787165.688945,,Eye Tracker,1605.0,1027.0,Valid,Valid,Fixation
1669787165.7056,,Mouse,1605.5,1030.0,,,Fixation
1669787165.708328,,Eye Tracker,1606.0,1033.0,Valid,Valid,Fixation
1669787165.722255,,Eye Tracker,1608.0,1035.0,Valid,Valid,Fixation
1669787165.729179,,Eye Tracker,1608.0,1028.0,Valid,Valid,Fixation
1669787165.738909,,Eye Tracker,1612.0,1026.0,Valid,Valid,Fixation
1669787165.748098,,Eye Tracker,1614.0,1026.0,Valid,Valid,Fixation
1669787165.755564,,Eye Tracker,1614.0,1029.0,Valid,Valid,Fixation
1669787165.758169,,Eye Tracker,1620.0,1024.0,Valid,Valid,Fixation
1669787165.769322,MouseEvent,,1618.3333333333333,1023.3333333333334,,,Fixation
1669787165.772219,,Mouse,1616.6666666666667,1022.6666666666666,,,Fixation
1669787165.7881649,,Eye Tracker,1615.0,1022.0,Valid,Valid,Fixation
1669787165.788874,,Eye Tracker,1609.0,1026.0,Valid,Valid,Fixation
1669787165.798367,,Eye Tracker,1611.0,1029.0,Valid,Valid,Fixation
1669787165.805528,,Eye Tracker,1608.0,1027.0,Valid,Valid,Fixation
1669787165.809121,,Mouse,1608.5,1025.5,,,Fixation
1669787165.822183,,Eye Tracker,1609.0,1024.0,Valid,Valid,Fixation
1669787165.828186,,Mouse,1608.5,1026.5,,,Fixation
1669787165.838256,,Eye Tracker,1608.0,1029.0,Valid,Valid,Fixation
1669787165.8388379,,Mouse,1607.75,1029.25,,,Fixation
1669787165.8554919,MouseEvent,,1607.5,1029.5,,,Fixation
1669787165.858131,,Mouse,1607.25,1029.75,,,Fixation
1669787165.868228,,Eye Tracker,1607.0,1030.0,Valid,Valid,Fixation
1669787165.8721468,,Mouse,1606.6666666666667,1030.3333333333333,,,Fixation
1669787165.888177,,Mouse,1606.3333333333333,1030.6666666666667,,,Fixation
1669787165.888802,,Eye Tracker,1606.0,1031.0,Valid,Valid,Fixation
1669787165.899108,,Mouse,1604.0,1031.0,,,Fixation
1669787165.905457,,Eye Tracker,1602.0,1031.0,Valid,Valid,Fixation
1669787165.918174,,Mouse,1604.0,1030.0,,,Fixation
1669787165.922112,,Eye Tracker,1606.0,1029.0,Valid,Valid,Fixation
1669787165.928254,,Mouse,1605.5,1028.0,,,Fixation
1669787165.938767,,Eye Tracker,1605.0,1027.0,Valid,Valid,Fixation
1669787165.939286,,Mouse,1606.5,1026.0,,,Fixation
1669787165.955421,,Eye Tracker,1608.0,1025.0,Valid,Valid,Fixation
1669787165.958142,,Eye Tracker,1616.0,1024.0,Valid,Valid,Fixation
1669787165.9684289,,Mouse,1615.5,1026.5,,,Fixation
1669787165.972076,,Eye Tracker,1615.0,1029.0,Valid,Valid,Fixation
1669787165.9791598,,Eye Tracker,1608.0,1028.0,Valid,Valid,Fixation
1669787165.988731,,Eye Tracker,1603.0,1022.0,Valid,Valid,Fixation
1669787165.9984689,,Mouse,1605.0,1022.5,,,Fixation
1669787166.005385,,Eye Tracker,1607.0,1023.0,Valid,Valid,Fixation
1669787166.018174,,Eye Tracker,1608.0,1026.0,Valid,Valid,Fixation
1669787166.02204,,Eye Tracker,1608.0,1028.0,Valid,Valid,Fixation
1669787166.029417,,Eye Tracker,1607.0,1031.0,Valid,Valid,Fixation
1669787166.0386949,,Mouse,1608.0,1030.3333333333333,,,Fixation
1669787166.049341,,Mouse,1609.0,1029.6666666666667,,,Fixation
1669787166.0553498,,Eye Tracker,1610.0,1029.0,Valid,Valid,Fixation
1669787166.0701768,,Eye Tracker,1610.0,1025.0,Valid,Valid,Fixation
1669787166.0720038,,Mouse,1605.0,1028.0,,,Fixation
1669787166.088659,,Eye Tracker,1600.0,1031.0,Valid,Valid,Fixation
1669787166.089174,,Eye Tracker,1596.0,1029.0,Valid,Valid,Fixation
1669787166.099207,,Eye Tracker,1605.0,1023.0,Valid,Valid,Fixation
1669787166.105315,,Mouse,1609.5,1026.5,,,Fixation
1669787166.110069,,Eye Tracker,1614.0,1030.0,Valid,Valid,Fixation
1669787166.121969,,Eye Tracker,1606.0,1026.0,Valid,Valid,Fixation
1669787166.1293678,,Eye Tracker,1599.0,1033.0,Valid,Valid,Fixation
1669787166.138625,,Eye Tracker,1601.0,1032.0,Valid,Valid,Fixation
1669787166.150135,,Eye Tracker,1602.0,1027.0,Valid,Valid,Fixation
1669787166.1552799,,Eye Tracker,1605.0,1031.0,Valid,Valid,Fixation
1669787166.169249,,Eye Tracker,1614.0,1029.0,Valid,Valid,Fixation
1669787166.171934,,Eye Tracker,1608.0,1031.0,Valid,Valid,Fixation
1669787166.1885889,,Eye Tracker,1601.0,1030.0,Valid,Valid,Fixation
1669787166.190229,,Eye Tracker,1601.0,1031.0,Valid,Valid,Fixation
1669787166.200242,,Eye Tracker,1597.0,1026.0,Valid,Valid,Fixation
1669787166.2052438,,Eye Tracker,1599.0,1024.0,Valid,Valid,Fixation
1669787166.2218978,,Eye Tracker,1600.0,1023.0,Valid,Valid,Fixation
1669787166.238553,,Eye Tracker,1597.0,1024.0,Valid,Valid,Fixation
1669787166.241163,,Eye Tracker,1597.0,1023.0,Valid,Valid,Fixation
1669787166.255208,,Eye Tracker,1595.0,1023.0,Valid,Valid,Fixation
1669787166.271862,,Eye Tracker,1594.0,1030.0,Valid,Valid,Fixation
1669787166.288517,MouseEvent,,1596.3333333333333,1029.6666666666667,,,Fixation
1669787166.300308,,Mouse,1598.6666666666667,1029.3333333333333,,,Fixation
1669787166.305172,,Eye Tracker,1601.0,1029.0,Valid,Valid,Fixation
1669787166.321828,,Eye Tracker,1603.0,1024.0,Valid,Valid,Fixation
1669787166.338482,,Eye Tracker,1597.0,1028.0,Valid,Valid,Fixation
1669787166.34088,,Eye Tracker,1596.0,1032.0,Valid,Valid,Fixation
1669787166.3551369,,Eye Tracker,1595.0,1028.0,Valid,Valid,Fixation
1669787166.361145,,Eye Tracker,1596.0,1024.0,Valid,Valid,Fixation
1669787166.3717918,,Eye Tracker,1599.0,1024.0,Valid,Valid,Fixation
1669787166.380231,,Eye Tracker,1601.0,1026.0,Valid,Valid,Fixation
1669787166.3884459,,Eye Tracker,1598.0,1027.0,Valid,Valid,Fixation
1669787166.390267,MouseEvent,,1598.0,1026.3333333333333,,,Fixation
1669787166.4051008,,Mouse,1598.0,1025.6666666666667,,,Fixation
1669787166.41111,,Eye Tracker,1598.0,1025.0,Valid,Valid,Fixation
1669787166.421756,,Eye Tracker,1595.0,1024.0,Valid,Valid,Fixation
1669787166.4302819,,Eye Tracker,1598.0,1025.0,Valid,Valid,Fixation
1669787166.43841,,Eye Tracker,1602.0,1025.0,Valid,Valid,Fixation
1669787166.451289,,Eye Tracker,1597.0,1031.0,Valid,Valid,Fixation
1669787166.455065,,Eye Tracker,1600.0,1029.0,Valid,Valid,Fixation
1669787166.470099,,Eye Tracker,1601.0,1028.0,Valid,Valid,Fixation
1669787166.47172,,Eye Tracker,1600.0,1028.0,Valid,Valid,Fixation
1669787166.480166,,Eye Tracker,1593.0,1029.0,Valid,Valid,Fixation
1669787166.488374,,Eye Tracker,1588.0,1030.0,Valid,Valid,Fixation
1669787166.4911919,,Eye Tracker,1598.0,1032.0,Valid,Valid,Fixation
1669787166.505029,,Eye Tracker,1602.0,1030.0,Valid,Valid,Fixation
1669787166.5100858,,Eye Tracker,1598.0,1029.0,Valid,Valid,Fixation
1669787166.5201778,,Eye Tracker,1598.0,1029.0,Valid,Valid,Fixation
1669787166.521684,,Eye Tracker,1595.0,1024.0,Valid,Valid,Fixation
1669787166.531168,,Mouse,1595.0,1023.3333333333334,,,Fixation
1669787166.538339,,Mouse,1595.0,1022.6666666666666,,,Fixation
1669787166.5511858,,Eye Tracker,1595.0,1022.0,Valid,Valid,Fixation
1669787166.5549939,,Mouse,1595.5,1025.0,,,Fixation
1669787166.5711598,,Eye Tracker,1596.0,1028.0,Valid,Valid,Fixation
1669787166.5716488,,Eye Tracker,1589.0,1029.0,Valid,Valid,Fixation
1669787166.582165,,Mouse,1591.0,1027.5,,,Fixation
1669787166.588304,,Eye Tracker,1593.0,1026.0,Valid,Valid,Fixation
1669787166.601276,,Eye Tracker,1600.0,1026.0,Valid,Valid,Fixation
1669787166.604958,,Eye Tracker,1603.0,1025.0,Valid,Valid,Fixation
1669787166.621613,,Eye Tracker,1603.0,1029.0,Valid,Valid,Fixation
1669787166.631254,,Eye Tracker,1604.0,1028.0,Valid,Valid,Fixation
1669787166.638268,,Eye Tracker,1602.0,1028.0,Valid,Valid,Fixation
1669787166.654922,,Mouse,1601.5,1029.0,,,Fixation
1669787166.671577,,Eye Tracker,1601.0,1030.0,Valid,Valid,Fixation
1669787166.688232,,Eye Tracker,1598.0,1028.0,Valid,Valid,Fixation
1669787166.704886,,Eye Tracker,1583.0,1028.0,Valid,Valid,Fixation
1669787166.721541,,Eye Tracker,1590.0,1029.0,Valid,Valid,Fixation
1669787166.738196,,Eye Tracker,1608.0,1032.0,Valid,Valid,Fixation
1669787166.7548509,,Eye Tracker,1601.0,1029.0,Valid,Valid,Fixation
1669787166.7715058,,Mouse,1594.5,1028.0,,,Fixation
1669787166.7821739,,Eye Tracker,1588.0,1027.0,Valid,Valid,Fixation
1669787166.788161,,Eye Tracker,1593.0,1024.0,Valid,Valid,Fixation
1669787166.804815,,Eye Tracker,1596.0,1016.0,Valid,Valid,Fixation
1669787166.8121378,,Mouse,1591.5,1018.0,,,Fixation
1669787166.82147,,Eye Tracker,1587.0,1020.0,Valid,Valid,Fixation
1669787166.833539,,Eye Tracker,1587.0,1019.0,Valid,Valid,Fixation
1669787166.838125,,Eye Tracker,1587.0,1019.0,Valid,Valid,Fixation
1669787166.8521888,,Eye Tracker,1580.0,1014.0,Valid,Valid,Fixation
1669787166.85478,,Eye Tracker,1576.0,1014.0,Valid,Valid,Fixation
1669787166.871434,,Eye Tracker,1581.0,1018.0,Valid,Valid,Fixation
1669787166.8821769,,Mouse,1580.5,1019.0,,,Fixation
1669787166.888089,,Eye Tracker,1580.0,1020.0,Valid,Valid,Fixation
1669787166.9021668,,Eye Tracker,1579.0,1020.0,Valid,Valid,Fixation
1669787166.904744,,Eye Tracker,1588.0,1020.0,Valid,Valid,Fixation
1669787166.91313,,Eye Tracker,1596.0,1031.0,Valid,Valid,Fixation
1669787166.921398,,Eye Tracker,1599.0,1030.0,Valid,Valid,Fixation
1669787166.923179,,Eye Tracker,1603.0,1027.0,Valid,Valid,Fixation
1669787166.938053,,Eye Tracker,1601.0,1031.0,Valid,Valid,Fixation
1669787166.942095,,Eye Tracker,1600.0,1031.0,Valid,Valid,Fixation
1669787166.952179,,Mouse,1598.6666666666667,1029.6666666666667,,,Fixation
1669787166.954709,,Mouse,1597.3333333333333,1028.3333333333333,,,Fixation
1669787166.9633389,,Eye Tracker,1596.0,1027.0,Valid,Valid,Fixation
1669787166.9713628,,Eye Tracker,1593.0,1022.0,Valid,Valid,Fixation
1669787166.982272,,Eye Tracker,1592.0,1027.0,Valid,Valid,Fixation
1669787166.988018,,Mouse,1587.5,1028.0,,,Fixation
1669787166.992378,,Eye Tracker,1583.0,1029.0,Valid,Valid,Fixation
1669787167.004673,,Mouse,1586.5,1027.5,,,Fixation
1669787167.012101,,Eye Tracker,1590.0,1026.0,Valid,Valid,Fixation
1669787167.021327,,Eye Tracker,1599.0,1033.0,Valid,Valid,Fixation
1669787167.022281,,Mouse,1596.5,1031.0,,,Fixation
1669787167.037982,,Eye Tracker,1594.0,1029.0,Valid,Valid,Fixation
1669787167.043186,,Mouse,1593.0,1028.5,,,Fixation
1669787167.054637,,Eye Tracker,1592.0,1028.0,Valid,Valid,Fixation
1669787167.063174,,Eye Tracker,1591.0,1027.0,Valid,Valid,Fixation
1669787167.071291,,Mouse,1589.5,1024.5,,,Fixation
1669787167.083171,,Eye Tracker,1588.0,1022.0,Valid,Valid,Fixation
1669787167.087946,,Eye Tracker,1592.0,1027.0,Valid,Valid,Fixation
1669787167.094164,,Eye Tracker,1592.0,1024.0,Valid,Valid,Fixation
1669787167.104601,,Eye Tracker,1590.0,1020.0,Valid,Valid,Fixation
1669787167.11317,,Eye Tracker,1592.0,1026.0,Valid,Valid,Fixation
1669787167.1212559,,Mouse,1591.5,1026.0,,,Fixation
1669787167.133152,,Eye Tracker,1591.0,1026.0,Valid,Valid,Fixation
1669787167.13791,,Eye Tracker,1587.0,1026.0,Valid,Valid,Fixation
1669787167.1533298,,Eye Tracker,1589.0,1026.0,Valid,Valid,Fixation
1669787167.1545649,,Eye Tracker,1593.0,1024.0,Valid,Valid,Fixation
1669787167.171221,,Eye Tracker,1590.0,1023.0,Valid,Valid,Fixation
1669787167.173184,,Eye Tracker,1583.0,1019.0,Valid,Valid,Fixation
1669787167.187875,,Eye Tracker,1578.0,1021.0,Valid,Valid,Fixation
1669787167.20453,,Eye Tracker,1575.0,1018.0,Valid,Valid,Fixation
1669787167.2131019,,Eye Tracker,1573.0,1013.0,Valid,Valid,Fixation
1669787167.221185,,Eye Tracker,1567.0,1009.0,Valid,Valid,Fixation
1669787167.23419,,Eye Tracker,1566.0,1008.0,Valid,Valid,Fixation
1669787167.237839,,Mouse,1566.5,1009.5,,,Fixation
1669787167.244268,,Eye Tracker,1567.0,1011.0,Valid,Valid,Fixation
1669787167.254494,,Mouse,1566.5,1010.0,,,Fixation
1669787167.2651598,,Eye Tracker,1566.0,1009.0,Valid,Valid,Fixation
1669787167.271149,,Eye Tracker,1563.0,1012.0,Valid,Valid,Fixation
1669787167.284299,,Mouse,1562.5,1012.0,,,Fixation
1669787167.287803,,Eye Tracker,1562.0,1012.0,Valid,Valid,Fixation
1669787167.3041549,,Eye Tracker,1566.0,1011.0,Valid,Valid,Fixation
1669787167.304458,,Eye Tracker,1564.0,1016.0,Valid,Valid,Fixation
1669787167.3141658,,Eye Tracker,1563.0,1017.0,Valid,Valid,Fixation
1669787167.3211129,,Eye Tracker,1561.0,1014.0,Valid,Valid,Fixation
1669787167.324192,,Mouse,1564.5,1015.5,,,Fixation
1669787167.337767,,Eye Tracker,1568.0,1017.0,Valid,Valid,Fixation
1669787167.344174,,Eye Tracker,1571.0,1019.0,Valid,Valid,Fixation
1669787167.3541749,,Mouse,1570.5,1018.5,,,Fixation
1669787167.3544219,,Eye Tracker,1570.0,1018.0,Valid,Valid,Fixation
1669787167.3710768,,Eye Tracker,1569.0,1019.0,Valid,Valid,Fixation
1669787167.374121,,Eye Tracker,1566.0,1021.0,Valid,Valid,Fixation
1669787167.384189,,Eye Tracker,1566.0,1021.0,Valid,Valid,Fixation
1669787167.387733,,Eye Tracker,1565.0,1023.0,Valid,Valid,Fixation
1669787167.394332,,Eye Tracker,1569.0,1026.0,Valid,Valid,Fixation
1669787167.404387,,Eye Tracker,1573.0,1023.0,Valid,Valid,Fixation
1669787167.414329,,Mouse,1571.6666666666667,1022.0,,,Fixation
1669787167.421042,,Mouse,1570.3333333333333,1021.0,,,Fixation
1669787167.435165,,Eye Tracker,1569.0,1020.0,Valid,Valid,Fixation
1669787167.437697,,Eye Tracker,1572.0,1026.0,Valid,Valid,Fixation
1669787167.4543169,,Mouse,1573.0,1026.0,,,Fixation
1669787167.454351,,Mouse,1574.0,1026.0,,,Fixation
1669787167.471006,,Eye Tracker,1575.0,1026.0,Valid,Valid,Fixation
1669787167.474124,,Mouse,1572.0,1024.5,,,Fixation
1669787167.484143,,Eye Tracker,1569.0,1023.0,Valid,Valid,Fixation
1669787167.487661,,Mouse,1571.0,1024.0,,,Fixation
1669787167.49416,,Eye Tracker,1573.0,1025.0,Valid,Valid,Fixation
1669787167.50416,,Mouse,1572.0,1025.0,,,Fixation
1669787167.504315,,Eye Tracker,1571.0,1025.0,Valid,Valid,Fixation
1669787167.5209699,,Mouse,1570.5,1024.5,,,Fixation
1669787167.524133,,Eye Tracker,1570.0,1024.0,Valid,Valid,Fixation
1669787167.53416,,Mouse,1569.5,1022.0,,,Fixation
1669787167.5376248,,Eye Tracker,1569.0,1020.0,Valid,Valid,Fixation
1669787167.5542789,,Mouse,1569.6666666666667,1020.3333333333334,,,Fixation
1669787167.5543509,,Mouse,1570.3333333333333,1020.6666666666666,,,Fixation
1669787167.565157,,Eye Tracker,1571.0,1021.0,Valid,Valid,Fixation
1669787167.570934,,Mouse,1569.5,1020.5,,,Fixation
1669787167.585211,,Eye Tracker,1568.0,1020.0,Valid,Valid,Fixation
1669787167.58759,,Eye Tracker,1566.0,1019.0,Valid,Valid,Fixation
1669787167.604244,,Eye Tracker,1570.0,1023.0,Valid,Valid,Fixation
1669787167.620899,,Eye Tracker,1572.0,1022.0,Valid,Valid,Fixation
1669787167.637554,,Eye Tracker,1577.0,1023.0,Valid,Valid,Fixation
1669787167.654209,,Eye Tracker,1570.0,1023.0,Valid,Valid,Fixation
1669787167.670863,,Mouse,1568.5,1021.0,,,Fixation
1669787167.687518,,Eye Tracker,1567.0,1019.0,Valid,Valid,Fixation
1669787167.7041728,,Mouse,1570.0,1022.5,,,Fixation
1669787167.7208269,,Eye Tracker,1573.0,1026.0,Valid,Valid,Fixation
1669787167.7374818,,Mouse,1570.0,1025.0,,,Fixation
1669787167.754137,,Eye Tracker,1567.0,1024.0,Valid,Valid,Fixation
1669787167.770791,,Eye Tracker,1562.0,1022.0,Valid,Valid,Fixation
1669787167.787446,,Mouse,1564.5,1021.5,,,Fixation
1669787167.804102,,Eye Tracker,1567.0,1021.0,Valid,Valid,Fixation
1669787167.820756,,Eye Tracker,1567.0,1020.0,Valid,Valid,Fixation
1669787167.837411,,Eye Tracker,1571.0,1021.0,Valid,Valid,Fixation
1669787167.854066,,Eye Tracker,1566.0,1016.0,Valid,Valid,Fixation
1669787167.87072,,Mouse,1565.0,1017.0,,,Fixation
1669787167.8873749,,Eye Tracker,1564.0,1018.0,Valid,Valid,Fixation
1669787167.9040298,,Eye Tracker,1568.0,1020.0,Valid,Valid,Fixation
1669787167.920685,,Mouse,1565.0,1019.5,,,Fixation
1669787167.9373388,,Eye Tracker,1562.0,1019.0,Valid,Valid,Fixation
1669787167.953994,,Mouse,1561.3333333333333,1018.6666666666666,,,Fixation
1669787167.956145,,Mouse,1560.6666666666667,1018.3333333333334,,,Fixation
1669787167.970649,,Eye Tracker,1560.0,1018.0,Valid,Valid,Fixation
1669787167.987303,,Eye Tracker,1562.0,1019.0,Valid,Valid,Fixation
1669787167.996289,,Mouse,1557.5,1020.0,,,Fixation
1669787168.003958,,Eye Tracker,1553.0,1021.0,Valid,Valid,Fixation
1669787168.016294,,Eye Tracker,1549.0,1028.0,Valid,Valid,Fixation
1669787168.020614,,Eye Tracker,1547.0,1028.0,Valid,Valid,Fixation
1669787168.03627,,Mouse,1546.5,1027.5,,,Fixation
1669787168.037268,,Eye Tracker,1546.0,1027.0,Valid,Valid,Fixation
1669787168.046304,,Mouse,1547.0,1028.5,,,Fixation
1669787168.053923,,Eye Tracker,1548.0,1030.0,Valid,Valid,Fixation
1669787168.0705779,,Mouse,1549.5,1028.5,,,Fixation
1669787168.0872319,,Eye Tracker,1551.0,1027.0,Valid,Valid,Fixation
1669787168.0971758,,Mouse,1549.5,1025.0,,,Fixation
1669787168.1038868,,Eye Tracker,1548.0,1023.0,Valid,Valid,Fixation
1669787168.118159,,Mouse,1544.5,1023.5,,,Fixation
1669787168.120542,,Eye Tracker,1541.0,1024.0,Valid,Valid,Fixation
1669787168.137189,,Mouse,1542.0,1026.0,,,Fixation
1669787168.1371958,,Eye Tracker,1543.0,1028.0,Valid,Valid,Fixation
1669787168.147287,,Mouse,1542.6666666666667,1028.6666666666667,,,Fixation
1669787168.153851,,Mouse,1542.3333333333333,1029.3333333333333,,,Fixation
1669787168.158153,,Eye Tracker,1542.0,1030.0,Valid,Valid,Fixation
1669787168.170506,,Mouse,1542.5,1031.5,,,Fixation
1669787168.177284,,Eye Tracker,1543.0,1033.0,Valid,Valid,Fixation
1669787168.187161,,Mouse,1546.5,1031.0,,,Fixation
1669787168.1971579,,Eye Tracker,1550.0,1029.0,Valid,Valid,Fixation
1669787168.203815,,Mouse,1549.5,1028.5,,,Fixation
1669787168.2073119,,Eye Tracker,1549.0,1028.0,Valid,Valid,Fixation
1669787168.220471,,Mouse,1547.0,1027.0,,,Fixation
1669787168.2271369,,Eye Tracker,1545.0,1026.0,Valid,Valid,Fixation
1669787168.2371259,,Eye Tracker,1542.0,1027.0,Valid,Valid,Fixation
1669787168.237182,,Mouse,1540.5,1028.0,,,Fixation
1669787168.2482789,,Eye Tracker,1539.0,1029.0,Valid,Valid,Fixation
1669787168.25378,,Mouse,1540.5,1029.0,,,Fixation
1669787168.2704349,,Eye Tracker,1542.0,1029.0,Valid,Valid,Fixation
1669787168.2870898,,Eye Tracker,1542.0,1025.0,Valid,Valid,Fixation
1669787168.3037438,,Eye Tracker,1533.0,1023.0,Valid,Valid,Fixation
1669787168.320399,,Eye Tracker,1505.0,1027.0,Valid,Valid,Saccade
1669787168.337054,,Eye Tracker,1474.0,1015.0,Valid,Valid,Saccade
1669787168.338125,,Mouse,1470.3333333333333,1013.3333333333334,,,Saccade
1669787168.353708,,Mouse,1466.6666666666667,1011.6666666666666,,,Fixation
1669787168.368173,,Eye Tracker,1463.0,1010.0,Valid,Valid,Fixation
1669787168.370363,,Mouse,1463.0,1013.5,,,Fixation
1669787168.387018,,Eye Tracker,1463.0,1017.0,Valid,Valid,Fixation
1669787168.38814,,Mouse,1461.5,1019.0,,,Fixation
1669787168.403672,,Eye Tracker,1460.0,1021.0,Valid,Valid,Fixation
1669787168.408277,,Mouse,1457.5,1020.0,,,Fixation
1669787168.420327,,Eye Tracker,1455.0,1019.0,Valid,Valid,Fixation
1669787168.428158,,Mouse,1456.5,1019.0,,,Fixation
1669787168.4369829,,Eye Tracker,1458.0,1019.0,Valid,Valid,Fixation
1669787168.438434,,Mouse,1458.0,1017.0,,,Fixation
1669787168.4536378,,Eye Tracker,1458.0,1015.0,Valid,Valid,Fixation
1669787168.4591599,,Mouse,1457.5,1013.0,,,Fixation
1669787168.4702919,,Eye Tracker,1457.0,1011.0,Valid,Valid,Fixation
1669787168.478219,,Mouse,1456.3333333333333,1010.6666666666666,,,Fixation
1669787168.4869468,,Mouse,1455.6666666666667,1010.3333333333334,,,Fixation
1669787168.503602,,Eye Tracker,1455.0,1010.0,Valid,Valid,Fixation
1669787168.51818,,Eye Tracker,1453.0,1011.0,Valid,Valid,Fixation
1669787168.520256,,Mouse,1452.0,1011.6666666666666,,,Fixation
1669787168.536911,,Mouse,1451.0,1012.3333333333334,,,Fixation
1669787168.5381649,,Eye Tracker,1450.0,1013.0,Valid,Valid,Fixation
1669787168.553566,,Mouse,1449.0,1013.5,,,Fixation
1669787168.568326,,Eye Tracker,1448.0,1014.0,Valid,Valid,Fixation
1669787168.57022,,Mouse,1445.5,1014.5,,,Fixation
1669787168.586875,,Eye Tracker,1443.0,1015.0,Valid,Valid,Fixation
1669787168.58913,,Mouse,1444.5,1015.5,,,Fixation
1669787168.60353,,Eye Tracker,1446.0,1016.0,Valid,Valid,Fixation
1669787168.61912,,Mouse,1435.5,1011.0,,,Fixation
1669787168.620184,,Eye Tracker,1425.0,1006.0,Valid,Valid,Saccade
1669787168.636839,,Mouse,1385.0,993.0,,,Saccade
1669787168.6391919,,Eye Tracker,1345.0,980.0,Valid,Valid,Saccade
1669787168.6534948,,Mouse,1342.5,982.0,,,Fixation
1669787168.6701488,,Eye Tracker,1340.0,984.0,Valid,Valid,Fixation
1669787168.67918,,Mouse,1338.0,983.5,,,Fixation
1669787168.686804,,Eye Tracker,1336.0,983.0,Valid,Valid,Fixation
1669787168.699188,,Mouse,1338.0,984.5,,,Fixation
1669787168.703459,,Eye Tracker,1340.0,986.0,Valid,Valid,Fixation
1669787168.720114,,Mouse,1342.0,982.0,,,Fixation
1669787168.729099,,Eye Tracker,1344.0,978.0,Valid,Valid,Fixation
1669787168.736768,,Mouse,1338.5,978.0,,,Fixation
1669787168.7392368,,Eye Tracker,1333.0,978.0,Valid,Valid,Fixation
1669787168.753423,,Mouse,1333.5,976.5,,,Fixation
1669787168.760156,,Eye Tracker,1334.0,975.0,Valid,Valid,Fixation
1669787168.770078,,Eye Tracker,1341.0,974.0,Valid,Valid,Fixation
1669787168.770408,,Eye Tracker,1340.0,975.0,Valid,Valid,Fixation
1669787168.786732,,Eye Tracker,1342.0,974.0,Valid,Valid,Fixation
1669787168.790185,,Mouse,1340.5,974.0,,,Fixation
1669787168.801384,,Eye Tracker,1339.0,974.0,Valid,Valid,Fixation
1669787168.803387,,Eye Tracker,1336.0,976.0,Valid,Valid,Fixation
1669787168.820042,,Mouse,1335.0,974.0,,,Fixation
1669787168.820154,,Eye Tracker,1334.0,972.0,Valid,Valid,Fixation
1669787168.830405,,Mouse,1335.0,973.0,,,Fixation
1669787168.836696,,Mouse,1336.0,974.0,,,Fixation
1669787168.8411949,,Eye Tracker,1337.0,975.0,Valid,Valid,Fixation
1669787168.841652,,Eye Tracker,1342.0,982.0,Valid,Valid,Fixation
1669787168.841652,,Eye Tracker,1343.0,976.0,Valid,Valid,Fixation
1669787168.8533518,,Eye Tracker,1339.0,976.0,Valid,Valid,Fixation
1669787168.860117,,Mouse,1339.5,974.5,,,Fixation
1669787168.870007,,Eye Tracker,1340.0,973.0,Valid,Valid,Fixation
1669787168.8701699,,Eye Tracker,1338.0,982.0,Valid,Valid,Fixation
1669787168.88081,,Eye Tracker,1339.0,983.0,Valid,Valid,Fixation
1669787168.886661,,Eye Tracker,1341.0,978.0,Valid,Valid,Fixation
1669787168.900399,,Eye Tracker,1337.0,977.0,Valid,Valid,Fixation
1669787168.903316,,Mouse,1337.5,976.0,,,Fixation
1669787168.919971,,Eye Tracker,1338.0,975.0,Valid,Valid,Fixation
1669787168.920131,,Eye Tracker,1341.0,976.0,Valid,Valid,Fixation
1669787168.936625,,Eye Tracker,1340.0,981.0,Valid,Valid,Fixation
1669787168.9403288,,Mouse,1340.5,981.5,,,Fixation
1669787168.95328,,Eye Tracker,1341.0,982.0,Valid,Valid,Fixation
1669787168.969935,,Eye Tracker,1337.0,975.0,Valid,Valid,Fixation
1669787168.98659,,Eye Tracker,1339.0,981.0,Valid,Valid,Fixation
1669787169.003244,,Eye Tracker,1345.0,975.0,Valid,Valid,Fixation
1669787169.011257,,Eye Tracker,1339.0,974.0,Valid,Valid,Fixation
1669787169.019899,,Mouse,1342.0,974.0,,,Fixation
1669787169.0365539,,Eye Tracker,1345.0,974.0,Valid,Valid,Fixation
1669787169.0501559,,Mouse,1343.0,972.3333333333334,,,Fixation
1669787169.0532079,,Mouse,1341.0,970.6666666666666,,,Fixation
1669787169.069864,,Eye Tracker,1339.0,969.0,Valid,Valid,Fixation
1669787169.086519,,Mouse,1332.5,972.0,,,Fixation
1669787169.103173,,Eye Tracker,1326.0,975.0,Valid,Valid,Fixation
1669787169.119828,,Mouse,1331.5,976.5,,,Fixation
1669787169.136483,,Eye Tracker,1337.0,978.0,Valid,Valid,Fixation
1669787169.15115,,Mouse,1338.5,979.5,,,Fixation
1669787169.153137,,Eye Tracker,1340.0,981.0,Valid,Valid,Fixation
1669787169.169792,,Eye Tracker,1334.0,983.0,Valid,Valid,Fixation
1669787169.186447,,Mouse,1329.0,995.3333333333334,,,Fixation
1669787169.203101,,Mouse,1324.0,1007.6666666666666,,,Saccade
1669787169.219756,,Eye Tracker,1319.0,1020.0,Valid,Valid,Saccade
1669787169.2364109,,Eye Tracker,1282.0,1045.0,Valid,Valid,Saccade
1669787169.2530658,,Mouse,1264.0,1044.5,,,Saccade
1669787169.2697198,,Eye Tracker,1246.0,1044.0,Valid,Valid,Saccade
1669787169.286376,,Mouse,1245.6666666666667,1046.3333333333333,,,Saccade
1669787169.303031,,Mouse,1245.3333333333333,1048.6666666666667,,,Unclassified
1669787169.319685,,Eye Tracker,1245.0,1051.0,Valid,Valid,Unclassified
1669787169.33634,,Mouse,1281.0,1026.5,,,Unclassified
1669787169.3423429,,Eye Tracker,1317.0,1002.0,Valid,Valid,Saccade
1669787169.3423429,,Mouse,1319.0,993.5,,,Fixation
1669787169.352995,,Eye Tracker,1321.0,985.0,Valid,Valid,Fixation
1669787169.369649,,Mouse,1328.5,969.0,,,Fixation
1669787169.386304,,Eye Tracker,1336.0,953.0,Valid,Valid,Fixation
1669787169.4029589,,Mouse,1342.5,960.5,,,Fixation
1669787169.419613,,Eye Tracker,1349.0,968.0,Valid,Valid,Fixation
1669787169.4362679,,Eye Tracker,1335.0,976.0,Valid,Valid,Fixation
1669787169.4529228,,Mouse,1330.0,974.5,,,Fixation
1669787169.4695768,,Eye Tracker,1325.0,973.0,Valid,Valid,Fixation
1669787169.486232,,Mouse,1324.5,974.0,,,Fixation
1669787169.502888,,Eye Tracker,1324.0,975.0,Valid,Valid,Fixation
1669787169.512186,,Mouse,1326.0,974.3333333333334,,,Fixation
1669787169.519543,,Mouse,1328.0,973.6666666666666,,,Fixation
1669787169.523157,,Eye Tracker,1330.0,973.0,Valid,Valid,Fixation
1669787169.536197,,Eye Tracker,1327.0,971.0,Valid,Valid,Fixation
1669787169.5421479,,Eye Tracker,1323.0,972.0,Valid,Valid,Fixation
1669787169.5522618,,Mouse,1320.5,973.0,,,Fixation
1669787169.552852,,Eye Tracker,1318.0,974.0,Valid,Valid,Fixation
1669787169.569507,,Mouse,1316.6666666666667,975.6666666666666,,,Fixation
1669787169.572207,,Mouse,1315.3333333333333,977.3333333333334,,,Fixation
1669787169.586161,,Eye Tracker,1314.0,979.0,Valid,Valid,Fixation
1669787169.5921988,,Eye Tracker,1321.0,988.0,Valid,Valid,Fixation
1669787169.6028159,,Mouse,1324.0,985.5,,,Fixation
1669787169.613149,,Eye Tracker,1327.0,983.0,Valid,Valid,Fixation
1669787169.6194708,,Mouse,1324.0,981.5,,,Fixation
1669787169.633116,,Eye Tracker,1321.0,980.0,Valid,Valid,Fixation
1669787169.6361248,,Mouse,1318.5,982.5,,,Fixation
1669787169.643116,,Eye Tracker,1316.0,985.0,Valid,Valid,Fixation
1669787169.65278,,Mouse,1317.0,987.5,,,Fixation
1669787169.654146,,Eye Tracker,1318.0,990.0,Valid,Valid,Fixation
1669787169.669435,,Mouse,1318.6666666666667,989.3333333333334,,,Fixation
1669787169.67312,,Mouse,1319.3333333333333,988.6666666666666,,,Fixation
1669787169.683197,,Eye Tracker,1320.0,988.0,Valid,Valid,Fixation
1669787169.686089,,Mouse,1320.5,990.0,,,Fixation
1669787169.694154,,Eye Tracker,1321.0,992.0,Valid,Valid,Fixation
1669787169.702745,,Eye Tracker,1327.0,992.0,Valid,Valid,Fixation
1669787169.7130969,,Eye Tracker,1328.0,985.0,Valid,Valid,Fixation
1669787169.7194,,Eye Tracker,1328.0,984.0,Valid,Valid,Fixation
1669787169.7232559,,Eye Tracker,1326.0,986.0,Valid,Valid,Fixation
1669787169.736054,,Mouse,1326.5,989.0,,,Fixation
1669787169.743125,,Eye Tracker,1327.0,992.0,Valid,Valid,Fixation
1669787169.752709,,Mouse,1326.5,992.75,,,Fixation
1669787169.753237,MouseEvent,,1326.0,993.5,,,Fixation
1669787169.7693639,,Mouse,1325.5,994.25,,,Fixation
1669787169.773073,,Eye Tracker,1325.0,995.0,Valid,Valid,Fixation
1669787169.784138,,Mouse,1325.5,993.5,,,Fixation
1669787169.7860188,,Eye Tracker,1326.0,992.0,Valid,Valid,Fixation
1669787169.794314,,Mouse,1325.0,990.5,,,Fixation
1669787169.8026729,,Eye Tracker,1324.0,989.0,Valid,Valid,Fixation
1669787169.814106,,Mouse,1325.5,991.5,,,Fixation
1669787169.8193278,,Eye Tracker,1327.0,994.0,Valid,Valid,Fixation
1669787169.8251529,,Eye Tracker,1336.0,992.0,Valid,Valid,Fixation
1669787169.835983,,Eye Tracker,1332.0,983.0,Valid,Valid,Fixation
1669787169.844132,,Eye Tracker,1327.0,986.0,Valid,Valid,Fixation
1669787169.852637,,Eye Tracker,1327.0,987.0,Valid,Valid,Fixation
1669787169.854284,,Eye Tracker,1328.0,984.0,Valid,Valid,Fixation
1669787169.865195,,Eye Tracker,1324.0,984.0,Valid,Valid,Fixation
1669787169.869292,,Eye Tracker,1321.0,991.0,Valid,Valid,Fixation
1669787169.87412,,Eye Tracker,1325.0,992.0,Valid,Valid,Fixation
1669787169.885947,,Eye Tracker,1322.0,991.0,Valid,Valid,Fixation
1669787169.902601,,Eye Tracker,1302.0,1030.0,Valid,Valid,Saccade
1669787169.919257,,Eye Tracker,1306.0,1044.0,Valid,Valid,Fixation
1669787169.935912,,Eye Tracker,1314.0,1043.0,Valid,Valid,Fixation
1669787169.952566,,Eye Tracker,1307.0,1046.0,Valid,Valid,Fixation
1669787169.9692209,,Eye Tracker,1299.0,1042.0,Valid,Valid,Fixation
1669787169.974355,,Eye Tracker,1305.0,1039.0,Valid,Valid,Fixation
1669787169.974355,,Eye Tracker,1310.0,1041.0,Valid,Valid,Fixation
1669787169.9858758,,Eye Tracker,1308.0,1049.0,Valid,Valid,Fixation
1669787170.0025299,,Eye Tracker,1309.0,1049.0,Valid,Valid,Fixation
1669787170.0191848,,Eye Tracker,1309.0,1045.0,Valid,Valid,Fixation
1669787170.03584,,Eye Tracker,1306.0,1042.0,Valid,Valid,Fixation
1669787170.052495,,Eye Tracker,1306.0,1038.0,Valid,Valid,Fixation
1669787170.069149,,Eye Tracker,1311.0,1043.0,Valid,Valid,Fixation
1669787170.085804,,Eye Tracker,1308.0,1049.0,Valid,Valid,Fixation
1669787170.102459,,Eye Tracker,1304.0,1048.0,Valid,Valid,Fixation
1669787170.119113,,Eye Tracker,1304.0,1045.0,Valid,Valid,Fixation
1669787170.135769,,Eye Tracker,1303.0,1050.0,Valid,Valid,Fixation
1669787170.1524239,,Eye Tracker,1306.0,1052.0,Valid,Valid,Fixation
1669787170.155154,,Eye Tracker,1308.0,1048.0,Valid,Valid,Fixation
1669787170.1690779,,Eye Tracker,1307.0,1048.0,Valid,Valid,Fixation
1669787170.185138,,Eye Tracker,1312.0,1047.0,Valid,Valid,Fixation
1669787170.1857328,,Eye Tracker,1310.0,1046.0,Valid,Valid,Fixation
1669787170.202388,,Eye Tracker,1306.0,1046.0,Valid,Valid,Fixation
1669787170.206241,,Mouse,1305.6666666666667,1047.6666666666667,,,Fixation
1669787170.2190418,,Mouse,1305.3333333333333,1049.3333333333333,,,Fixation
1669787170.235081,,Eye Tracker,1305.0,1051.0,Valid,Valid,Fixation
1669787170.235697,MouseEvent,,1304.4,1050.0,,,Fixation
1669787170.245126,,Mouse,1303.8,1049.0,,,Fixation
1669787170.252352,,Mouse,1303.2,1048.0,,,Fixation
1669787170.255166,,Mouse,1302.6,1047.0,,,Fixation
1669787170.265455,,Eye Tracker,1302.0,1046.0,Valid,Valid,Fixation
1669787170.265455,,Eye Tracker,1305.0,1050.0,Valid,Valid,Fixation
1669787170.266451,,Mouse,1305.5,1051.0,,,Fixation
1669787170.269006,,Eye Tracker,1306.0,1052.0,Valid,Valid,Fixation
1669787170.285296,,Eye Tracker,1306.0,1043.0,Valid,Valid,Fixation
1669787170.285661,,Eye Tracker,1309.0,1047.0,Valid,Valid,Fixation
1669787170.2962968,,Eye Tracker,1308.0,1044.0,Valid,Valid,Fixation
1669787170.302316,,Eye Tracker,1305.0,1040.0,Valid,Valid,Fixation
1669787170.31616,,Eye Tracker,1309.0,1045.0,Valid,Valid,Fixation
1669787170.318971,,Eye Tracker,1310.0,1048.0,Valid,Valid,Fixation
1669787170.326222,,Eye Tracker,1301.0,1047.0,Valid,Valid,Fixation
1669787170.335626,,Eye Tracker,1298.0,1043.0,Valid,Valid,Fixation
1669787170.337154,,Eye Tracker,1305.0,1042.0,Valid,Valid,Fixation
1669787170.3522809,,Eye Tracker,1302.0,1045.0,Valid,Valid,Fixation
1669787170.3689358,,Eye Tracker,1301.0,1045.0,Valid,Valid,Fixation
1669787170.3855898,,Mouse,1300.5,1046.0,,,Fixation
1669787170.402245,,Eye Tracker,1300.0,1047.0,Valid,Valid,Fixation
1669787170.417286,,Eye Tracker,1300.0,1049.0,Valid,Valid,Fixation
1669787170.4189,,Eye Tracker,1300.0,1045.0,Valid,Valid,Fixation
1669787170.435554,,Eye Tracker,1300.0,1043.0,Valid,Valid,Fixation
1669787170.452209,,Eye Tracker,1302.0,1043.0,Valid,Valid,Fixation
1669787170.468864,,Eye Tracker,1298.0,1047.0,Valid,Valid,Fixation
1669787170.485518,,Eye Tracker,1299.0,1045.0,Valid,Valid,Fixation
1669787170.502173,,Eye Tracker,1301.0,1042.0,Valid,Valid,Fixation
1669787170.518828,,Eye Tracker,1300.0,1044.0,Valid,Valid,Fixation
1669787170.535482,,Mouse,1301.3333333333333,1042.3333333333333,,,Fixation
1669787170.5521379,,Mouse,1302.6666666666667,1040.6666666666667,,,Fixation
1669787170.5687928,,Eye Tracker,1304.0,1039.0,Valid,Valid,Fixation
1669787170.585448,,Mouse,1304.0,1041.5,,,Fixation
1669787170.602102,,Eye Tracker,1304.0,1044.0,Valid,Valid,Fixation
1669787170.618757,,Eye Tracker,1299.0,1050.0,Valid,Valid,Fixation
1669787170.635412,,Eye Tracker,1302.0,1049.0,Valid,Valid,Fixation
1669787170.6371288,,Mouse,1303.0,1046.0,,,Fixation
1669787170.6471589,,Eye Tracker,1304.0,1043.0,Valid,Valid,Fixation
1669787170.652066,,Eye Tracker,1295.0,1042.0,Valid,Valid,Fixation
1669787170.66716,,Eye Tracker,1292.0,1045.0,Valid,Valid,Fixation
1669787170.668721,,Mouse,1295.5,1044.0,,,Fixation
1669787170.678283,,Eye Tracker,1299.0,1043.0,Valid,Valid,Fixation
1669787170.685376,,Mouse,1299.0,1043.0,,,Fixation
1669787170.6970909,,Mouse,1299.0,1043.0,,,Fixation
1669787170.70203,,Eye Tracker,1299.0,1043.0,Valid,Valid,Fixation
1669787170.70716,,Mouse,1298.0,1040.5,,,Fixation
1669787170.718685,,Eye Tracker,1297.0,1038.0,Valid,Valid,Fixation
1669787170.727131,,Mouse,1299.0,1037.5,,,Fixation
1669787170.7353399,,Eye Tracker,1301.0,1037.0,Valid,Valid,Fixation
1669787170.737316,,Mouse,1299.5,1039.0,,,Fixation
1669787170.747359,,Eye Tracker,1298.0,1041.0,Valid,Valid,Fixation
1669787170.751994,,Mouse,1295.5,1042.0,,,Fixation
1669787170.758095,,Eye Tracker,1293.0,1043.0,Valid,Valid,Fixation
1669787170.76865,,Eye Tracker,1294.0,1045.0,Valid,Valid,Fixation
1669787170.777736,,Mouse,1294.6666666666667,1045.6666666666667,,,Fixation
1669787170.785305,,Mouse,1295.3333333333333,1046.3333333333333,,,Fixation
1669787170.797122,,Eye Tracker,1296.0,1047.0,Valid,Valid,Fixation
1669787170.801959,,Mouse,1295.5,1046.0,,,Fixation
1669787170.8084059,,Eye Tracker,1295.0,1045.0,Valid,Valid,Fixation
1669787170.818614,,Mouse,1294.0,1045.5,,,Fixation
1669787170.828152,,Eye Tracker,1293.0,1046.0,Valid,Valid,Fixation
1669787170.835269,,Mouse,1297.5,1047.0,,,Fixation
1669787170.838165,,Eye Tracker,1302.0,1048.0,Valid,Valid,Fixation
1669787170.849391,,Mouse,1303.0,1044.0,,,Fixation
1669787170.851924,,Eye Tracker,1304.0,1040.0,Valid,Valid,Fixation
1669787170.8683739,,Eye Tracker,1295.0,1044.0,Valid,Valid,Fixation
1669787170.868578,,Eye Tracker,1292.0,1049.0,Valid,Valid,Fixation
1669787170.885233,,Mouse,1294.0,1045.5,,,Fixation
1669787170.889299,,Eye Tracker,1296.0,1042.0,Valid,Valid,Fixation
1669787170.901888,,Mouse,1297.0,1041.5,,,Fixation
1669787170.908138,,Eye Tracker,1298.0,1041.0,Valid,Valid,Fixation
1669787170.918542,,Mouse,1297.3333333333333,1040.6666666666667,,,Fixation
1669787170.9293349,,Mouse,1296.6666666666667,1040.3333333333333,,,Fixation
1669787170.9351969,,Eye Tracker,1296.0,1040.0,Valid,Valid,Fixation
1669787170.9482749,,Mouse,1296.0,1040.5,,,Fixation
1669787170.9518518,,Eye Tracker,1296.0,1041.0,Valid,Valid,Fixation
1669787170.9681249,,Eye Tracker,1298.0,1047.0,Valid,Valid,Fixation
1669787170.968507,,Eye Tracker,1299.0,1041.0,Valid,Valid,Fixation
1669787170.985162,,Eye Tracker,1299.0,1042.0,Valid,Valid,Fixation
1669787171.001817,,Eye Tracker,1306.0,1047.0,Valid,Valid,Fixation
1669787171.008229,,Eye Tracker,1313.0,1044.0,Valid,Valid,Fixation
1669787171.018471,,Eye Tracker,1307.0,1044.0,Valid,Valid,Fixation
1669787171.035126,,Eye Tracker,1311.0,1043.0,Valid,Valid,Fixation
1669787171.038182,MouseEvent,,1312.6666666666667,1042.0,,,Fixation
1669787171.048249,,Mouse,1314.3333333333333,1041.0,,,Fixation
1669787171.051781,,Eye Tracker,1316.0,1040.0,Valid,Valid,Fixation
1669787171.059309,,Eye Tracker,1309.0,1042.0,Valid,Valid,Fixation
1669787171.068435,,Eye Tracker,1306.0,1042.0,Valid,Valid,Fixation
1669787171.078244,,Eye Tracker,1311.0,1044.0,Valid,Valid,Fixation
1669787171.08509,,Eye Tracker,1312.0,1044.0,Valid,Valid,Fixation
1669787171.09916,,Mouse,1313.5,1041.0,,,Fixation
1669787171.101745,,Eye Tracker,1315.0,1038.0,Valid,Valid,Fixation
1669787171.118358,,Eye Tracker,1314.0,1044.0,Valid,Valid,Fixation
1669787171.1183999,,Eye Tracker,1308.0,1043.0,Valid,Valid,Fixation
1669787171.1350539,,Eye Tracker,1306.0,1039.0,Valid,Valid,Fixation
1669787171.1381469,,Mouse,1306.5,1039.5,,,Fixation
1669787171.1494,,Eye Tracker,1307.0,1040.0,Valid,Valid,Fixation
1669787171.1517088,,Mouse,1306.6,1038.8,,,Fixation
1669787171.168364,MouseEvent,,1306.2,1037.6,,,Fixation
1669787171.179355,,Mouse,1305.8,1036.4,,,Fixation
1669787171.1850178,,Mouse,1305.4,1035.2,,,Fixation
1669787171.201673,,Eye Tracker,1305.0,1034.0,Valid,Valid,Fixation
1669787171.209164,,Eye Tracker,1307.0,1036.0,Valid,Valid,Fixation
1669787171.218328,,Mouse,1307.3333333333333,1038.3333333333333,,,Fixation
1669787171.230269,,Mouse,1307.6666666666667,1040.6666666666667,,,Fixation
1669787171.234982,,Eye Tracker,1308.0,1043.0,Valid,Valid,Fixation
1669787171.249213,,Mouse,1307.5,1041.0,,,Fixation
1669787171.251637,,Eye Tracker,1307.0,1039.0,Valid,Valid,Fixation
1669787171.268292,,Eye Tracker,1305.0,1029.0,Valid,Valid,Fixation
1669787171.2791018,,Mouse,1303.0,1030.0,,,Fixation
1669787171.284946,,Eye Tracker,1301.0,1031.0,Valid,Valid,Fixation
1669787171.2891119,,Mouse,1305.5,1037.0,,,Fixation
1669787171.29913,,Eye Tracker,1310.0,1043.0,Valid,Valid,Fixation
1669787171.301601,,Eye Tracker,1313.0,1039.0,Valid,Valid,Fixation
1669787171.309368,,Mouse,1308.5,1039.0,,,Fixation
1669787171.318256,,Eye Tracker,1304.0,1039.0,Valid,Valid,Fixation
1669787171.330155,,Eye Tracker,1303.0,1040.0,Valid,Valid,Fixation
1669787171.33491,,Mouse,1302.5,1040.0,,,Fixation
1669787171.340158,,Eye Tracker,1302.0,1040.0,Valid,Valid,Fixation
1669787171.351565,,Mouse,1301.5,1040.5,,,Fixation
1669787171.3682199,,Eye Tracker,1301.0,1041.0,Valid,Valid,Fixation
1669787171.380246,,Eye Tracker,1304.0,1042.0,Valid,Valid,Fixation
1669787171.3848748,,Eye Tracker,1304.0,1038.0,Valid,Valid,Fixation
1669787171.40153,,Eye Tracker,1304.0,1035.0,Valid,Valid,Fixation
1669787171.418185,,Eye Tracker,1305.0,1037.0,Valid,Valid,Fixation
1669787171.42009,,Mouse,1305.0,1036.0,,,Fixation
1669787171.430172,,Eye Tracker,1305.0,1035.0,Valid,Valid,Fixation
1669787171.43484,,Mouse,1304.0,1037.0,,,Fixation
1669787171.45016,,Eye Tracker,1303.0,1039.0,Valid,Valid,Fixation
1669787171.451494,,Eye Tracker,1301.0,1034.0,Valid,Valid,Fixation
1669787171.468149,,Eye Tracker,1300.0,1031.0,Valid,Valid,Fixation
1669787171.480387,,Mouse,1301.0,1035.0,,,Fixation
1669787171.484804,,Eye Tracker,1302.0,1039.0,Valid,Valid,Fixation
1669787171.501458,,Eye Tracker,1300.0,1035.0,Valid,Valid,Fixation
1669787171.518113,,Eye Tracker,1303.0,1031.0,Valid,Valid,Fixation
1669787171.5311608,,Eye Tracker,1303.0,1030.0,Valid,Valid,Fixation
1669787171.5347679,,Eye Tracker,1301.0,1027.0,Valid,Valid,Fixation
1669787171.5514219,,Mouse,1301.0,1032.0,,,Fixation
1669787171.5680768,,Eye Tracker,1301.0,1037.0,Valid,Valid,Fixation
1669787171.584732,,Eye Tracker,1304.0,1037.0,Valid,Valid,Fixation
1669787171.6013858,,Eye Tracker,1307.0,1032.0,Valid,Valid,Fixation
1669787171.618042,,Eye Tracker,1307.0,1036.0,Valid,Valid,Fixation
1669787171.630236,,Eye Tracker,1302.0,1037.0,Valid,Valid,Fixation
1669787171.630236,,Eye Tracker,1302.0,1034.0,Valid,Valid,Fixation
1669787171.634697,,Eye Tracker,1303.0,1038.0,Valid,Valid,Fixation
1669787171.651352,,Eye Tracker,1301.0,1039.0,Valid,Valid,Fixation
1669787171.668006,MouseEvent,,1301.6666666666667,1038.0,,,Fixation
1669787171.684661,,Mouse,1302.3333333333333,1037.0,,,Fixation
1669787171.7013159,,Eye Tracker,1303.0,1036.0,Valid,Valid,Fixation
1669787171.71797,,Eye Tracker,1304.0,1037.0,Valid,Valid,Fixation
1669787171.7346249,,Eye Tracker,1302.0,1035.0,Valid,Valid,Fixation
1669787171.7512798,,Eye Tracker,1302.0,1043.0,Valid,Valid,Fixation
1669787171.7679338,,Eye Tracker,1305.0,1042.0,Valid,Valid,Fixation
1669787171.782127,,Eye Tracker,1302.0,1032.0,Valid,Valid,Fixation
1669787171.784589,,Eye Tracker,1304.0,1033.0,Valid,Valid,Fixation
1669787171.7915719,,Mouse,1305.0,1034.0,,,Fixation
1669787171.7915719,,Mouse,1306.0,1035.0,,,Fixation
1669787171.801224,,Eye Tracker,1307.0,1036.0,Valid,Valid,Fixation
1669787171.801244,,Mouse,1304.0,1034.5,,,Fixation
1669787171.8112888,,Eye Tracker,1301.0,1033.0,Valid,Valid,Fixation
1669787171.817899,,Eye Tracker,1303.0,1029.0,Valid,Valid,Fixation
1669787171.8321838,,Mouse,1304.0,1030.3333333333333,,,Fixation
1669787171.834554,,Mouse,1305.0,1031.6666666666667,,,Fixation
1669787171.851209,,Eye Tracker,1306.0,1033.0,Valid,Valid,Fixation
1669787171.852149,,Eye Tracker,1303.0,1032.0,Valid,Valid,Fixation
1669787171.862223,,Eye Tracker,1309.0,1031.0,Valid,Valid,Fixation
1669787171.867863,,Eye Tracker,1310.0,1033.0,Valid,Valid,Fixation
1669787171.873146,,Eye Tracker,1302.0,1033.0,Valid,Valid,Fixation
1669787171.884518,,Eye Tracker,1305.0,1031.0,Valid,Valid,Fixation
1669787171.8924248,,Eye Tracker,1305.0,1029.0,Valid,Valid,Fixation
1669787171.9011729,,Eye Tracker,1304.0,1036.0,Valid,Valid,Fixation
1669787171.913182,,Eye Tracker,1303.0,1035.0,Valid,Valid,Fixation
1669787171.9178278,,Eye Tracker,1303.0,1034.0,Valid,Valid,Fixation
1669787171.93221,,Eye Tracker,1306.0,1034.0,Valid,Valid,Fixation
1669787171.9344819,,Mouse,1305.5,1030.5,,,Fixation
1669787171.9511368,,Eye Tracker,1305.0,1027.0,Valid,Valid,Fixation
1669787171.962087,,Mouse,1305.5,1027.0,,,Fixation
1669787171.967792,,Eye Tracker,1306.0,1027.0,Valid,Valid,Fixation
1669787171.972308,,Mouse,1305.0,1027.5,,,Fixation
1669787171.984446,,Eye Tracker,1304.0,1028.0,Valid,Valid,Fixation
1669787171.992585,,Mouse,1302.5,1030.5,,,Fixation
1669787172.001101,,Eye Tracker,1301.0,1033.0,Valid,Valid,Fixation
1669787172.0121849,,Eye Tracker,1304.0,1038.0,Valid,Valid,Fixation
1669787172.017756,,Mouse,1305.5,1037.5,,,Fixation
1669787172.032304,,Eye Tracker,1307.0,1037.0,Valid,Valid,Fixation
1669787172.034411,,Mouse,1307.0,1035.0,,,Fixation
1669787172.043287,,Eye Tracker,1307.0,1033.0,Valid,Valid,Fixation
1669787172.051066,,Mouse,1305.0,1032.5,,,Fixation
1669787172.067721,,Eye Tracker,1303.0,1032.0,Valid,Valid,Fixation
1669787172.072231,,Mouse,1302.0,1030.5,,,Fixation
1669787172.084375,,Eye Tracker,1301.0,1029.0,Valid,Valid,Fixation
1669787172.092146,,Mouse,1301.0,1029.5,,,Fixation
1669787172.1010299,,Eye Tracker,1301.0,1030.0,Valid,Valid,Fixation
1669787172.102373,,Eye Tracker,1301.0,1029.0,Valid,Valid,Fixation
1669787172.1176848,,Eye Tracker,1299.0,1029.0,Valid,Valid,Fixation
1669787172.123096,,Eye Tracker,1304.0,1031.0,Valid,Valid,Fixation
1669787172.1343389,,Mouse,1304.5,1031.0,,,Fixation
1669787172.1509938,,Eye Tracker,1305.0,1031.0,Valid,Valid,Fixation
1669787172.167649,,Eye Tracker,1301.0,1027.0,Valid,Valid,Fixation
1669787172.184304,,Eye Tracker,1303.0,1027.0,Valid,Valid,Fixation
1669787172.200958,,Eye Tracker,1303.0,1034.0,Valid,Valid,Fixation
1669787172.217613,,Eye Tracker,1304.0,1035.0,Valid,Valid,Fixation
1669787172.234268,,Mouse,1309.0,1033.0,,,Fixation
1669787172.250923,,Eye Tracker,1314.0,1031.0,Valid,Valid,Fixation
1669787172.267578,,Mouse,1315.6666666666667,1030.0,,,Fixation
1669787172.2842329,,Mouse,1317.3333333333333,1029.0,,,Fixation
1669787172.3008869,,Eye Tracker,1319.0,1028.0,Valid,Valid,Fixation
1669787172.3175418,,Eye Tracker,1317.0,1029.0,Valid,Valid,Fixation
1669787172.323258,,Mouse,1315.5,1027.5,,,Fixation
1669787172.323258,,Eye Tracker,1314.0,1026.0,Valid,Valid,Fixation
1669787172.334197,,Mouse,1315.6666666666667,1027.6666666666667,,,Fixation
1669787172.3508508,,Mouse,1317.3333333333333,1029.3333333333333,,,Fixation
1669787172.367506,,Eye Tracker,1319.0,1031.0,Valid,Valid,Fixation
1669787172.384161,,Eye Tracker,1316.0,1033.0,Valid,Valid,Fixation
1669787172.400815,,Mouse,1317.0,1032.3333333333333,,,Fixation
1669787172.41747,,Mouse,1318.0,1031.6666666666667,,,Fixation
1669787172.434125,,Eye Tracker,1319.0,1031.0,Valid,Valid,Fixation
1669787172.4507809,,Mouse,1321.0,1033.5,,,Fixation
1669787172.467435,,Eye Tracker,1323.0,1036.0,Valid,Valid,Fixation
1669787172.4840899,,Mouse,1322.0,1032.0,,,Fixation
1669787172.494156,,Eye Tracker,1321.0,1028.0,Valid,Valid,Fixation
1669787172.494156,,Mouse,1320.0,1027.5,,,Fixation
1669787172.500745,,Eye Tracker,1319.0,1027.0,Valid,Valid,Fixation
1669787172.5173988,,Eye Tracker,1319.0,1039.0,Valid,Valid,Fixation
1669787172.534054,,Eye Tracker,1321.0,1043.0,Valid,Valid,Fixation
1669787172.550709,,Mouse,1317.0,1039.5,,,Fixation
1669787172.567363,,Eye Tracker,1313.0,1036.0,Valid,Valid,Fixation
1669787172.584018,,Eye Tracker,1318.0,1030.0,Valid,Valid,Fixation
1669787172.600673,,Mouse,1320.5,1029.5,,,Fixation
1669787172.614291,,Eye Tracker,1323.0,1029.0,Valid,Valid,Fixation
1669787172.617327,,Mouse,1320.5,1029.0,,,Fixation
1669787172.633982,,Eye Tracker,1318.0,1029.0,Valid,Valid,Fixation
1669787172.6441488,,Mouse,1313.5,1032.0,,,Fixation
1669787172.650637,,Eye Tracker,1309.0,1035.0,Valid,Valid,Fixation
1669787172.654152,,Eye Tracker,1315.0,1034.0,Valid,Valid,Fixation
1669787172.66427,,Mouse,1318.5,1030.5,,,Fixation
1669787172.6672919,,Eye Tracker,1322.0,1027.0,Valid,Valid,Fixation
1669787172.6839468,,Mouse,1319.5,1028.0,,,Fixation
1669787172.685142,,Eye Tracker,1317.0,1029.0,Valid,Valid,Fixation
1669787172.695158,,Eye Tracker,1313.0,1030.0,Valid,Valid,Fixation
1669787172.700602,,Mouse,1313.6666666666667,1031.3333333333333,,,Fixation
1669787172.705397,,Mouse,1314.3333333333333,1032.6666666666667,,,Fixation
1669787172.717257,,Eye Tracker,1315.0,1034.0,Valid,Valid,Fixation
1669787172.7261128,,Mouse,1315.6666666666667,1030.0,,,Fixation
1669787172.733911,,Mouse,1316.3333333333333,1026.0,,,Fixation
1669787172.750566,,Eye Tracker,1317.0,1022.0,Valid,Valid,Fixation
1669787172.766172,,Mouse,1317.5,1021.5,,,Fixation
1669787172.767221,,Eye Tracker,1318.0,1021.0,Valid,Valid,Fixation
1669787172.783875,,Mouse,1318.6666666666667,1024.3333333333333,,,Fixation
1669787172.785198,,Mouse,1319.3333333333333,1027.6666666666667,,,Fixation
1669787172.80053,,Eye Tracker,1320.0,1031.0,Valid,Valid,Fixation
1669787172.806396,,Mouse,1320.0,1030.5,,,Fixation
1669787172.817185,,Eye Tracker,1320.0,1030.0,Valid,Valid,Fixation
1669787172.825217,,Mouse,1320.5,1028.0,,,Fixation
1669787172.833839,,Eye Tracker,1321.0,1026.0,Valid,Valid,Fixation
1669787172.846163,,Mouse,1323.0,1026.5,,,Fixation
1669787172.850493,,Eye Tracker,1325.0,1027.0,Valid,Valid,Fixation
1669787172.866293,,Eye Tracker,1328.0,1032.0,Valid,Valid,Fixation
1669787172.867148,,Mouse,1325.0,1032.5,,,Fixation
1669787172.883803,,Eye Tracker,1322.0,1033.0,Valid,Valid,Fixation
1669787172.886173,,Mouse,1318.5,1034.5,,,Fixation
1669787172.897126,,Eye Tracker,1315.0,1036.0,Valid,Valid,Fixation
1669787172.9004579,,Eye Tracker,1316.0,1036.0,Valid,Valid,Fixation
1669787172.916142,,Mouse,1317.0,1035.0,,,Fixation
1669787172.9171128,,Eye Tracker,1318.0,1034.0,Valid,Valid,Fixation
1669787172.926518,,Mouse,1318.0,1034.5,,,Fixation
1669787172.9337668,,Eye Tracker,1318.0,1035.0,Valid,Valid,Fixation
1669787172.937141,,Eye Tracker,1319.0,1035.0,Valid,Valid,Fixation
1669787172.950422,,Eye Tracker,1322.0,1035.0,Valid,Valid,Fixation
1669787172.967077,,Eye Tracker,1323.0,1032.0,Valid,Valid,Fixation
1669787172.977159,,Mouse,1325.0,1029.5,,,Fixation
1669787172.983732,,Eye Tracker,1327.0,1027.0,Valid,Valid,Fixation
1669787172.996214,,Mouse,1326.5,1027.0,,,Fixation
1669787173.000386,,Eye Tracker,1326.0,1027.0,Valid,Valid,Fixation
1669787173.017041,,Mouse,1325.6666666666667,1029.0,,,Fixation
1669787173.017171,,Mouse,1325.3333333333333,1031.0,,,Fixation
1669787173.033696,,Eye Tracker,1325.0,1033.0,Valid,Valid,Fixation
1669787173.046145,,Eye Tracker,1329.0,1039.0,Valid,Valid,Fixation
1669787173.05035,,Mouse,1327.0,1037.5,,,Fixation
1669787173.067005,,Eye Tracker,1325.0,1036.0,Valid,Valid,Fixation
1669787173.0836608,,Eye Tracker,1317.0,1038.0,Valid,Valid,Fixation
1669787173.1003149,,Eye Tracker,1316.0,1038.0,Valid,Valid,Fixation
1669787173.107348,,Eye Tracker,1320.0,1030.0,Valid,Valid,Fixation
1669787173.1169698,,Eye Tracker,1321.0,1030.0,Valid,Valid,Fixation
1669787173.126267,,Eye Tracker,1321.0,1035.0,Valid,Valid,Fixation
1669787173.133625,,Mouse,1318.0,1036.0,,,Fixation
1669787173.147135,,Eye Tracker,1315.0,1037.0,Valid,Valid,Fixation
1669787173.150279,,Mouse,1315.0,1038.5,,,Fixation
1669787173.166101,,Eye Tracker,1315.0,1040.0,Valid,Valid,Fixation
1669787173.166934,,Mouse,1316.5,1042.0,,,Fixation
1669787173.183589,,Eye Tracker,1318.0,1044.0,Valid,Valid,Fixation
1669787173.187396,,Mouse,1319.0,1040.5,,,Fixation
1669787173.200243,,Eye Tracker,1320.0,1037.0,Valid,Valid,Fixation
1669787173.207113,,Mouse,1321.0,1035.5,,,Fixation
1669787173.216898,,Eye Tracker,1322.0,1034.0,Valid,Valid,Fixation
1669787173.227234,,Eye Tracker,1319.0,1043.0,Valid,Valid,Fixation
1669787173.233553,,Eye Tracker,1317.0,1037.0,Valid,Valid,Fixation
1669787173.250208,,Eye Tracker,1317.0,1041.0,Valid,Valid,Fixation
1669787173.266862,,Mouse,1316.5,1041.5,,,Fixation
1669787173.283517,,Eye Tracker,1316.0,1042.0,Valid,Valid,Fixation
1669787173.300173,,Eye Tracker,1316.0,1037.0,Valid,Valid,Fixation
1669787173.3168268,,Mouse,1318.0,1038.5,,,Fixation
1669787173.333482,,Eye Tracker,1320.0,1040.0,Valid,Valid,Fixation
1669787173.350137,,Eye Tracker,1318.0,1039.0,Valid,Valid,Fixation
1669787173.366791,,Eye Tracker,1316.0,1039.0,Valid,Valid,Fixation
1669787173.383446,,Mouse,1315.0,1040.5,,,Fixation
1669787173.400101,,Eye Tracker,1314.0,1042.0,Valid,Valid,Fixation
1669787173.416755,,Eye Tracker,1311.0,1039.0,Valid,Valid,Fixation
1669787173.4283,,Eye Tracker,1315.0,1044.0,Valid,Valid,Fixation
1669787173.43341,,Eye Tracker,1313.0,1050.0,Valid,Valid,Fixation
1669787173.450065,,Mouse,1312.5,1047.0,,,Fixation
1669787173.466719,,Eye Tracker,1312.0,1044.0,Valid,Valid,Fixation
1669787173.46816,,Mouse,1312.5,1042.0,,,Fixation
1669787173.4833739,,Eye Tracker,1313.0,1040.0,Valid,Valid,Fixation
1669787173.5000288,,Mouse,1312.0,1038.0,,,Fixation
1669787173.508103,,Eye Tracker,1311.0,1036.0,Valid,Valid,Fixation
1669787173.516685,,Eye Tracker,1312.0,1035.0,Valid,Valid,Fixation
1669787173.518174,,Mouse,1314.0,1035.0,,,Fixation
1669787173.529156,,Eye Tracker,1316.0,1035.0,Valid,Valid,Fixation
1669787173.533339,,Eye Tracker,1314.0,1035.0,Valid,Valid,Fixation
1669787173.548148,,Mouse,1313.5,1034.0,,,Fixation
1669787173.549994,,Eye Tracker,1313.0,1033.0,Valid,Valid,Fixation
1669787173.566649,,Eye Tracker,1311.0,1035.0,Valid,Valid,Fixation
1669787173.568147,,Eye Tracker,1313.0,1037.0,Valid,Valid,Fixation
1669787173.579278,,Eye Tracker,1320.0,1036.0,Valid,Valid,Fixation
1669787173.583303,,Eye Tracker,1314.0,1044.0,Valid,Valid,Fixation
1669787173.5982869,,Eye Tracker,1307.0,1040.0,Valid,Valid,Fixation
1669787173.599958,,Eye Tracker,1310.0,1037.0,Valid,Valid,Fixation
1669787173.616613,,Eye Tracker,1314.0,1040.0,Valid,Valid,Fixation
1669787173.619119,,Eye Tracker,1314.0,1039.0,Valid,Valid,Fixation
1669787173.633267,,Mouse,1312.25,1039.5,,,Fixation
1669787173.649922,MouseEvent,,1310.5,1040.0,,,Fixation
1669787173.6665769,,Mouse,1308.75,1040.5,,,Fixation
1669787173.6832309,,Eye Tracker,1307.0,1041.0,Valid,Valid,Fixation
1669787173.6998858,,Eye Tracker,1308.0,1044.0,Valid,Valid,Fixation
1669787173.716541,,Mouse,1311.5,1042.5,,,Fixation
1669787173.719285,,Eye Tracker,1315.0,1041.0,Valid,Valid,Fixation
1669787173.733196,,Eye Tracker,1316.0,1045.0,Valid,Valid,Fixation
1669787173.749851,,Mouse,1314.5,1049.0,,,Fixation
1669787173.7502909,,Eye Tracker,1313.0,1053.0,Valid,Valid,Fixation
1669787173.766506,,Eye Tracker,1309.0,1041.0,Valid,Valid,Fixation
1669787173.779263,,Mouse,1305.0,1040.5,,,Fixation
1669787173.783161,,Eye Tracker,1301.0,1040.0,Valid,Valid,Fixation
1669787173.790161,,Mouse,1303.5,1043.0,,,Fixation
1669787173.799815,,Eye Tracker,1306.0,1046.0,Valid,Valid,Fixation
1669787173.809068,,Mouse,1307.5,1042.5,,,Fixation
1669787173.81647,,Eye Tracker,1309.0,1039.0,Valid,Valid,Fixation
1669787173.819146,,Mouse,1307.3333333333333,1037.6666666666667,,,Fixation
1669787173.830339,,Mouse,1305.6666666666667,1036.3333333333333,,,Fixation
1669787173.8331249,,Eye Tracker,1304.0,1035.0,Valid,Valid,Fixation
1669787173.849148,,Mouse,1304.5,1038.0,,,Fixation
1669787173.849779,,Eye Tracker,1305.0,1041.0,Valid,Valid,Fixation
1669787173.8664339,,Eye Tracker,1310.0,1042.0,Valid,Valid,Fixation
1669787173.870117,,Mouse,1310.5,1039.0,,,Fixation
1669787173.8830888,,Eye Tracker,1311.0,1036.0,Valid,Valid,Fixation
1669787173.890277,,Eye Tracker,1307.0,1040.0,Valid,Valid,Fixation
1669787173.8997428,,Eye Tracker,1310.0,1041.0,Valid,Valid,Fixation
1669787173.910117,,Mouse,1309.0,1036.5,,,Fixation
1669787173.916398,,Eye Tracker,1308.0,1032.0,Valid,Valid,Fixation
1669787173.9213219,,Mouse,1305.5,1035.0,,,Fixation
1669787173.933053,,Eye Tracker,1303.0,1038.0,Valid,Valid,Fixation
1669787173.94014,,Eye Tracker,1302.0,1038.0,Valid,Valid,Fixation
1669787173.949708,,Eye Tracker,1302.0,1035.0,Valid,Valid,Fixation
1669787173.9504209,,Mouse,1304.5,1034.5,,,Fixation
1669787173.966363,,Eye Tracker,1307.0,1034.0,Valid,Valid,Fixation
1669787173.9701118,,Eye Tracker,1312.0,1033.0,Valid,Valid,Fixation
1669787173.983018,,Eye Tracker,1306.0,1044.0,Valid,Valid,Fixation
1669787173.99015,,Mouse,1303.5,1043.5,,,Fixation
1669787173.999672,,Eye Tracker,1301.0,1043.0,Valid,Valid,Fixation
1669787174.001107,,Eye Tracker,1305.0,1042.0,Valid,Valid,Fixation
1669787174.016327,,Eye Tracker,1305.0,1040.0,Valid,Valid,Fixation
1669787174.0301008,,Mouse,1304.5,1039.5,,,Fixation
1669787174.0329819,,Eye Tracker,1304.0,1039.0,Valid,Valid,Fixation
1669787174.0413458,,Eye Tracker,1280.0,1021.0,Valid,Valid,Saccade
1669787174.0496368,,Mouse,1244.0,980.5,,,Saccade
1669787174.060078,,Eye Tracker,1208.0,940.0,Valid,Valid,Saccade
1669787174.0662909,,Eye Tracker,1087.0,788.0,Valid,Valid,Saccade
1669787174.070139,,Eye Tracker,1010.0,658.0,Valid,Valid,Saccade
1669787174.080368,,Eye Tracker,984.0,597.0,Valid,Valid,Saccade
1669787174.0829458,,Eye Tracker,973.0,575.0,Valid,Valid,Fixation
1669787174.0917459,,Eye Tracker,969.0,580.0,Valid,Valid,Fixation
1669787174.099601,,Eye Tracker,965.0,590.0,Valid,Valid,Fixation
1669787174.116255,MouseEvent,,966.3333333333334,588.0,,,Fixation
1669787174.131168,,Mouse,967.6666666666666,586.0,,,Fixation
1669787174.13291,,Eye Tracker,969.0,584.0,Valid,Valid,Fixation
1669787174.149565,,Eye Tracker,972.0,577.0,Valid,Valid,Fixation
1669787174.16622,,Eye Tracker,971.0,578.0,Valid,Valid,Fixation
1669787174.182875,,Eye Tracker,971.0,586.0,Valid,Valid,Fixation
1669787174.19953,,Eye Tracker,968.0,582.0,Valid,Valid,Fixation
