Recording timestamp,Event,Sensor,Gaze point X,Gaze point Y,Validity left,Validity right,Eye movement type
1670925633.118,MouseEvent,,1725.3333333333333,243.66666666666666,,,Fixation
1670925633.134287,,Mouse,1727.6666666666667,242.33333333333334,,,Fixation
1670925633.150942,,Eye Tracker,1730.0,241.0,Valid,Valid,Fixation
1670925633.18176,,Eye Tracker,1728.0,249.0,Valid,Valid,Fixation
1670925633.198415,,Eye Tracker,1720.0,252.0,Valid,Valid,Fixation
1670925633.232454,,Eye Tracker,1720.0,251.0,Valid,Valid,Fixation
1670925633.249109,,Eye Tracker,1724.0,253.0,Valid,Valid,Fixation
1670925633.265764,,Mouse,1724.0,254.0,,,Fixation
1670925633.282419,,Eye Tracker,1724.0,255.0,Valid,Valid,Fixation
1670925633.299074,,Mouse,1721.6666666666667,253.33333333333334,,,Fixation
1670925633.3157291,,Mouse,1719.3333333333333,251.66666666666666,,,Fixation
1670925633.3266451,,Eye Tracker,1717.0,250.0,Valid,Valid,Fixation
1670925633.332383,,Mouse,1716.5,250.0,,,Fixation
1670925633.342591,,Eye Tracker,1716.0,250.0,Valid,Valid,Fixation
1670925633.3490381,,Mouse,1714.0,253.0,,,Fixation
1670925633.358586,,Eye Tracker,1712.0,256.0,Valid,Valid,Fixation
1670925633.365693,,Mouse,1699.5,250.0,,,Fixation
1670925633.3769991,,Eye Tracker,1687.0,244.0,Valid,Valid,Fixation
1670925633.382348,,Mouse,1596.0,283.0,,,Fixation
1670925633.390632,,Mouse,1505.0,322.0,,,Saccade
1670925633.399002,,Eye Tracker,1414.0,361.0,Valid,Valid,Saccade
1670925633.402677,,Mouse,1387.0,375.5,,,Saccade
1670925633.414674,,Eye Tracker,1360.0,390.0,Valid,Valid,Saccade
1670925633.415657,,Mouse,1353.5,398.5,,,Fixation
1670925633.430604,,Eye Tracker,1347.0,407.0,Valid,Valid,Fixation
1670925633.432312,,Mouse,1346.0,407.5,,,Fixation
1670925633.4466,,Eye Tracker,1345.0,408.0,Valid,Valid,Fixation
1670925633.448966,,Mouse,1348.6666666666667,407.3333333333333,,,Fixation
1670925633.462601,,Mouse,1352.3333333333333,406.6666666666667,,,Fixation
1670925633.465621,,Eye Tracker,1356.0,406.0,Valid,Valid,Fixation
1670925633.478595,,Mouse,1358.5,404.5,,,Fixation
1670925633.482276,,Eye Tracker,1361.0,403.0,Valid,Valid,Fixation
1670925633.494632,,Mouse,1362.5,400.0,,,Fixation
1670925633.49893,,Eye Tracker,1364.0,397.0,Valid,Valid,Fixation
1670925633.510634,,Mouse,1366.0,396.0,,,Fixation
1670925633.5155861,,Eye Tracker,1368.0,395.0,Valid,Valid,Fixation
1670925633.52659,,Eye Tracker,1366.0,394.0,Valid,Valid,Fixation
1670925633.532241,,Mouse,1365.5,398.0,,,Fixation
1670925633.542584,,Eye Tracker,1365.0,402.0,Valid,Valid,Fixation
1670925633.5488951,,Mouse,1369.0,400.5,,,Fixation
1670925633.558584,,Eye Tracker,1373.0,399.0,Valid,Valid,Fixation
1670925633.56555,,Mouse,1371.5,398.5,,,Fixation
1670925633.582205,,Eye Tracker,1370.0,398.0,Valid,Valid,Fixation
1670925633.582604,,Eye Tracker,1368.0,402.0,Valid,Valid,Fixation
1670925633.598859,,Mouse,1369.0,400.0,,,Fixation
1670925633.615514,,Eye Tracker,1370.0,398.0,Valid,Valid,Fixation
1670925633.632169,,Mouse,1371.5,399.0,,,Fixation
1670925633.648824,,Eye Tracker,1373.0,400.0,Valid,Valid,Fixation
1670925633.665478,,Mouse,1373.5,400.5,,,Fixation
1670925633.682133,,Eye Tracker,1374.0,401.0,Valid,Valid,Fixation
1670925633.698788,,Mouse,1374.0,395.0,,,Fixation
1670925633.715442,,Eye Tracker,1374.0,389.0,Valid,Valid,Fixation
1670925633.7320971,,Mouse,1367.0,389.5,,,Fixation
1670925633.748753,,Eye Tracker,1360.0,390.0,Valid,Valid,Fixation
1670925633.765407,,Mouse,1349.0,387.0,,,Fixation
1670925633.782062,,Eye Tracker,1338.0,384.0,Valid,Valid,Fixation
1670925633.798717,,Mouse,1213.0,398.5,,,Fixation
1670925633.815371,,Eye Tracker,1088.0,413.0,Valid,Valid,Saccade
1670925633.832026,,Mouse,1084.0,414.5,,,Saccade
1670925633.848681,,Eye Tracker,1080.0,416.0,Valid,Valid,Fixation
1670925633.865335,,Mouse,1079.0,415.5,,,Fixation
1670925633.88199,,Eye Tracker,1078.0,415.0,Valid,Valid,Fixation
1670925633.898645,,Mouse,1078.0,414.3333333333333,,,Fixation
1670925633.9153001,,Mouse,1078.0,413.6666666666667,,,Fixation
1670925633.9319541,,Eye Tracker,1078.0,413.0,Valid,Valid,Fixation
1670925633.948609,,Mouse,1079.0,415.0,,,Fixation
1670925633.965264,,Eye Tracker,1080.0,417.0,Valid,Valid,Fixation
1670925633.981919,,Mouse,1083.5,418.0,,,Fixation
1670925633.998574,,Eye Tracker,1087.0,419.0,Valid,Valid,Fixation
1670925634.015229,,Mouse,1088.5,416.5,,,Fixation
1670925634.031883,,Eye Tracker,1090.0,414.0,Valid,Valid,Fixation
1670925634.048538,,Mouse,1094.3333333333333,414.6666666666667,,,Fixation
1670925634.065193,,Mouse,1098.6666666666667,415.3333333333333,,,Fixation
1670925634.0807881,,Eye Tracker,1103.0,416.0,Valid,Valid,Fixation
1670925634.081847,,Mouse,1102.5,416.5,,,Fixation
1670925634.098502,,Eye Tracker,1102.0,417.0,Valid,Valid,Fixation
1670925634.1151571,,Mouse,1096.0,411.5,,,Fixation
1670925634.1318111,,Eye Tracker,1090.0,406.0,Valid,Valid,Fixation
1670925634.148466,,Mouse,1092.0,406.0,,,Fixation
1670925634.165121,,Eye Tracker,1094.0,406.0,Valid,Valid,Fixation
1670925634.181776,,Mouse,1095.5,408.0,,,Fixation
1670925634.19843,,Eye Tracker,1097.0,410.0,Valid,Valid,Fixation
1670925634.215085,,Mouse,1096.5,410.5,,,Fixation
1670925634.231741,,Eye Tracker,1096.0,411.0,Valid,Valid,Fixation
1670925634.248395,,Mouse,1099.0,408.6666666666667,,,Fixation
1670925634.26505,,Mouse,1102.0,406.3333333333333,,,Fixation
1670925634.2817051,,Eye Tracker,1105.0,404.0,Valid,Valid,Fixation
1670925634.298359,,Eye Tracker,1111.0,406.0,Valid,Valid,Fixation
1670925634.3150141,,Mouse,1146.0,412.3333333333333,,,Fixation
1670925634.331669,,Mouse,1181.0,418.6666666666667,,,Saccade
1670925634.348323,,Eye Tracker,1216.0,425.0,Valid,Valid,Saccade
1670925634.364978,,Mouse,1265.5,427.0,,,Saccade
1670925634.3748221,,Eye Tracker,1315.0,429.0,Valid,Valid,Saccade
1670925634.381633,,Mouse,1341.0,432.0,,,Saccade
1670925634.3908021,,Eye Tracker,1367.0,435.0,Valid,Valid,Saccade
1670925634.398287,,Mouse,1369.0,435.5,,,Saccade
1670925634.406825,,Eye Tracker,1371.0,436.0,Valid,Valid,Fixation
1670925634.414942,,Mouse,1370.5,435.5,,,Fixation
1670925634.422831,,Eye Tracker,1370.0,435.0,Valid,Valid,Fixation
1670925634.431597,,Mouse,1368.5,434.0,,,Fixation
1670925634.438739,,Eye Tracker,1367.0,433.0,Valid,Valid,Fixation
1670925634.448252,,Mouse,1366.5,432.5,,,Fixation
1670925634.454819,,Eye Tracker,1366.0,432.0,Valid,Valid,Fixation
1670925634.464907,,Eye Tracker,1360.0,433.0,Valid,Valid,Fixation
1670925634.470678,,Mouse,1357.3333333333333,431.6666666666667,,,Fixation
1670925634.4815621,,Mouse,1354.6666666666667,430.3333333333333,,,Fixation
1670925634.486681,,Eye Tracker,1352.0,429.0,Valid,Valid,Fixation
1670925634.498217,,Mouse,1351.5,428.0,,,Fixation
1670925634.502718,,Eye Tracker,1351.0,427.0,Valid,Valid,Fixation
1670925634.5148711,,Mouse,1352.0,430.0,,,Fixation
1670925634.5188751,,Eye Tracker,1353.0,433.0,Valid,Valid,Fixation
1670925634.531526,,Mouse,1353.5,434.5,,,Fixation
1670925634.534703,,Eye Tracker,1354.0,436.0,Valid,Valid,Fixation
1670925634.548181,,Mouse,1350.6666666666667,436.3333333333333,,,Fixation
1670925634.550671,,Mouse,1347.3333333333333,436.6666666666667,,,Fixation
1670925634.564835,,Eye Tracker,1344.0,437.0,Valid,Valid,Fixation
1670925634.566701,,Mouse,1346.0,436.0,,,Fixation
1670925634.58149,,Eye Tracker,1348.0,435.0,Valid,Valid,Fixation
1670925634.598145,,Mouse,1372.0,424.0,,,Saccade
1670925634.614708,,Eye Tracker,1396.0,413.0,Valid,Valid,Saccade
1670925634.614799,,Mouse,1414.0,406.0,,,Saccade
1670925634.631454,,Eye Tracker,1432.0,399.0,Valid,Valid,Saccade
1670925634.648109,,Mouse,1447.0,398.0,,,Saccade
1670925634.664763,,Eye Tracker,1462.0,397.0,Valid,Valid,Saccade
1670925634.681418,,Mouse,1464.0,397.0,,,Fixation
1670925634.698074,,Eye Tracker,1466.0,397.0,Valid,Valid,Fixation
1670925634.714729,,Mouse,1464.0,397.0,,,Fixation
1670925634.718861,,Mouse,1462.0,397.0,,,Fixation
1670925634.718861,,Eye Tracker,1460.0,397.0,Valid,Valid,Fixation
1670925634.731383,,Eye Tracker,1461.0,393.0,Valid,Valid,Fixation
1670925634.748038,,Mouse,1460.0,393.0,,,Fixation
1670925634.764693,,Mouse,1459.0,393.0,,,Fixation
1670925634.781347,,Eye Tracker,1458.0,393.0,Valid,Valid,Fixation
1670925634.7828991,,Mouse,1456.5,394.5,,,Fixation
1670925634.7828991,,Eye Tracker,1455.0,396.0,Valid,Valid,Fixation
1670925634.798002,,Mouse,1455.5,396.5,,,Fixation
1670925634.814657,,Eye Tracker,1456.0,397.0,Valid,Valid,Fixation
1670925634.831311,,Mouse,1457.0,396.0,,,Fixation
1670925634.847966,,Eye Tracker,1458.0,395.0,Valid,Valid,Fixation
1670925634.864621,,Mouse,1458.0,394.3333333333333,,,Fixation
1670925634.881275,,Mouse,1458.0,393.6666666666667,,,Fixation
1670925634.8979301,,Eye Tracker,1458.0,393.0,Valid,Valid,Fixation
1670925634.910731,,Eye Tracker,1459.0,392.0,Valid,Valid,Fixation
1670925634.914585,,Mouse,1458.3333333333333,391.0,,,Fixation
1670925634.93124,,Mouse,1457.6666666666667,390.0,,,Fixation
1670925634.932803,,Eye Tracker,1457.0,389.0,Valid,Valid,Fixation
1670925634.947895,,Mouse,1455.5,388.5,,,Fixation
1670925634.950687,,Eye Tracker,1454.0,388.0,Valid,Valid,Fixation
1670925634.96455,,Mouse,1453.0,390.5,,,Fixation
1670925634.9669461,,Eye Tracker,1452.0,393.0,Valid,Valid,Fixation
1670925634.981205,,Mouse,1453.5,391.5,,,Fixation
1670925634.982718,,Eye Tracker,1455.0,390.0,Valid,Valid,Fixation
1670925634.997859,,Mouse,1454.5,392.5,,,Fixation
1670925634.998989,,Eye Tracker,1454.0,395.0,Valid,Valid,Fixation
1670925635.014514,,Mouse,1455.0,397.0,,,Fixation
1670925635.014987,,Eye Tracker,1456.0,399.0,Valid,Valid,Fixation
1670925635.031106,,Mouse,1458.0,398.5,,,Fixation
1670925635.031169,,Eye Tracker,1460.0,398.0,Valid,Valid,Fixation
1670925635.047067,,Mouse,1459.0,399.6666666666667,,,Fixation
1670925635.047823,,Mouse,1458.0,401.3333333333333,,,Fixation
1670925635.063111,,Eye Tracker,1457.0,403.0,Valid,Valid,Fixation
1670925635.064478,,Mouse,1452.0,405.5,,,Fixation
1670925635.078873,,Eye Tracker,1447.0,408.0,Valid,Valid,Fixation
1670925635.0811331,,Mouse,1443.5,412.5,,,Fixation
1670925635.0949001,,Eye Tracker,1440.0,417.0,Valid,Valid,Fixation
1670925635.0977871,,Mouse,1372.3333333333333,436.6666666666667,,,Fixation
1670925635.111198,,Mouse,1304.6666666666667,456.3333333333333,,,Saccade
1670925635.114442,,Eye Tracker,1237.0,476.0,Valid,Valid,Saccade
1670925635.126873,,Eye Tracker,1232.0,476.0,Valid,Valid,Fixation
1670925635.131097,,Mouse,1231.3333333333333,475.0,,,Fixation
1670925635.143124,,Mouse,1230.6666666666667,474.0,,,Fixation
1670925635.147751,,Eye Tracker,1230.0,473.0,Valid,Valid,Fixation
1670925635.158897,,Mouse,1232.0,471.5,,,Fixation
1670925635.164407,,Eye Tracker,1234.0,470.0,Valid,Valid,Fixation
1670925635.17468,,Eye Tracker,1240.0,482.0,Valid,Valid,Fixation
1670925635.181062,,Mouse,1241.0,483.3333333333333,,,Fixation
1670925635.190676,,Mouse,1242.0,484.6666666666667,,,Fixation
1670925635.197716,,Eye Tracker,1243.0,486.0,Valid,Valid,Fixation
1670925635.206798,,Mouse,1246.0,480.5,,,Fixation
1670925635.214371,,Eye Tracker,1249.0,475.0,Valid,Valid,Fixation
1670925635.222817,,Mouse,1251.5,475.0,,,Fixation
1670925635.231026,,Eye Tracker,1254.0,475.0,Valid,Valid,Fixation
1670925635.238817,,Mouse,1252.0,476.0,,,Fixation
1670925635.2476811,,Mouse,1250.0,477.0,,,Fixation
1670925635.254803,,Eye Tracker,1248.0,478.0,Valid,Valid,Fixation
1670925635.264335,,Mouse,1245.5,478.0,,,Fixation
1670925635.270812,,Eye Tracker,1243.0,478.0,Valid,Valid,Fixation
1670925635.2809901,,Mouse,1244.0,473.5,,,Fixation
1670925635.286731,,Eye Tracker,1245.0,469.0,Valid,Valid,Fixation
1670925635.297645,,Mouse,1246.5,469.0,,,Fixation
1670925635.302821,,Eye Tracker,1248.0,469.0,Valid,Valid,Fixation
1670925635.314299,,Eye Tracker,1246.0,476.0,Valid,Valid,Fixation
1670925635.31881,,Mouse,1244.0,474.6666666666667,,,Fixation
1670925635.330954,,Mouse,1242.0,473.3333333333333,,,Fixation
1670925635.334811,,Eye Tracker,1240.0,472.0,Valid,Valid,Fixation
1670925635.347609,,Mouse,1242.0,468.5,,,Fixation
1670925635.350687,,Eye Tracker,1244.0,465.0,Valid,Valid,Fixation
1670925635.364263,,Mouse,1246.0,465.0,,,Fixation
1670925635.366683,,Eye Tracker,1248.0,465.0,Valid,Valid,Fixation
1670925635.380918,,Mouse,1247.0,466.0,,,Fixation
1670925635.3828251,,Eye Tracker,1246.0,467.0,Valid,Valid,Fixation
1670925635.397573,,Mouse,1247.5,467.0,,,Fixation
1670925635.406679,,Eye Tracker,1249.0,467.0,Valid,Valid,Fixation
1670925635.414228,,Mouse,1249.5,468.0,,,Fixation
1670925635.422678,,Eye Tracker,1250.0,469.0,Valid,Valid,Fixation
1670925635.430883,,Mouse,1242.0,474.0,,,Fixation
1670925635.438854,,Eye Tracker,1234.0,479.0,Valid,Valid,Fixation
1670925635.4475381,,Mouse,1225.5,490.0,,,Saccade
1670925635.45482,,Eye Tracker,1217.0,501.0,Valid,Valid,Saccade
1670925635.464192,,Mouse,1216.5,502.5,,,Saccade
1670925635.470818,,Eye Tracker,1216.0,504.0,Valid,Valid,Fixation
1670925635.4808471,,Mouse,1211.0,507.5,,,Fixation
1670925635.48681,,Eye Tracker,1206.0,511.0,Valid,Valid,Fixation
1670925635.497502,,Mouse,1204.6666666666667,512.3333333333334,,,Fixation
1670925635.502825,,Mouse,1203.3333333333333,513.6666666666666,,,Fixation
1670925635.514157,,Eye Tracker,1202.0,515.0,Valid,Valid,Fixation
1670925635.518856,,Mouse,1207.0,514.5,,,Fixation
1670925635.530811,,Eye Tracker,1212.0,514.0,Valid,Valid,Fixation
1670925635.547466,,Mouse,1213.0,516.0,,,Fixation
1670925635.564121,,Eye Tracker,1214.0,518.0,Valid,Valid,Fixation
1670925635.580775,,Mouse,1211.0,519.5,,,Fixation
1670925635.5908191,,Eye Tracker,1208.0,521.0,Valid,Valid,Fixation
1670925635.59743,,Mouse,1207.5,520.5,,,Fixation
1670925635.606723,,Eye Tracker,1207.0,520.0,Valid,Valid,Fixation
1670925635.614085,,Mouse,1207.6666666666667,520.6666666666666,,,Fixation
1670925635.622697,,Mouse,1208.3333333333333,521.3333333333334,,,Fixation
1670925635.630739,,Eye Tracker,1209.0,522.0,Valid,Valid,Fixation
1670925635.6386921,,Mouse,1209.0,521.5,,,Fixation
1670925635.6473951,,Eye Tracker,1209.0,521.0,Valid,Valid,Fixation
1670925635.654685,,Eye Tracker,1201.0,518.0,Valid,Valid,Fixation
1670925635.66405,,Mouse,1199.6666666666667,519.0,,,Fixation
1670925635.6707,,Mouse,1198.3333333333333,520.0,,,Fixation
1670925635.680704,,Eye Tracker,1197.0,521.0,Valid,Valid,Fixation
1670925635.686681,,Mouse,1200.0,521.0,,,Fixation
1670925635.697359,,Eye Tracker,1203.0,521.0,Valid,Valid,Fixation
1670925635.710687,,Mouse,1205.0,521.0,,,Fixation
1670925635.714014,,Eye Tracker,1207.0,521.0,Valid,Valid,Fixation
1670925635.726689,,Mouse,1207.5,522.0,,,Fixation
1670925635.730668,,Eye Tracker,1208.0,523.0,Valid,Valid,Fixation
1670925635.7426841,,Mouse,1208.6666666666667,521.0,,,Fixation
1670925635.747323,,Mouse,1209.3333333333333,519.0,,,Fixation
1670925635.758821,,Eye Tracker,1210.0,517.0,Valid,Valid,Fixation
1670925635.763978,,Eye Tracker,1212.0,513.0,Valid,Valid,Fixation
1670925635.774816,,Mouse,1211.0,514.6666666666666,,,Fixation
1670925635.780633,,Mouse,1210.0,516.3333333333334,,,Fixation
1670925635.790811,,Eye Tracker,1209.0,518.0,Valid,Valid,Fixation
1670925635.797287,,Mouse,1208.0,518.6666666666666,,,Fixation
1670925635.8068151,,Mouse,1207.0,519.3333333333334,,,Fixation
1670925635.813942,,Eye Tracker,1206.0,520.0,Valid,Valid,Fixation
1670925635.822824,,Eye Tracker,1206.0,517.0,Valid,Valid,Fixation
1670925635.830597,,Mouse,1206.5,514.5,,,Fixation
1670925635.838816,,Eye Tracker,1207.0,512.0,Valid,Valid,Fixation
1670925635.847251,,Mouse,1206.5,513.0,,,Fixation
1670925635.8639061,,Eye Tracker,1206.0,514.0,Valid,Valid,Fixation
1670925635.880562,,Mouse,1205.0,519.5,,,Fixation
1670925635.897216,,Eye Tracker,1204.0,525.0,Valid,Valid,Fixation
1670925635.913871,,Mouse,1204.3333333333333,525.0,,,Fixation
1670925635.927291,,Mouse,1204.6666666666667,525.0,,,Fixation
1670925635.927291,,Eye Tracker,1205.0,525.0,Valid,Valid,Fixation
1670925635.930526,,Mouse,1207.5,521.5,,,Fixation
1670925635.94718,,Eye Tracker,1210.0,518.0,Valid,Valid,Fixation
1670925635.963835,,Eye Tracker,1210.0,516.0,Valid,Valid,Fixation
1670925635.966863,,Mouse,1206.3333333333333,516.0,,,Fixation
1670925635.966863,,Mouse,1202.6666666666667,516.0,,,Fixation
1670925635.98049,,Eye Tracker,1199.0,516.0,Valid,Valid,Fixation
1670925635.997144,,Mouse,1195.5,516.0,,,Fixation
1670925636.013799,,Eye Tracker,1192.0,516.0,Valid,Valid,Fixation
1670925636.030454,,Mouse,1195.0,516.0,,,Fixation
1670925636.0306141,,Eye Tracker,1198.0,516.0,Valid,Valid,Fixation
1670925636.046745,,Mouse,1200.0,517.5,,,Fixation
1670925636.0471091,,Eye Tracker,1202.0,519.0,Valid,Valid,Fixation
1670925636.06267,,Mouse,1202.0,519.0,,,Fixation
1670925636.0637631,,Eye Tracker,1202.0,519.0,Valid,Valid,Fixation
1670925636.07863,,Mouse,1199.0,517.0,,,Fixation
1670925636.080418,,Eye Tracker,1196.0,515.0,Valid,Valid,Fixation
1670925636.094671,,Mouse,1195.5,513.0,,,Fixation
1670925636.097073,,Eye Tracker,1195.0,511.0,Valid,Valid,Fixation
1670925636.110918,,Mouse,1196.0,509.0,,,Fixation
1670925636.113728,,Eye Tracker,1197.0,507.0,Valid,Valid,Fixation
1670925636.127098,,Mouse,1198.0,509.0,,,Fixation
1670925636.130383,,Eye Tracker,1199.0,511.0,Valid,Valid,Fixation
1670925636.142678,,Mouse,1197.5,512.0,,,Fixation
1670925636.147038,,Eye Tracker,1196.0,513.0,Valid,Valid,Fixation
1670925636.158684,,Mouse,1196.0,512.0,,,Fixation
1670925636.163692,,Eye Tracker,1196.0,511.0,Valid,Valid,Fixation
1670925636.174899,,Mouse,1195.5,512.0,,,Fixation
1670925636.180347,,Eye Tracker,1195.0,513.0,Valid,Valid,Fixation
1670925636.190684,,Mouse,1190.6666666666667,512.6666666666666,,,Fixation
1670925636.197002,,Mouse,1186.3333333333333,512.3333333333334,,,Fixation
1670925636.206683,,Eye Tracker,1182.0,512.0,Valid,Valid,Fixation
1670925636.213656,,Mouse,1183.5,513.0,,,Fixation
1670925636.222878,,Eye Tracker,1185.0,514.0,Valid,Valid,Fixation
1670925636.230311,,Mouse,1174.5,525.5,,,Saccade
1670925636.238684,,Eye Tracker,1164.0,537.0,Valid,Valid,Saccade
1670925636.2469661,,Mouse,1152.5,545.5,,,Saccade
1670925636.254888,,Eye Tracker,1141.0,554.0,Valid,Valid,Saccade
1670925636.2636201,,Eye Tracker,1132.0,551.0,Valid,Valid,Fixation
1670925636.270687,,Mouse,1131.0,552.0,,,Fixation
1670925636.280275,,Eye Tracker,1130.0,553.0,Valid,Valid,Fixation
1670925636.28665,,Mouse,1130.6666666666667,554.3333333333334,,,Fixation
1670925636.29693,,Mouse,1131.3333333333333,555.6666666666666,,,Fixation
1670925636.302845,,Eye Tracker,1132.0,557.0,Valid,Valid,Fixation
1670925636.313585,,Eye Tracker,1131.0,553.0,Valid,Valid,Fixation
1670925636.318891,,Mouse,1129.3333333333333,551.6666666666666,,,Fixation
1670925636.330239,,Mouse,1127.6666666666667,550.3333333333334,,,Fixation
1670925636.334817,,Eye Tracker,1126.0,549.0,Valid,Valid,Fixation
1670925636.346894,,Mouse,1125.0,550.0,,,Fixation
1670925636.3507721,,Eye Tracker,1124.0,551.0,Valid,Valid,Fixation
1670925636.36355,,Mouse,1122.5,552.0,,,Fixation
1670925636.3748171,,Eye Tracker,1121.0,553.0,Valid,Valid,Fixation
1670925636.380204,,Mouse,1122.0,552.6666666666666,,,Fixation
1670925636.39067,,Mouse,1123.0,552.3333333333334,,,Fixation
1670925636.396859,,Eye Tracker,1124.0,552.0,Valid,Valid,Fixation
1670925636.406735,,Mouse,1123.5,553.0,,,Fixation
1670925636.4135141,,Eye Tracker,1123.0,554.0,Valid,Valid,Fixation
1670925636.422771,,Eye Tracker,1120.0,552.0,Valid,Valid,Fixation
1670925636.430168,,Mouse,1119.3333333333333,552.0,,,Fixation
1670925636.438631,,Mouse,1118.6666666666667,552.0,,,Fixation
1670925636.4468231,,Eye Tracker,1118.0,552.0,Valid,Valid,Fixation
1670925636.45477,,Mouse,1117.5,553.0,,,Fixation
1670925636.463478,,Eye Tracker,1117.0,554.0,Valid,Valid,Fixation
1670925636.470771,,Mouse,1117.0,553.5,,,Fixation
1670925636.480132,,Eye Tracker,1117.0,553.0,Valid,Valid,Fixation
1670925636.486767,,Mouse,1115.5,551.0,,,Fixation
1670925636.496787,,Eye Tracker,1114.0,549.0,Valid,Valid,Fixation
1670925636.502733,,Mouse,1098.0,552.0,,,Saccade
1670925636.513442,,Eye Tracker,1082.0,555.0,Valid,Valid,Saccade
1670925636.518767,,Eye Tracker,1035.0,555.0,Valid,Valid,Saccade
1670925636.530096,,Mouse,1006.5,545.5,,,Saccade
1670925636.534765,,Eye Tracker,978.0,536.0,Valid,Valid,Saccade
1670925636.546751,,Mouse,975.0,535.0,,,Saccade
1670925636.550777,,Eye Tracker,972.0,534.0,Valid,Valid,Fixation
1670925636.563406,,Mouse,973.5,537.5,,,Fixation
1670925636.566764,,Eye Tracker,975.0,541.0,Valid,Valid,Fixation
1670925636.580061,,Mouse,974.0,541.0,,,Fixation
1670925636.5827951,,Eye Tracker,973.0,541.0,Valid,Valid,Fixation
1670925636.596716,,Mouse,976.5,543.0,,,Fixation
1670925636.60677,,Eye Tracker,980.0,545.0,Valid,Valid,Fixation
1670925636.6133711,,Mouse,980.5,544.0,,,Fixation
1670925636.630026,,Eye Tracker,981.0,543.0,Valid,Valid,Fixation
1670925636.64668,,Mouse,979.5,542.5,,,Fixation
1670925636.663335,,Eye Tracker,978.0,542.0,Valid,Valid,Fixation
1670925636.678809,,Mouse,978.0,540.5,,,Fixation
1670925636.67999,,Eye Tracker,978.0,539.0,Valid,Valid,Fixation
1670925636.696644,,Mouse,977.5,538.0,,,Fixation
1670925636.713299,,Eye Tracker,977.0,537.0,Valid,Valid,Fixation
1670925636.729954,,Mouse,978.0,537.0,,,Fixation
1670925636.746608,,Mouse,979.0,537.0,,,Fixation
1670925636.763263,,Eye Tracker,980.0,537.0,Valid,Valid,Fixation
1670925636.779918,,Mouse,981.0,537.0,,,Fixation
1670925636.791351,,Eye Tracker,982.0,537.0,Valid,Valid,Fixation
1670925636.791351,,Mouse,982.5,539.5,,,Fixation
1670925636.796572,,Eye Tracker,983.0,542.0,Valid,Valid,Fixation
1670925636.813227,,Mouse,985.0,542.0,,,Fixation
1670925636.829883,,Eye Tracker,987.0,542.0,Valid,Valid,Fixation
1670925636.846538,,Mouse,984.0,542.0,,,Fixation
1670925636.847192,,Eye Tracker,981.0,542.0,Valid,Valid,Fixation
1670925636.847192,,Mouse,981.0,542.5,,,Fixation
1670925636.863192,,Eye Tracker,981.0,543.0,Valid,Valid,Fixation
1670925636.879847,,Mouse,982.5,541.5,,,Fixation
1670925636.896502,,Eye Tracker,984.0,540.0,Valid,Valid,Fixation
1670925636.913156,,Mouse,983.0,540.0,,,Fixation
1670925636.929811,,Eye Tracker,982.0,540.0,Valid,Valid,Fixation
1670925636.946466,,Mouse,981.3333333333334,539.6666666666666,,,Fixation
1670925636.96312,,Mouse,980.6666666666666,539.3333333333334,,,Fixation
1670925636.979775,,Eye Tracker,980.0,539.0,Valid,Valid,Fixation
1670925636.99643,,Mouse,978.0,536.0,,,Fixation
1670925637.013084,,Eye Tracker,976.0,533.0,Valid,Valid,Fixation
1670925637.0297391,,Mouse,974.5,533.5,,,Fixation
1670925637.046394,,Eye Tracker,973.0,534.0,Valid,Valid,Fixation
1670925637.063049,,Mouse,973.0,537.5,,,Fixation
1670925637.079704,,Eye Tracker,973.0,541.0,Valid,Valid,Fixation
1670925637.096359,,Mouse,971.6666666666666,540.6666666666666,,,Fixation
1670925637.113014,,Mouse,970.3333333333334,540.3333333333334,,,Fixation
1670925637.129668,,Eye Tracker,969.0,540.0,Valid,Valid,Fixation
1670925637.146323,,Eye Tracker,971.0,538.0,Valid,Valid,Fixation
1670925637.162978,,Mouse,971.0,537.3333333333334,,,Fixation
1670925637.179632,,Mouse,971.0,536.6666666666666,,,Fixation
1670925637.196287,,Eye Tracker,971.0,536.0,Valid,Valid,Fixation
1670925637.2129421,,Mouse,966.0,532.5,,,Fixation
1670925637.2295961,,Eye Tracker,961.0,529.0,Valid,Valid,Fixation
1670925637.246251,,Eye Tracker,959.0,531.0,Valid,Valid,Fixation
1670925637.262906,,Mouse,957.5,527.5,,,Fixation
1670925637.27956,,Eye Tracker,956.0,524.0,Valid,Valid,Fixation
1670925637.296216,,Mouse,955.0,523.0,,,Fixation
1670925637.312871,,Eye Tracker,954.0,522.0,Valid,Valid,Fixation
1670925637.329525,,Mouse,951.5,519.0,,,Fixation
1670925637.34618,,Eye Tracker,949.0,516.0,Valid,Valid,Fixation
1670925637.362835,,Mouse,940.5,503.5,,,Saccade
1670925637.3794901,,Eye Tracker,932.0,491.0,Valid,Valid,Saccade
1670925637.429454,,Mouse,917.5,474.0,,,Saccade
1670925637.446108,,Eye Tracker,903.0,457.0,Valid,Valid,Saccade
1670925637.462763,,Eye Tracker,888.0,448.0,Valid,Valid,Fixation
1670925637.479418,,Mouse,885.5,446.5,,,Fixation
1670925637.483419,,Eye Tracker,883.0,445.0,Valid,Valid,Fixation
1670925637.496072,,Mouse,884.0,444.5,,,Fixation
1670925637.512727,,Eye Tracker,885.0,444.0,Valid,Valid,Fixation
1670925637.521819,,Mouse,885.0,446.0,,,Fixation
1670925637.529382,,Eye Tracker,885.0,448.0,Valid,Valid,Fixation
1670925637.546036,,Mouse,885.0,448.0,,,Fixation
1670925637.562691,,Eye Tracker,885.0,448.0,Valid,Valid,Fixation
1670925637.579346,,Mouse,885.0,446.0,,,Fixation
1670925637.596,,Eye Tracker,885.0,444.0,Valid,Valid,Fixation
1670925637.612655,,Mouse,883.5,440.5,,,Fixation
1670925637.6293101,,Eye Tracker,882.0,437.0,Valid,Valid,Fixation
1670925637.645965,,Mouse,880.5,437.0,,,Fixation
1670925637.662619,,Eye Tracker,879.0,437.0,Valid,Valid,Fixation
1670925637.679274,,Mouse,871.5,436.0,,,Fixation
1670925637.695929,,Eye Tracker,864.0,435.0,Valid,Valid,Fixation
1670925637.712583,,Eye Tracker,839.0,432.0,Valid,Valid,Saccade
1670925637.729238,,Mouse,751.5,401.5,,,Saccade
1670925637.745893,,Eye Tracker,664.0,371.0,Valid,Valid,Saccade
1670925637.762546,,Mouse,660.6666666666666,364.6666666666667,,,Saccade
1670925637.779202,,Mouse,657.3333333333334,358.3333333333333,,,Fixation
1670925637.795857,,Eye Tracker,654.0,352.0,Valid,Valid,Fixation
1670925637.812511,,Mouse,651.0,345.0,,,Fixation
1670925637.822723,,Eye Tracker,648.0,338.0,Valid,Valid,Fixation
1670925637.829166,,Mouse,648.0,339.0,,,Fixation
1670925637.8386831,,Eye Tracker,648.0,340.0,Valid,Valid,Fixation
1670925637.8458211,,Mouse,649.5,343.5,,,Fixation
1670925637.854913,,Eye Tracker,651.0,347.0,Valid,Valid,Fixation
1670925637.862475,,Mouse,655.0,350.0,,,Fixation
1670925637.870678,,Eye Tracker,659.0,353.0,Valid,Valid,Fixation
1670925637.8791301,,Mouse,660.5,352.0,,,Fixation
1670925637.886912,,Eye Tracker,662.0,351.0,Valid,Valid,Fixation
1670925637.895785,,Mouse,659.6666666666666,347.0,,,Fixation
1670925637.902906,,Mouse,657.3333333333334,343.0,,,Fixation
1670925637.91244,,Eye Tracker,655.0,339.0,Valid,Valid,Fixation
1670925637.918674,,Eye Tracker,649.0,338.0,Valid,Valid,Fixation
1670925637.929094,,Mouse,641.6666666666666,334.6666666666667,,,Fixation
1670925637.934694,,Mouse,634.3333333333334,331.3333333333333,,,Fixation
1670925637.945749,,Eye Tracker,627.0,328.0,Valid,Valid,Fixation
1670925637.950689,,Mouse,581.5,299.0,,,Fixation
1670925637.962403,,Eye Tracker,536.0,270.0,Valid,Valid,Saccade
1670925637.966609,,Mouse,520.5,261.5,,,Saccade
1670925637.979057,,Eye Tracker,505.0,253.0,Valid,Valid,Saccade
1670925637.982687,,Mouse,500.6666666666667,249.0,,,Saccade
1670925637.995712,,Mouse,496.3333333333333,245.0,,,Fixation
1670925637.998678,,Eye Tracker,492.0,241.0,Valid,Valid,Fixation
1670925638.012368,,Mouse,495.0,240.0,,,Fixation
1670925638.014715,,Eye Tracker,498.0,239.0,Valid,Valid,Fixation
1670925638.029022,,Mouse,500.0,240.0,,,Fixation
1670925638.0387,,Eye Tracker,502.0,241.0,Valid,Valid,Fixation
1670925638.045677,,Mouse,502.3333333333333,241.33333333333334,,,Fixation
1670925638.054714,,Mouse,502.6666666666667,241.66666666666666,,,Fixation
1670925638.062332,,Eye Tracker,503.0,242.0,Valid,Valid,Fixation
1670925638.0706491,,Eye Tracker,503.0,238.0,Valid,Valid,Fixation
1670925638.078986,,Mouse,502.5,240.5,,,Fixation
1670925638.086674,,Eye Tracker,502.0,243.0,Valid,Valid,Fixation
1670925638.0956411,,Mouse,502.5,244.5,,,Fixation
1670925638.10272,,Eye Tracker,503.0,246.0,Valid,Valid,Fixation
1670925638.112296,,Mouse,492.0,235.5,,,Fixation
1670925638.118671,,Eye Tracker,481.0,225.0,Valid,Valid,Saccade
1670925638.12895,,Mouse,468.0,216.5,,,Saccade
1670925638.145605,,Eye Tracker,455.0,208.0,Valid,Valid,Saccade
1670925638.16226,,Mouse,445.0,205.33333333333334,,,Saccade
1670925638.17182,,Mouse,435.0,202.66666666666666,,,Saccade
1670925638.178914,,Eye Tracker,425.0,200.0,Valid,Valid,Saccade
1670925638.182796,,Mouse,420.0,194.5,,,Saccade
1670925638.195568,,Eye Tracker,415.0,189.0,Valid,Valid,Fixation
1670925638.198615,,Mouse,414.0,189.5,,,Fixation
1670925638.212223,,Eye Tracker,413.0,190.0,Valid,Valid,Fixation
1670925638.214755,,Mouse,414.0,190.5,,,Fixation
1670925638.228878,,Eye Tracker,415.0,191.0,Valid,Valid,Fixation
1670925638.230666,,Mouse,418.5,192.0,,,Fixation
1670925638.245533,,Eye Tracker,422.0,193.0,Valid,Valid,Fixation
1670925638.246637,,Mouse,424.5,196.5,,,Fixation
1670925638.262188,,Eye Tracker,427.0,200.0,Valid,Valid,Fixation
1670925638.26268,,Mouse,428.0,199.0,,,Fixation
1670925638.278673,,Mouse,429.0,198.0,,,Fixation
1670925638.278843,,Eye Tracker,430.0,197.0,Valid,Valid,Fixation
1670925638.2945821,,Mouse,429.5,196.0,,,Fixation
1670925638.295497,,Eye Tracker,429.0,195.0,Valid,Valid,Fixation
1670925638.3121521,,Eye Tracker,426.0,198.0,Valid,Valid,Fixation
1670925638.328807,,Eye Tracker,438.0,205.0,Valid,Valid,Fixation
1670925638.34546,,Mouse,461.0,215.5,,,Fixation
1670925638.3621151,,Eye Tracker,484.0,226.0,Valid,Valid,Saccade
1670925638.37877,,Mouse,516.0,249.0,,,Saccade
1670925638.382707,,Eye Tracker,548.0,272.0,Valid,Valid,Saccade
1670925638.3954241,,Mouse,555.5,272.5,,,Fixation
1670925638.398649,,Eye Tracker,563.0,273.0,Valid,Valid,Fixation
1670925638.412079,,Eye Tracker,566.0,275.0,Valid,Valid,Fixation
1670925638.414766,,Mouse,567.3333333333334,275.3333333333333,,,Fixation
1670925638.428734,,Mouse,568.6666666666666,275.6666666666667,,,Fixation
1670925638.430805,,Eye Tracker,570.0,276.0,Valid,Valid,Fixation
1670925638.445389,,Mouse,567.0,274.0,,,Fixation
1670925638.446667,,Eye Tracker,564.0,272.0,Valid,Valid,Fixation
1670925638.462043,,Mouse,556.5,270.5,,,Fixation
1670925638.46272,,Eye Tracker,549.0,269.0,Valid,Valid,Fixation
1670925638.478698,,Mouse,547.5,267.5,,,Fixation
1670925638.486634,,Eye Tracker,546.0,266.0,Valid,Valid,Fixation
1670925638.495354,,Mouse,542.3333333333334,264.6666666666667,,,Fixation
1670925638.5026371,,Mouse,538.6666666666666,263.3333333333333,,,Fixation
1670925638.512008,,Eye Tracker,535.0,262.0,Valid,Valid,Fixation
1670925638.518682,,Mouse,534.0,260.5,,,Fixation
1670925638.528663,,Eye Tracker,533.0,259.0,Valid,Valid,Fixation
1670925638.534632,,Mouse,542.0,261.5,,,Fixation
1670925638.545317,,Eye Tracker,551.0,264.0,Valid,Valid,Fixation
1670925638.55064,,Mouse,553.3333333333334,264.3333333333333,,,Fixation
1670925638.561971,,Mouse,555.6666666666666,264.6666666666667,,,Fixation
1670925638.5749931,,Eye Tracker,558.0,265.0,Valid,Valid,Fixation
1670925638.578626,,Mouse,560.0,263.0,,,Fixation
1670925638.5952811,,Eye Tracker,562.0,261.0,Valid,Valid,Fixation
1670925638.598877,,Mouse,562.0,262.0,,,Fixation
1670925638.6119351,,Eye Tracker,562.0,263.0,Valid,Valid,Fixation
1670925638.6149201,,Mouse,554.5,256.5,,,Fixation
1670925638.62859,,Eye Tracker,547.0,250.0,Valid,Valid,Fixation
1670925638.63068,,Mouse,545.5,247.0,,,Fixation
1670925638.645245,,Eye Tracker,544.0,244.0,Valid,Valid,Fixation
1670925638.646674,,Mouse,542.0,244.0,,,Fixation
1670925638.661899,,Eye Tracker,540.0,244.0,Valid,Valid,Fixation
1670925638.662658,,Mouse,537.5,242.0,,,Fixation
1670925638.678554,,Eye Tracker,535.0,240.0,Valid,Valid,Fixation
1670925638.678597,,Eye Tracker,535.0,239.0,Valid,Valid,Fixation
1670925638.695209,,Mouse,534.3333333333334,238.33333333333334,,,Fixation
1670925638.7028801,,Mouse,533.6666666666666,237.66666666666666,,,Fixation
1670925638.711864,,Eye Tracker,533.0,237.0,Valid,Valid,Fixation
1670925638.728519,,Mouse,529.0,231.0,,,Fixation
1670925638.745173,,Eye Tracker,525.0,225.0,Valid,Valid,Fixation
1670925638.761828,,Mouse,523.5,223.5,,,Fixation
1670925638.778482,,Eye Tracker,522.0,222.0,Valid,Valid,Fixation
1670925638.795137,,Mouse,523.3333333333334,221.66666666666666,,,Fixation
1670925638.798683,,Mouse,524.6666666666666,221.33333333333334,,,Fixation
1670925638.8117921,,Eye Tracker,526.0,221.0,Valid,Valid,Fixation
1670925638.828446,,Mouse,527.0,219.5,,,Fixation
1670925638.845101,,Eye Tracker,528.0,218.0,Valid,Valid,Fixation
1670925638.854731,,Mouse,525.0,214.5,,,Fixation
1670925638.854731,,Eye Tracker,522.0,211.0,Valid,Valid,Fixation
1670925638.861756,,Mouse,522.5,211.0,,,Fixation
1670925638.87841,,Eye Tracker,523.0,211.0,Valid,Valid,Fixation
1670925638.895065,,Mouse,521.0,210.5,,,Fixation
1670925638.9027991,,Eye Tracker,519.0,210.0,Valid,Valid,Fixation
1670925638.9027991,,Eye Tracker,518.0,204.0,Valid,Valid,Fixation
1670925638.91172,,Mouse,508.5,201.0,,,Fixation
1670925638.928374,,Eye Tracker,499.0,198.0,Valid,Valid,Fixation
1670925638.945029,,Mouse,483.0,192.0,,,Fixation
1670925638.961684,,Mouse,467.0,186.0,,,Saccade
1670925638.978339,,Eye Tracker,451.0,180.0,Valid,Valid,Saccade
1670925638.994993,,Mouse,428.0,173.5,,,Saccade
1670925638.9985971,,Eye Tracker,405.0,167.0,Valid,Valid,Saccade
1670925639.011648,,Mouse,401.0,167.0,,,Fixation
1670925639.014619,,Eye Tracker,397.0,167.0,Valid,Valid,Fixation
1670925639.0283031,,Mouse,395.0,169.5,,,Fixation
1670925639.030626,,Eye Tracker,393.0,172.0,Valid,Valid,Fixation
1670925639.044957,,Mouse,395.0,169.5,,,Fixation
1670925639.0466251,,Eye Tracker,397.0,167.0,Valid,Valid,Fixation
1670925639.0616121,,Mouse,397.3333333333333,168.66666666666666,,,Fixation
1670925639.0626001,,Mouse,397.6666666666667,170.33333333333334,,,Fixation
1670925639.078267,,Eye Tracker,398.0,172.0,Valid,Valid,Fixation
1670925639.078627,,Eye Tracker,400.0,180.0,Valid,Valid,Fixation
1670925639.094593,,Mouse,400.5,171.0,,,Fixation
1670925639.094921,,Eye Tracker,401.0,162.0,Valid,Valid,Fixation
1670925639.11067,,Mouse,401.0,159.0,,,Fixation
1670925639.111576,,Eye Tracker,401.0,156.0,Valid,Valid,Fixation
1670925639.126679,,Mouse,389.5,154.0,,,Fixation
1670925639.128231,,Eye Tracker,378.0,152.0,Valid,Valid,Fixation
1670925639.142796,,Mouse,365.0,147.0,,,Saccade
1670925639.144884,,Eye Tracker,352.0,142.0,Valid,Valid,Saccade
1670925639.158752,,Mouse,345.5,143.5,,,Saccade
1670925639.161539,,Eye Tracker,339.0,145.0,Valid,Valid,Fixation
1670925639.166614,,Mouse,337.5,142.5,,,Fixation
1670925639.174661,,Eye Tracker,336.0,140.0,Valid,Valid,Fixation
1670925639.178195,,Mouse,338.0,139.5,,,Fixation
1670925639.190609,,Eye Tracker,340.0,139.0,Valid,Valid,Fixation
1670925639.194849,,Mouse,340.6666666666667,140.0,,,Fixation
1670925639.2066581,,Mouse,341.3333333333333,141.0,,,Fixation
1670925639.211504,,Eye Tracker,342.0,142.0,Valid,Valid,Fixation
1670925639.222682,,Eye Tracker,342.0,134.0,Valid,Valid,Fixation
1670925639.228159,,Mouse,341.0,132.0,,,Fixation
1670925639.238739,,Eye Tracker,340.0,130.0,Valid,Valid,Fixation
1670925639.244814,,Mouse,344.5,132.0,,,Fixation
1670925639.254669,,Eye Tracker,349.0,134.0,Valid,Valid,Fixation
1670925639.261468,,Mouse,349.0,137.0,,,Fixation
1670925639.271069,,Eye Tracker,349.0,140.0,Valid,Valid,Fixation
1670925639.271133,,Mouse,348.5,138.5,,,Fixation
1670925639.2781231,,Eye Tracker,348.0,137.0,Valid,Valid,Fixation
1670925639.286623,,Mouse,348.0,136.0,,,Fixation
1670925639.294778,,Mouse,348.0,135.0,,,Fixation
1670925639.3114321,,Eye Tracker,348.0,134.0,Valid,Valid,Fixation
1670925639.328087,,Mouse,347.5,132.0,,,Fixation
1670925639.344741,,Eye Tracker,347.0,130.0,Valid,Valid,Fixation
1670925639.3613951,,Mouse,346.5,129.0,,,Fixation
1670925639.37805,,Eye Tracker,346.0,128.0,Valid,Valid,Fixation
1670925639.394705,,Mouse,344.6666666666667,127.0,,,Fixation
1670925639.411359,,Mouse,343.3333333333333,126.0,,,Fixation
1670925639.428015,,Eye Tracker,342.0,125.0,Valid,Valid,Fixation
1670925639.44467,,Eye Tracker,341.0,128.0,Valid,Valid,Fixation
1670925639.461324,,Mouse,343.0,130.5,,,Fixation
1670925639.477979,,Eye Tracker,345.0,133.0,Valid,Valid,Fixation
1670925639.494634,,Mouse,345.3333333333333,132.66666666666666,,,Fixation
1670925639.5112891,,Mouse,345.6666666666667,132.33333333333334,,,Fixation
1670925639.5279431,,Eye Tracker,346.0,132.0,Valid,Valid,Fixation
1670925639.5445971,,Mouse,345.0,134.0,,,Fixation
1670925639.561252,,Eye Tracker,344.0,136.0,Valid,Valid,Fixation
1670925639.5779061,,Mouse,344.5,133.5,,,Fixation
1670925639.594561,,Eye Tracker,345.0,131.0,Valid,Valid,Fixation
1670925639.611216,,Mouse,344.0,127.5,,,Fixation
1670925639.62787,,Eye Tracker,343.0,124.0,Valid,Valid,Fixation
1670925639.644525,,Mouse,343.0,124.0,,,Fixation
1670925639.66118,,Eye Tracker,343.0,124.0,Valid,Valid,Fixation
1670925639.677834,,Mouse,342.3333333333333,123.66666666666667,,,Fixation
1670925639.694489,,Mouse,341.6666666666667,123.33333333333333,,,Fixation
1670925639.711145,,Eye Tracker,341.0,123.0,Valid,Valid,Fixation
1670925639.727799,,Mouse,340.5,123.75,,,Fixation
1670925639.744453,MouseEvent,,340.0,124.5,,,Fixation
1670925639.761108,,Mouse,339.5,125.25,,,Fixation
1670925639.7777631,,Eye Tracker,339.0,126.0,Valid,Valid,Fixation
1670925639.7944171,,Mouse,341.5,127.0,,,Fixation
1670925639.811072,,Eye Tracker,344.0,128.0,Valid,Valid,Fixation
1670925639.827727,,Mouse,346.0,127.33333333333333,,,Fixation
1670925639.844381,,Mouse,348.0,126.66666666666667,,,Fixation
1670925639.861036,,Eye Tracker,350.0,126.0,Valid,Valid,Fixation
1670925639.877691,,Mouse,351.0,125.5,,,Fixation
1670925639.894345,,Eye Tracker,352.0,125.0,Valid,Valid,Fixation
1670925639.911,,Mouse,351.0,126.0,,,Fixation
1670925639.927655,,Eye Tracker,350.0,127.0,Valid,Valid,Fixation
1670925639.934736,,Mouse,348.0,123.5,,,Fixation
1670925639.944309,,Eye Tracker,346.0,120.0,Valid,Valid,Fixation
1670925639.950592,,Eye Tracker,345.0,122.0,Valid,Valid,Fixation
1670925639.960964,,Eye Tracker,340.0,129.0,Valid,Valid,Fixation
1670925639.977619,,Mouse,339.0,129.5,,,Fixation
1670925639.994273,,Eye Tracker,338.0,130.0,Valid,Valid,Fixation
1670925640.010928,,Eye Tracker,348.0,131.0,Valid,Valid,Fixation
1670925640.0275831,,Mouse,349.0,130.0,,,Fixation
1670925640.044238,,Eye Tracker,350.0,129.0,Valid,Valid,Fixation
1670925640.060892,,Mouse,342.0,134.0,,,Fixation
1670925640.077547,,Eye Tracker,334.0,139.0,Valid,Valid,Fixation
1670925640.094202,,Mouse,333.5,138.0,,,Fixation
1670925640.110856,,Eye Tracker,333.0,137.0,Valid,Valid,Fixation
1670925640.127511,,Mouse,334.0,133.66666666666666,,,Fixation
1670925640.144166,,Mouse,335.0,130.33333333333334,,,Fixation
1670925640.16082,,Eye Tracker,336.0,127.0,Valid,Valid,Fixation
1670925640.177475,,Mouse,336.0,129.5,,,Fixation
1670925640.19413,,Eye Tracker,336.0,132.0,Valid,Valid,Fixation
1670925640.210784,,Eye Tracker,341.0,141.0,Valid,Valid,Fixation
1670925640.227439,,Mouse,341.6666666666667,139.66666666666666,,,Fixation
1670925640.2440941,,Mouse,342.3333333333333,138.33333333333334,,,Fixation
1670925640.2607481,,Eye Tracker,343.0,137.0,Valid,Valid,Fixation
1670925640.277403,,Eye Tracker,339.0,134.0,Valid,Valid,Fixation
1670925640.294058,,Eye Tracker,342.0,142.0,Valid,Valid,Fixation
1670925640.310713,,Eye Tracker,413.0,159.0,Valid,Valid,Saccade
1670925640.327367,,Eye Tracker,455.0,169.0,Valid,Valid,Saccade
1670925640.344021,,Eye Tracker,1006.0,278.0,Valid,Valid,Saccade
1670925640.360676,,Eye Tracker,1067.0,280.0,Valid,Valid,Saccade
1670925640.377331,MouseEvent,,1102.0,283.5,,,Saccade
1670925640.393986,,Mouse,1137.0,287.0,,,Saccade
1670925640.406718,,Mouse,1172.0,290.5,,,Saccade
1670925640.410641,,Eye Tracker,1207.0,294.0,Valid,Valid,Saccade
1670925640.422596,,Eye Tracker,1215.0,292.0,Valid,Valid,Unclassified
1670925640.427294,,Mouse,1202.5,278.0,,,Saccade
1670925640.438658,,Eye Tracker,1190.0,264.0,Valid,Valid,Saccade
1670925640.443949,,Mouse,1186.0,263.0,,,Saccade
1670925640.454917,,Eye Tracker,1182.0,262.0,Valid,Valid,Fixation
1670925640.460604,,Mouse,1179.0,265.5,,,Fixation
1670925640.470674,,Eye Tracker,1176.0,269.0,Valid,Valid,Fixation
1670925640.477258,,Mouse,1174.5,269.0,,,Fixation
1670925640.486804,,Eye Tracker,1173.0,269.0,Valid,Valid,Fixation
1670925640.4939141,,Mouse,1166.0,264.5,,,Fixation
1670925640.50263,,Eye Tracker,1159.0,260.0,Valid,Valid,Fixation
1670925640.510569,,Mouse,1143.5,248.0,,,Fixation
1670925640.518665,,Eye Tracker,1128.0,236.0,Valid,Valid,Saccade
1670925640.527223,,Mouse,1110.5,217.0,,,Saccade
1670925640.53466,,Eye Tracker,1093.0,198.0,Valid,Valid,Saccade
1670925640.5438771,,Mouse,1088.0,194.33333333333334,,,Saccade
1670925640.5507941,,Mouse,1083.0,190.66666666666666,,,Fixation
1670925640.560532,,Eye Tracker,1078.0,187.0,Valid,Valid,Fixation
1670925640.566619,,Eye Tracker,1066.0,178.0,Valid,Valid,Fixation
1670925640.577187,,Mouse,1068.0,180.0,,,Fixation
1670925640.582648,,Eye Tracker,1070.0,182.0,Valid,Valid,Fixation
1670925640.593841,,Mouse,1073.0,189.0,,,Fixation
1670925640.598605,,Eye Tracker,1076.0,196.0,Valid,Valid,Fixation
1670925640.610496,,Mouse,1076.0,195.0,,,Fixation
1670925640.614592,,Eye Tracker,1076.0,194.0,Valid,Valid,Fixation
1670925640.627151,,Mouse,1076.0,193.5,,,Fixation
1670925640.630663,,Eye Tracker,1076.0,193.0,Valid,Valid,Fixation
1670925640.643805,,Mouse,1075.6666666666667,194.33333333333334,,,Fixation
1670925640.6466691,,Mouse,1075.3333333333333,195.66666666666666,,,Fixation
1670925640.66046,,Eye Tracker,1075.0,197.0,Valid,Valid,Fixation
1670925640.6626341,,Eye Tracker,1076.0,194.0,Valid,Valid,Fixation
1670925640.677115,,Mouse,1075.6666666666667,193.66666666666666,,,Fixation
1670925640.678731,,Mouse,1075.3333333333333,193.33333333333334,,,Fixation
1670925640.693769,,Eye Tracker,1075.0,193.0,Valid,Valid,Fixation
1670925640.694665,,Mouse,1074.5,193.5,,,Fixation
1670925640.710424,,Eye Tracker,1074.0,194.0,Valid,Valid,Fixation
1670925640.71066,,Mouse,1073.5,194.5,,,Fixation
1670925640.727079,,Eye Tracker,1073.0,195.0,Valid,Valid,Fixation
1670925640.743733,,Mouse,1074.0,195.0,,,Fixation
1670925640.750675,,Eye Tracker,1075.0,195.0,Valid,Valid,Fixation
1670925640.7603881,,Mouse,1076.0,195.5,,,Fixation
1670925640.766686,,Eye Tracker,1077.0,196.0,Valid,Valid,Fixation
1670925640.777043,,Mouse,1072.5,194.5,,,Fixation
1670925640.782738,,Eye Tracker,1068.0,193.0,Valid,Valid,Fixation
1670925640.793697,,Mouse,1065.0,189.0,,,Fixation
1670925640.810352,,Eye Tracker,1062.0,185.0,Valid,Valid,Fixation
1670925640.827007,,Mouse,1062.6666666666667,179.0,,,Fixation
1670925640.843662,,Mouse,1063.3333333333333,173.0,,,Fixation
1670925640.860316,,Eye Tracker,1064.0,167.0,Valid,Valid,Fixation
1670925640.862673,,Mouse,1064.0,167.0,,,Fixation
1670925640.876971,,Eye Tracker,1064.0,167.0,Valid,Valid,Fixation
1670925640.878662,,Mouse,1066.0,168.0,,,Fixation
1670925640.893626,,Eye Tracker,1068.0,169.0,Valid,Valid,Fixation
1670925640.89462,,Mouse,1068.3333333333333,168.0,,,Fixation
1670925640.91028,,Mouse,1068.6666666666667,167.0,,,Fixation
1670925640.9106371,,Eye Tracker,1069.0,166.0,Valid,Valid,Fixation
1670925640.926654,,Eye Tracker,1066.0,167.0,Valid,Valid,Fixation
1670925640.926935,,Mouse,1066.5,165.5,,,Fixation
1670925640.94359,,Eye Tracker,1067.0,164.0,Valid,Valid,Fixation
1670925640.960244,,Mouse,1068.0,165.0,,,Fixation
1670925640.974644,,Eye Tracker,1069.0,166.0,Valid,Valid,Fixation
1670925640.9768991,,Mouse,1069.5,168.0,,,Fixation
1670925640.993554,,Eye Tracker,1070.0,170.0,Valid,Valid,Fixation
1670925641.010207,,Mouse,1075.3333333333333,170.33333333333334,,,Fixation
1670925641.026863,,Mouse,1080.6666666666667,170.66666666666666,,,Fixation
1670925641.043518,,Eye Tracker,1086.0,171.0,Valid,Valid,Fixation
1670925641.060172,,Mouse,1090.0,169.0,,,Fixation
1670925641.062674,,Eye Tracker,1094.0,167.0,Valid,Valid,Fixation
1670925641.076827,,Mouse,1095.0,168.0,,,Fixation
1670925641.093482,,Eye Tracker,1096.0,169.0,Valid,Valid,Fixation
1670925641.110137,,Mouse,1096.5,169.0,,,Fixation
1670925641.126791,,Eye Tracker,1097.0,169.0,Valid,Valid,Fixation
1670925641.1346881,,Mouse,1097.0,170.0,,,Fixation
1670925641.1346881,,Eye Tracker,1097.0,171.0,Valid,Valid,Fixation
1670925641.143446,,Mouse,1095.5,172.5,,,Fixation
1670925641.160101,,Eye Tracker,1094.0,174.0,Valid,Valid,Fixation
1670925641.176755,,Mouse,1089.5,173.0,,,Fixation
1670925641.190757,,Eye Tracker,1085.0,172.0,Valid,Valid,Fixation
1670925641.190757,,Mouse,1085.0,168.5,,,Fixation
1670925641.193409,,Eye Tracker,1085.0,165.0,Valid,Valid,Fixation
1670925641.210064,,Mouse,1086.5,168.0,,,Fixation
1670925641.222727,,Eye Tracker,1088.0,171.0,Valid,Valid,Fixation
1670925641.226718,,Mouse,1089.0,172.5,,,Fixation
1670925641.238641,,Eye Tracker,1090.0,174.0,Valid,Valid,Fixation
1670925641.243373,,Eye Tracker,1093.0,167.0,Valid,Valid,Fixation
1670925641.254569,,Mouse,1094.5,165.5,,,Fixation
1670925641.2600281,,Eye Tracker,1096.0,164.0,Valid,Valid,Fixation
1670925641.270642,,Mouse,1097.0,165.0,,,Fixation
1670925641.2766821,,Eye Tracker,1098.0,166.0,Valid,Valid,Fixation
1670925641.28667,,Mouse,1096.0,168.0,,,Fixation
1670925641.293338,,Eye Tracker,1094.0,170.0,Valid,Valid,Fixation
1670925641.302619,,Mouse,1094.0,167.0,,,Fixation
1670925641.309993,,Eye Tracker,1094.0,164.0,Valid,Valid,Fixation
1670925641.310754,,Mouse,1094.3333333333333,163.66666666666666,,,Fixation
1670925641.326647,,Mouse,1094.6666666666667,163.33333333333334,,,Fixation
1670925641.343302,,Eye Tracker,1095.0,163.0,Valid,Valid,Fixation
1670925641.359957,,Eye Tracker,1091.0,171.0,Valid,Valid,Fixation
1670925641.376612,,Mouse,1091.0,171.0,,,Fixation
1670925641.393265,,Mouse,1091.0,171.0,,,Fixation
1670925641.398694,,Eye Tracker,1091.0,171.0,Valid,Valid,Fixation
1670925641.398694,,Mouse,1094.0,169.5,,,Fixation
1670925641.40992,,Eye Tracker,1097.0,168.0,Valid,Valid,Fixation
1670925641.426575,,Eye Tracker,1096.0,168.0,Valid,Valid,Fixation
1670925641.443229,,Mouse,1090.0,166.5,,,Fixation
1670925641.4547381,,Eye Tracker,1084.0,165.0,Valid,Valid,Fixation
1670925641.4547381,,Mouse,1086.0,164.5,,,Fixation
1670925641.459884,,Eye Tracker,1088.0,164.0,Valid,Valid,Fixation
1670925641.4765391,,Mouse,1091.5,162.5,,,Fixation
1670925641.4931931,,Eye Tracker,1095.0,161.0,Valid,Valid,Fixation
1670925641.509848,,Mouse,1093.0,161.5,,,Fixation
1670925641.526503,,Eye Tracker,1091.0,162.0,Valid,Valid,Fixation
1670925641.526673,,Mouse,1091.5,164.0,,,Fixation
1670925641.542785,,Eye Tracker,1092.0,166.0,Valid,Valid,Fixation
1670925641.543157,,Eye Tracker,1096.0,166.0,Valid,Valid,Fixation
1670925641.5586631,,Mouse,1098.0,167.0,,,Fixation
1670925641.559813,,Eye Tracker,1100.0,168.0,Valid,Valid,Fixation
1670925641.574642,,Mouse,1100.0,169.5,,,Fixation
1670925641.576467,,Eye Tracker,1100.0,171.0,Valid,Valid,Fixation
1670925641.590626,,Mouse,1102.0,175.5,,,Fixation
1670925641.593121,,Eye Tracker,1104.0,180.0,Valid,Valid,Fixation
1670925641.606783,,Mouse,1104.0,180.33333333333334,,,Fixation
1670925641.609776,,Mouse,1104.0,180.66666666666666,,,Fixation
1670925641.622643,,Eye Tracker,1104.0,181.0,Valid,Valid,Fixation
1670925641.626431,,Eye Tracker,1099.0,189.0,Valid,Valid,Fixation
1670925641.638699,,Mouse,1100.0,186.5,,,Fixation
1670925641.643086,,Eye Tracker,1101.0,184.0,Valid,Valid,Fixation
1670925641.654665,,Eye Tracker,1105.0,171.0,Valid,Valid,Fixation
1670925641.65974,,Mouse,1103.0,172.5,,,Fixation
1670925641.670809,,Eye Tracker,1101.0,174.0,Valid,Valid,Fixation
1670925641.676395,,Eye Tracker,1092.0,165.0,Valid,Valid,Fixation
1670925641.686632,,Eye Tracker,1095.0,166.0,Valid,Valid,Fixation
1670925641.6930501,,Mouse,1096.0,173.0,,,Fixation
1670925641.702586,,Eye Tracker,1097.0,180.0,Valid,Valid,Fixation
1670925641.709704,,Eye Tracker,1096.0,178.0,Valid,Valid,Fixation
1670925641.7186341,,Mouse,1093.5,175.5,,,Fixation
1670925641.7263591,,Eye Tracker,1091.0,173.0,Valid,Valid,Fixation
1670925641.734726,,Eye Tracker,1091.0,176.0,Valid,Valid,Fixation
1670925641.743014,,Eye Tracker,1097.0,170.0,Valid,Valid,Fixation
1670925641.750701,,Eye Tracker,1098.0,172.0,Valid,Valid,Fixation
1670925641.759668,,Mouse,1098.0,178.5,,,Fixation
1670925641.766642,,Eye Tracker,1098.0,185.0,Valid,Valid,Fixation
1670925641.7763221,,Eye Tracker,1097.0,183.0,Valid,Valid,Fixation
1670925641.782735,,Eye Tracker,1098.0,177.0,Valid,Valid,Fixation
1670925641.792977,,Eye Tracker,1097.0,178.0,Valid,Valid,Fixation
1670925641.798673,,Eye Tracker,1098.0,180.0,Valid,Valid,Fixation
1670925641.809632,,Eye Tracker,1097.0,180.0,Valid,Valid,Fixation
1670925641.814781,,Eye Tracker,1083.0,187.0,Valid,Valid,Fixation
1670925641.826287,,Eye Tracker,1070.0,189.0,Valid,Valid,Fixation
1670925641.830616,,Eye Tracker,1069.0,189.0,Valid,Valid,Fixation
1670925641.842942,,Eye Tracker,1070.0,189.0,Valid,Valid,Fixation
1670925641.8466141,,Eye Tracker,1071.0,186.0,Valid,Valid,Fixation
1670925641.859596,,Eye Tracker,1072.0,184.0,Valid,Valid,Fixation
1670925641.862632,,Eye Tracker,1074.0,190.0,Valid,Valid,Fixation
1670925641.876251,,Eye Tracker,1072.0,190.0,Valid,Valid,Fixation
1670925641.878629,,Eye Tracker,1059.0,184.0,Valid,Valid,Fixation
1670925641.892906,MouseEvent,,1058.6666666666667,184.33333333333334,,,Fixation
1670925641.894607,,Mouse,1058.3333333333333,184.66666666666666,,,Fixation
1670925641.909561,,Eye Tracker,1058.0,185.0,Valid,Valid,Fixation
1670925641.910803,,Eye Tracker,1064.0,180.0,Valid,Valid,Fixation
1670925641.926215,,Eye Tracker,1065.0,183.0,Valid,Valid,Fixation
1670925641.926656,,Eye Tracker,1069.0,190.0,Valid,Valid,Fixation
1670925641.942781,,Eye Tracker,1068.0,191.0,Valid,Valid,Fixation
1670925641.9428701,,Eye Tracker,1065.0,193.0,Valid,Valid,Fixation
1670925641.958626,,Eye Tracker,1064.0,194.0,Valid,Valid,Fixation
1670925641.959525,,Eye Tracker,1068.0,197.0,Valid,Valid,Fixation
1670925641.974732,,Mouse,1068.5,195.5,,,Fixation
1670925641.976178,,Eye Tracker,1069.0,194.0,Valid,Valid,Fixation
1670925641.990665,,Eye Tracker,1066.0,199.0,Valid,Valid,Fixation
1670925641.9928331,,Mouse,1067.0,199.0,,,Fixation
1670925642.006609,,Eye Tracker,1068.0,199.0,Valid,Valid,Fixation
1670925642.009488,,Mouse,1071.0,195.5,,,Fixation
1670925642.022628,,Eye Tracker,1074.0,192.0,Valid,Valid,Fixation
1670925642.0261421,,Mouse,1073.0,192.5,,,Fixation
1670925642.0386581,,Eye Tracker,1072.0,193.0,Valid,Valid,Fixation
1670925642.042797,,Eye Tracker,1065.0,192.0,Valid,Valid,Fixation
1670925642.054658,,Mouse,1065.5,191.5,,,Fixation
1670925642.059452,,Eye Tracker,1066.0,191.0,Valid,Valid,Fixation
1670925642.070659,,Eye Tracker,1065.0,195.0,Valid,Valid,Fixation
1670925642.076107,,Eye Tracker,1063.0,194.0,Valid,Valid,Fixation
1670925642.086664,,Mouse,1061.0,195.0,,,Fixation
1670925642.092762,,Eye Tracker,1059.0,196.0,Valid,Valid,Fixation
1670925642.102682,,Mouse,1058.0,198.0,,,Fixation
1670925642.109417,,Eye Tracker,1057.0,200.0,Valid,Valid,Fixation
1670925642.118629,,Eye Tracker,1064.0,206.0,Valid,Valid,Fixation
1670925642.126071,,Eye Tracker,1065.0,210.0,Valid,Valid,Fixation
1670925642.1346781,,Eye Tracker,1066.0,207.0,Valid,Valid,Fixation
1670925642.142726,,Eye Tracker,1070.0,210.0,Valid,Valid,Fixation
1670925642.1506171,,Mouse,1054.5,233.5,,,Fixation
1670925642.15938,,Eye Tracker,1039.0,257.0,Valid,Valid,Saccade
1670925642.166619,,Mouse,1010.0,284.0,,,Saccade
1670925642.176035,,Eye Tracker,981.0,311.0,Valid,Valid,Saccade
1670925642.182664,,Mouse,945.0,350.5,,,Saccade
1670925642.192689,,Eye Tracker,909.0,390.0,Valid,Valid,Saccade
1670925642.198806,,Mouse,901.5,402.0,,,Saccade
1670925642.2093441,,Eye Tracker,894.0,414.0,Valid,Valid,Saccade
1670925642.214659,,Mouse,893.5,418.5,,,Fixation
1670925642.225999,,Eye Tracker,893.0,423.0,Valid,Valid,Fixation
1670925642.230625,,Eye Tracker,895.0,420.0,Valid,Valid,Fixation
1670925642.2426531,,Mouse,894.5,418.0,,,Fixation
1670925642.246646,,Eye Tracker,894.0,416.0,Valid,Valid,Fixation
1670925642.259308,,Mouse,895.0,414.0,,,Fixation
1670925642.275963,,Eye Tracker,896.0,412.0,Valid,Valid,Fixation
1670925642.2866561,,Mouse,898.0,411.5,,,Fixation
1670925642.292617,,Eye Tracker,900.0,411.0,Valid,Valid,Fixation
1670925642.302715,,Mouse,899.0,411.0,,,Fixation
1670925642.309272,,Eye Tracker,898.0,411.0,Valid,Valid,Fixation
1670925642.318671,,Mouse,899.0,410.0,,,Fixation
1670925642.325927,,Eye Tracker,900.0,409.0,Valid,Valid,Fixation
1670925642.3346891,,Mouse,908.5,406.5,,,Fixation
1670925642.342582,,Eye Tracker,917.0,404.0,Valid,Valid,Fixation
1670925642.3506691,,Mouse,951.5,371.0,,,Fixation
1670925642.359236,,Eye Tracker,986.0,338.0,Valid,Valid,Saccade
1670925642.366617,,Mouse,996.0,332.5,,,Saccade
1670925642.375891,,Eye Tracker,1006.0,327.0,Valid,Valid,Saccade
1670925642.382631,,Mouse,1011.5,325.0,,,Saccade
1670925642.392545,,Eye Tracker,1017.0,323.0,Valid,Valid,Fixation
1670925642.398775,,Mouse,1015.5,322.0,,,Fixation
1670925642.4092,,Eye Tracker,1014.0,321.0,Valid,Valid,Fixation
1670925642.414668,,Mouse,1015.0,321.0,,,Fixation
1670925642.425855,,Eye Tracker,1016.0,321.0,Valid,Valid,Fixation
1670925642.4306521,,Mouse,1016.5,324.0,,,Fixation
1670925642.4425101,,Eye Tracker,1017.0,327.0,Valid,Valid,Fixation
1670925642.446645,,Mouse,1014.0,326.0,,,Fixation
1670925642.4591641,,Eye Tracker,1011.0,325.0,Valid,Valid,Fixation
1670925642.462627,,Mouse,1011.0,323.5,,,Fixation
1670925642.475819,,Eye Tracker,1011.0,322.0,Valid,Valid,Fixation
1670925642.478658,,Mouse,1010.5,325.5,,,Fixation
1670925642.492474,,Eye Tracker,1010.0,329.0,Valid,Valid,Fixation
1670925642.5026731,,Mouse,1008.0,330.5,,,Fixation
1670925642.509128,,Eye Tracker,1006.0,332.0,Valid,Valid,Fixation
1670925642.525783,,Mouse,1005.5,331.5,,,Fixation
1670925642.526869,,Eye Tracker,1005.0,331.0,Valid,Valid,Fixation
1670925642.542438,,Mouse,1006.0,331.0,,,Fixation
1670925642.559092,,Eye Tracker,1007.0,331.0,Valid,Valid,Fixation
1670925642.575747,,Eye Tracker,1006.0,328.0,Valid,Valid,Fixation
1670925642.592402,,Mouse,1007.0,328.0,,,Fixation
1670925642.598758,,Eye Tracker,1008.0,328.0,Valid,Valid,Fixation
1670925642.598758,,Mouse,1007.0,327.0,,,Fixation
1670925642.609057,,Eye Tracker,1006.0,326.0,Valid,Valid,Fixation
1670925642.625712,,Mouse,1005.5,326.5,,,Fixation
1670925642.6423671,,Eye Tracker,1005.0,327.0,Valid,Valid,Fixation
1670925642.6590211,,Eye Tracker,1011.0,325.0,Valid,Valid,Fixation
1670925642.670876,,Mouse,1011.5,320.5,,,Fixation
1670925642.670876,,Eye Tracker,1012.0,316.0,Valid,Valid,Fixation
1670925642.675676,,Mouse,1011.5,317.5,,,Fixation
1670925642.692331,,Eye Tracker,1011.0,319.0,Valid,Valid,Fixation
1670925642.708986,,Mouse,1010.0,321.5,,,Fixation
1670925642.72564,,Eye Tracker,1009.0,324.0,Valid,Valid,Fixation
1670925642.742295,,Mouse,1006.0,322.0,,,Fixation
1670925642.75895,,Eye Tracker,1003.0,320.0,Valid,Valid,Fixation
1670925642.775604,,Mouse,1003.5,318.0,,,Fixation
1670925642.782692,,Eye Tracker,1004.0,316.0,Valid,Valid,Fixation
1670925642.792259,,Mouse,1003.0,316.6666666666667,,,Fixation
1670925642.806649,,Mouse,1002.0,317.3333333333333,,,Fixation
1670925642.808914,,Eye Tracker,1001.0,318.0,Valid,Valid,Fixation
1670925642.822573,,Mouse,1001.5,319.0,,,Fixation
1670925642.825568,,Eye Tracker,1002.0,320.0,Valid,Valid,Fixation
1670925642.838721,,Mouse,1005.5,323.5,,,Fixation
1670925642.842223,,Eye Tracker,1009.0,327.0,Valid,Valid,Fixation
1670925642.854597,,Mouse,1010.0,327.0,,,Fixation
1670925642.8588781,,Eye Tracker,1011.0,327.0,Valid,Valid,Fixation
1670925642.870662,,Mouse,1011.3333333333334,326.6666666666667,,,Fixation
1670925642.875533,,Mouse,1011.6666666666666,326.3333333333333,,,Fixation
1670925642.878583,,Eye Tracker,1012.0,326.0,Valid,Valid,Fixation
1670925642.886575,,Mouse,1011.0,327.0,,,Fixation
1670925642.892188,,Eye Tracker,1010.0,328.0,Valid,Valid,Fixation
1670925642.902729,,Eye Tracker,1006.0,324.0,Valid,Valid,Fixation
1670925642.908843,,Mouse,1006.5,326.0,,,Fixation
1670925642.918675,,Eye Tracker,1007.0,328.0,Valid,Valid,Fixation
1670925642.925497,,Mouse,1009.0,329.0,,,Fixation
1670925642.942152,,Eye Tracker,1011.0,330.0,Valid,Valid,Fixation
1670925642.958807,,Mouse,1010.0,329.0,,,Fixation
1670925642.975462,,Eye Tracker,1009.0,328.0,Valid,Valid,Fixation
1670925642.992116,,Mouse,1008.6666666666666,328.3333333333333,,,Fixation
1670925643.008771,,Mouse,1008.3333333333334,328.6666666666667,,,Fixation
1670925643.0254261,,Eye Tracker,1008.0,329.0,Valid,Valid,Fixation
1670925643.04208,,Eye Tracker,1010.0,328.0,Valid,Valid,Fixation
1670925643.0587351,,Mouse,1009.0,329.5,,,Fixation
1670925643.07539,,Eye Tracker,1008.0,331.0,Valid,Valid,Fixation
1670925643.092044,,Mouse,1000.5,335.5,,,Fixation
1670925643.108699,,Eye Tracker,993.0,340.0,Valid,Valid,Fixation
1670925643.125355,,Mouse,962.5,352.5,,,Saccade
1670925643.142009,,Eye Tracker,932.0,365.0,Valid,Valid,Saccade
1670925643.158664,,Mouse,884.6666666666666,394.6666666666667,,,Saccade
1670925643.175319,,Mouse,837.3333333333334,424.3333333333333,,,Saccade
1670925643.191973,,Eye Tracker,790.0,454.0,Valid,Valid,Saccade
1670925643.208628,,Mouse,765.5,468.0,,,Saccade
1670925643.2252831,,Eye Tracker,741.0,482.0,Valid,Valid,Saccade
1670925643.241938,,Mouse,738.6666666666666,482.3333333333333,,,Saccade
1670925643.2585921,,Mouse,736.3333333333334,482.6666666666667,,,Fixation
1670925643.275247,,Eye Tracker,734.0,483.0,Valid,Valid,Fixation
1670925643.291902,,Mouse,740.0,480.0,,,Fixation
1670925643.308556,,Eye Tracker,746.0,477.0,Valid,Valid,Fixation
1670925643.325211,,Eye Tracker,750.0,478.0,Valid,Valid,Fixation
1670925643.341866,,Mouse,759.0,476.5,,,Fixation
1670925643.35852,,Eye Tracker,768.0,475.0,Valid,Valid,Fixation
1670925643.375175,,Mouse,768.0,473.5,,,Fixation
1670925643.391831,,Eye Tracker,768.0,472.0,Valid,Valid,Fixation
1670925643.408485,,Mouse,766.0,472.0,,,Fixation
1670925643.4251401,,Eye Tracker,764.0,472.0,Valid,Valid,Fixation
1670925643.441795,,Mouse,766.5,471.5,,,Fixation
1670925643.4584491,,Eye Tracker,769.0,471.0,Valid,Valid,Fixation
1670925643.475104,,Mouse,772.6666666666666,465.0,,,Fixation
1670925643.486757,,Mouse,776.3333333333334,459.0,,,Saccade
1670925643.491759,,Eye Tracker,780.0,453.0,Valid,Valid,Saccade
1670925643.508414,,Mouse,803.5,445.5,,,Saccade
1670925643.525068,,Eye Tracker,827.0,438.0,Valid,Valid,Saccade
1670925643.541723,,Mouse,878.0,428.0,,,Saccade
1670925643.558378,,Eye Tracker,929.0,418.0,Valid,Valid,Saccade
1670925643.575032,,Mouse,939.6666666666666,413.3333333333333,,,Saccade
1670925643.591687,,Mouse,950.3333333333334,408.6666666666667,,,Saccade
1670925643.608342,,Eye Tracker,961.0,404.0,Valid,Valid,Saccade
1670925643.624996,,Eye Tracker,962.0,391.0,Valid,Valid,Fixation
1670925643.641651,,Mouse,961.0,390.5,,,Fixation
1670925643.658307,,Eye Tracker,960.0,390.0,Valid,Valid,Fixation
1670925643.674961,,Mouse,957.6666666666666,390.0,,,Fixation
1670925643.691616,,Mouse,955.3333333333334,390.0,,,Fixation
1670925643.708271,,Eye Tracker,953.0,390.0,Valid,Valid,Fixation
1670925643.724925,,Eye Tracker,952.0,392.0,Valid,Valid,Fixation
1670925643.74158,,Mouse,953.0,392.6666666666667,,,Fixation
1670925643.758235,,Mouse,954.0,393.3333333333333,,,Fixation
1670925643.77489,,Eye Tracker,955.0,394.0,Valid,Valid,Fixation
1670925643.791544,,Mouse,953.5,393.5,,,Fixation
1670925643.808199,,Eye Tracker,952.0,393.0,Valid,Valid,Fixation
1670925643.8248541,,Eye Tracker,949.0,396.0,Valid,Valid,Fixation
1670925643.841508,,Mouse,949.6666666666666,395.6666666666667,,,Fixation
1670925643.858163,,Mouse,950.3333333333334,395.3333333333333,,,Fixation
1670925643.874818,,Eye Tracker,951.0,395.0,Valid,Valid,Fixation
1670925643.891472,,Mouse,951.0,394.0,,,Fixation
1670925643.908127,,Eye Tracker,951.0,393.0,Valid,Valid,Fixation
1670925643.924783,,Mouse,951.0,394.5,,,Fixation
1670925643.941437,,Eye Tracker,951.0,396.0,Valid,Valid,Fixation
1670925643.950663,,Mouse,951.3333333333334,395.3333333333333,,,Fixation
1670925643.958092,,Mouse,951.6666666666666,394.6666666666667,,,Fixation
1670925643.966597,,Eye Tracker,952.0,394.0,Valid,Valid,Fixation
1670925643.974747,,Mouse,962.0,389.5,,,Fixation
1670925643.982642,,Eye Tracker,972.0,385.0,Valid,Valid,Fixation
1670925643.991401,,Mouse,983.5,374.5,,,Saccade
1670925643.9985561,,Eye Tracker,995.0,364.0,Valid,Valid,Saccade
1670925644.008056,,Mouse,998.0,360.5,,,Fixation
1670925644.014721,,Eye Tracker,1001.0,357.0,Valid,Valid,Fixation
1670925644.0247111,,Mouse,1003.5,361.0,,,Fixation
1670925644.030635,,Eye Tracker,1006.0,365.0,Valid,Valid,Fixation
1670925644.041366,,Eye Tracker,1003.0,366.0,Valid,Valid,Fixation
1670925644.046624,,Mouse,1001.0,363.5,,,Fixation
1670925644.05802,,Eye Tracker,999.0,361.0,Valid,Valid,Fixation
1670925644.062678,,Mouse,999.3333333333334,362.0,,,Fixation
1670925644.074675,,Mouse,999.6666666666666,363.0,,,Fixation
1670925644.078704,,Eye Tracker,1000.0,364.0,Valid,Valid,Fixation
1670925644.09133,,Mouse,1002.0,364.5,,,Fixation
1670925644.094594,,Eye Tracker,1004.0,365.0,Valid,Valid,Fixation
1670925644.107984,,Mouse,1004.0,363.5,,,Fixation
1670925644.110721,,Eye Tracker,1004.0,362.0,Valid,Valid,Fixation
1670925644.124639,,Mouse,1001.5,362.5,,,Fixation
1670925644.126668,,Eye Tracker,999.0,363.0,Valid,Valid,Fixation
1670925644.141294,,Eye Tracker,999.0,367.0,Valid,Valid,Fixation
1670925644.1425571,,Mouse,999.5,367.5,,,Fixation
1670925644.157948,,Eye Tracker,1000.0,368.0,Valid,Valid,Fixation
1670925644.158695,,Mouse,999.5,365.5,,,Fixation
1670925644.174557,,Eye Tracker,999.0,363.0,Valid,Valid,Fixation
1670925644.174603,,Eye Tracker,1000.0,360.0,Valid,Valid,Fixation
1670925644.1906161,,Mouse,999.5,362.5,,,Fixation
1670925644.1912591,,Eye Tracker,999.0,365.0,Valid,Valid,Fixation
1670925644.206557,,Mouse,998.5,366.0,,,Fixation
1670925644.207913,,Eye Tracker,998.0,367.0,Valid,Valid,Fixation
1670925644.222832,,Mouse,999.5,365.5,,,Fixation
1670925644.2245681,,Eye Tracker,1001.0,364.0,Valid,Valid,Fixation
1670925644.238559,,Mouse,1002.0,365.5,,,Fixation
1670925644.241223,,Eye Tracker,1003.0,367.0,Valid,Valid,Fixation
1670925644.254597,,Mouse,1002.0,369.0,,,Fixation
1670925644.257877,,Eye Tracker,1001.0,371.0,Valid,Valid,Fixation
1670925644.270555,,Mouse,1001.0,371.3333333333333,,,Fixation
1670925644.274532,,Mouse,1001.0,371.6666666666667,,,Fixation
1670925644.286708,,Eye Tracker,1001.0,372.0,Valid,Valid,Fixation
1670925644.291187,,Eye Tracker,1002.0,371.0,Valid,Valid,Fixation
1670925644.30262,,Mouse,1002.5,371.0,,,Fixation
1670925644.307842,,Eye Tracker,1003.0,371.0,Valid,Valid,Fixation
1670925644.318702,,Eye Tracker,1005.0,370.0,Valid,Valid,Fixation
1670925644.324496,,Mouse,1004.5,371.5,,,Fixation
1670925644.334595,,Eye Tracker,1004.0,373.0,Valid,Valid,Fixation
1670925644.341151,,Eye Tracker,1004.0,372.0,Valid,Valid,Fixation
1670925644.350785,,Mouse,1004.0,370.0,,,Fixation
1670925644.357806,,Eye Tracker,1004.0,368.0,Valid,Valid,Fixation
1670925644.366664,,Mouse,1004.0,370.0,,,Fixation
1670925644.37446,,Eye Tracker,1004.0,372.0,Valid,Valid,Fixation
1670925644.3827221,,Mouse,1003.5,373.0,,,Fixation
1670925644.391115,,Eye Tracker,1003.0,374.0,Valid,Valid,Fixation
1670925644.398662,,Mouse,1003.5,373.5,,,Fixation
1670925644.40777,,Eye Tracker,1004.0,373.0,Valid,Valid,Fixation
1670925644.414718,,Eye Tracker,1004.0,365.0,Valid,Valid,Fixation
1670925644.424424,,Mouse,1003.5,366.5,,,Fixation
1670925644.430568,,Eye Tracker,1003.0,368.0,Valid,Valid,Fixation
1670925644.44108,,Mouse,1003.0,374.0,,,Fixation
1670925644.446572,,Eye Tracker,1003.0,380.0,Valid,Valid,Fixation
1670925644.457735,,Mouse,1003.0,379.6666666666667,,,Fixation
1670925644.462631,,Mouse,1003.0,379.3333333333333,,,Fixation
1670925644.474389,,Eye Tracker,1003.0,379.0,Valid,Valid,Fixation
1670925644.478636,,Mouse,1006.5,382.0,,,Fixation
1670925644.491044,,Eye Tracker,1010.0,385.0,Valid,Valid,Fixation
1670925644.494625,,Mouse,1011.0,384.5,,,Fixation
1670925644.507699,,Eye Tracker,1012.0,384.0,Valid,Valid,Fixation
1670925644.5106301,,Mouse,1009.0,379.0,,,Fixation
1670925644.524353,,Eye Tracker,1006.0,374.0,Valid,Valid,Fixation
1670925644.52659,,Mouse,1005.5,374.0,,,Fixation
1670925644.541008,,Eye Tracker,1005.0,374.0,Valid,Valid,Fixation
1670925644.542673,,Mouse,1003.0,375.0,,,Fixation
1670925644.557663,,Eye Tracker,1001.0,376.0,Valid,Valid,Fixation
1670925644.558604,,Mouse,1001.0,375.3333333333333,,,Fixation
1670925644.574318,,Mouse,1001.0,374.6666666666667,,,Fixation
1670925644.574761,,Eye Tracker,1001.0,374.0,Valid,Valid,Fixation
1670925644.5906181,,Mouse,1008.5,375.5,,,Fixation
1670925644.590972,,Eye Tracker,1016.0,377.0,Valid,Valid,Fixation
1670925644.606572,,Mouse,1016.5,377.0,,,Fixation
1670925644.607627,,Eye Tracker,1017.0,377.0,Valid,Valid,Fixation
1670925644.622617,,Eye Tracker,1001.0,369.0,Valid,Valid,Fixation
1670925644.6242821,,Mouse,1000.5,371.0,,,Fixation
1670925644.6409361,,Eye Tracker,1000.0,373.0,Valid,Valid,Fixation
1670925644.657591,,Eye Tracker,1008.0,374.0,Valid,Valid,Fixation
1670925644.674246,,Mouse,1008.0,374.0,,,Fixation
1670925644.6786041,,Mouse,1008.0,374.0,,,Fixation
1670925644.6909,,Eye Tracker,1008.0,374.0,Valid,Valid,Fixation
1670925644.707556,,Eye Tracker,1009.0,376.0,Valid,Valid,Fixation
1670925644.724211,,Mouse,1008.5,376.0,,,Fixation
1670925644.740865,,Eye Tracker,1008.0,376.0,Valid,Valid,Fixation
1670925644.75752,,Mouse,1003.5,380.0,,,Fixation
1670925644.758781,,Eye Tracker,999.0,384.0,Valid,Valid,Fixation
1670925644.758781,,Mouse,1000.0,385.0,,,Fixation
1670925644.774175,,Eye Tracker,1001.0,386.0,Valid,Valid,Fixation
1670925644.790829,,Mouse,1007.0,389.0,,,Fixation
1670925644.807484,,Eye Tracker,1013.0,392.0,Valid,Valid,Fixation
1670925644.824139,,Mouse,1012.5,391.0,,,Fixation
1670925644.830725,,Eye Tracker,1012.0,390.0,Valid,Valid,Fixation
1670925644.830725,,Eye Tracker,1002.0,383.0,Valid,Valid,Fixation
1670925644.840794,,Mouse,1002.3333333333334,383.3333333333333,,,Fixation
1670925644.857448,,Mouse,1002.6666666666666,383.6666666666667,,,Fixation
1670925644.874103,,Eye Tracker,1003.0,384.0,Valid,Valid,Fixation
1670925644.890758,,Mouse,1008.0,387.0,,,Fixation
1670925644.907412,,Eye Tracker,1013.0,390.0,Valid,Valid,Fixation
1670925644.918793,,Eye Tracker,1011.0,391.0,Valid,Valid,Fixation
1670925644.924067,,Mouse,1007.0,390.0,,,Fixation
1670925644.940722,,Eye Tracker,1003.0,389.0,Valid,Valid,Fixation
1670925644.957376,,Mouse,1004.0,390.5,,,Fixation
1670925644.974032,,Eye Tracker,1005.0,392.0,Valid,Valid,Fixation
1670925644.990578,,Mouse,1004.5,388.5,,,Fixation
1670925644.9906871,,Eye Tracker,1004.0,385.0,Valid,Valid,Fixation
1670925645.0066671,,Mouse,1004.5,385.0,,,Fixation
1670925645.0073411,,Eye Tracker,1005.0,385.0,Valid,Valid,Fixation
1670925645.02265,,Mouse,1007.5,390.0,,,Fixation
1670925645.023996,,Eye Tracker,1010.0,395.0,Valid,Valid,Fixation
1670925645.038753,,Mouse,1010.0,396.5,,,Fixation
1670925645.040651,,Eye Tracker,1010.0,398.0,Valid,Valid,Fixation
1670925645.0546181,,Eye Tracker,1013.0,393.0,Valid,Valid,Fixation
1670925645.057305,,Eye Tracker,1012.0,392.0,Valid,Valid,Fixation
1670925645.070631,,Eye Tracker,1026.0,418.0,Valid,Valid,Saccade
1670925645.07396,,Eye Tracker,1033.0,440.0,Valid,Valid,Saccade
1670925645.086652,,Eye Tracker,1036.0,450.0,Valid,Valid,Fixation
1670925645.090615,,Eye Tracker,1037.0,450.0,Valid,Valid,Fixation
1670925645.102736,,Eye Tracker,1030.0,452.0,Valid,Valid,Fixation
1670925645.10727,,Eye Tracker,1028.0,445.0,Valid,Valid,Fixation
1670925645.118592,,Eye Tracker,1029.0,449.0,Valid,Valid,Fixation
1670925645.123924,,Eye Tracker,1030.0,449.0,Valid,Valid,Fixation
1670925645.134687,,Eye Tracker,1032.0,443.0,Valid,Valid,Fixation
1670925645.140579,,Eye Tracker,1031.0,443.0,Valid,Valid,Fixation
1670925645.150834,,Eye Tracker,1029.0,441.0,Valid,Valid,Fixation
1670925645.157234,,Eye Tracker,1026.0,444.0,Valid,Valid,Fixation
1670925645.16675,,Eye Tracker,1028.0,446.0,Valid,Valid,Fixation
1670925645.173888,,Mouse,1030.2,445.4,,,Fixation
1670925645.190543,MouseEvent,,1032.4,444.8,,,Fixation
1670925645.2071981,,Mouse,1034.6,444.2,,,Fixation
1670925645.223852,,Mouse,1036.8,443.6,,,Fixation
1670925645.240508,,Eye Tracker,1039.0,443.0,Valid,Valid,Fixation
1670925645.257163,,Eye Tracker,1043.0,443.0,Valid,Valid,Fixation
1670925645.273817,,Mouse,1042.6666666666667,443.3333333333333,,,Fixation
1670925645.290472,,Mouse,1042.3333333333333,443.6666666666667,,,Fixation
1670925645.307127,,Eye Tracker,1042.0,444.0,Valid,Valid,Fixation
1670925645.323781,,Mouse,1043.0,443.0,,,Fixation
1670925645.340436,,Eye Tracker,1044.0,442.0,Valid,Valid,Fixation
1670925645.357091,,Mouse,1044.5,440.5,,,Fixation
1670925645.373746,,Eye Tracker,1045.0,439.0,Valid,Valid,Fixation
1670925645.3904,,Eye Tracker,1044.0,436.0,Valid,Valid,Fixation
1670925645.4070551,,Mouse,1043.0,437.5,,,Fixation
1670925645.414596,,Eye Tracker,1042.0,439.0,Valid,Valid,Fixation
1670925645.42371,,Eye Tracker,1039.0,441.0,Valid,Valid,Fixation
1670925645.430627,,Eye Tracker,1038.0,442.0,Valid,Valid,Fixation
1670925645.4403641,,Eye Tracker,1038.0,441.0,Valid,Valid,Fixation
1670925645.446641,,Eye Tracker,1037.0,443.0,Valid,Valid,Fixation
1670925645.457019,,Eye Tracker,1041.0,444.0,Valid,Valid,Fixation
1670925645.462651,,Eye Tracker,1041.0,444.0,Valid,Valid,Fixation
1670925645.473674,,Eye Tracker,1037.0,445.0,Valid,Valid,Fixation
1670925645.478831,,Eye Tracker,1040.0,443.0,Valid,Valid,Fixation
1670925645.490328,,Eye Tracker,1045.0,444.0,Valid,Valid,Fixation
1670925645.494657,,Eye Tracker,1047.0,444.0,Valid,Valid,Fixation
1670925645.506984,,Eye Tracker,1051.0,447.0,Valid,Valid,Fixation
1670925645.510776,,Eye Tracker,1053.0,444.0,Valid,Valid,Fixation
1670925645.523639,,Eye Tracker,1053.0,437.0,Valid,Valid,Fixation
1670925645.526663,,Eye Tracker,1053.0,441.0,Valid,Valid,Fixation
1670925645.540293,,Eye Tracker,1052.0,446.0,Valid,Valid,Fixation
1670925645.542742,,Eye Tracker,1049.0,437.0,Valid,Valid,Fixation
1670925645.556948,,Eye Tracker,1051.0,436.0,Valid,Valid,Fixation
1670925645.5587401,,Eye Tracker,1054.0,444.0,Valid,Valid,Fixation
1670925645.573603,,Eye Tracker,1054.0,442.0,Valid,Valid,Fixation
1670925645.57474,,Eye Tracker,1050.0,442.0,Valid,Valid,Fixation
1670925645.590257,,Eye Tracker,1055.0,440.0,Valid,Valid,Fixation
1670925645.590578,,Eye Tracker,1059.0,434.0,Valid,Valid,Fixation
1670925645.606681,,Eye Tracker,1051.0,434.0,Valid,Valid,Fixation
1670925645.6069121,,Eye Tracker,1052.0,437.0,Valid,Valid,Fixation
1670925645.62261,,Eye Tracker,1054.0,434.0,Valid,Valid,Fixation
1670925645.623567,,Eye Tracker,1051.0,439.0,Valid,Valid,Fixation
1670925645.640222,,Eye Tracker,1050.0,439.0,Valid,Valid,Fixation
1670925645.646651,,Eye Tracker,1050.0,438.0,Valid,Valid,Fixation
1670925645.656876,,Eye Tracker,1050.0,438.0,Valid,Valid,Fixation
1670925645.662811,,Eye Tracker,1049.0,436.0,Valid,Valid,Fixation
1670925645.673531,,Eye Tracker,1051.0,436.0,Valid,Valid,Fixation
1670925645.678688,,Mouse,1051.5,435.5,,,Fixation
1670925645.690186,,Eye Tracker,1052.0,435.0,Valid,Valid,Fixation
1670925645.694726,,Mouse,1050.5,435.5,,,Fixation
1670925645.70684,,Eye Tracker,1049.0,436.0,Valid,Valid,Fixation
1670925645.710697,,Mouse,1049.6666666666667,435.3333333333333,,,Fixation
1670925645.723495,,Mouse,1050.3333333333333,434.6666666666667,,,Fixation
1670925645.726571,,Eye Tracker,1051.0,434.0,Valid,Valid,Fixation
1670925645.74015,,Eye Tracker,1049.0,439.0,Valid,Valid,Fixation
1670925645.7428691,,Mouse,1048.0,439.5,,,Fixation
1670925645.756805,,Eye Tracker,1047.0,440.0,Valid,Valid,Fixation
1670925645.7589161,,Mouse,1046.5,438.5,,,Fixation
1670925645.77346,,Eye Tracker,1046.0,437.0,Valid,Valid,Fixation
1670925645.774848,,Eye Tracker,1046.0,431.0,Valid,Valid,Fixation
1670925645.790115,,Mouse,1045.0,430.5,,,Fixation
1670925645.790597,,Eye Tracker,1044.0,430.0,Valid,Valid,Fixation
1670925645.8067691,,Mouse,1044.0,429.5,,,Fixation
1670925645.8068771,,Eye Tracker,1044.0,429.0,Valid,Valid,Fixation
1670925645.8226001,,Eye Tracker,1047.0,430.0,Valid,Valid,Fixation
1670925645.823424,,Mouse,1046.0,434.0,,,Fixation
1670925645.838794,,Eye Tracker,1045.0,438.0,Valid,Valid,Fixation
1670925645.840079,,Eye Tracker,1048.0,439.0,Valid,Valid,Fixation
1670925645.854747,,Eye Tracker,1049.0,430.0,Valid,Valid,Fixation
1670925645.856733,,Eye Tracker,1044.0,424.0,Valid,Valid,Fixation
1670925645.870853,,Eye Tracker,1049.0,425.0,Valid,Valid,Fixation
1670925645.873388,,Mouse,1049.5,425.5,,,Fixation
1670925645.8869321,,Eye Tracker,1050.0,426.0,Valid,Valid,Fixation
1670925645.890043,,Eye Tracker,1046.0,432.0,Valid,Valid,Fixation
1670925645.902643,,Eye Tracker,1044.0,435.0,Valid,Valid,Fixation
1670925645.906698,,Eye Tracker,1045.0,433.0,Valid,Valid,Fixation
1670925645.9186141,,Eye Tracker,1050.0,436.0,Valid,Valid,Fixation
1670925645.923352,,Eye Tracker,1049.0,436.0,Valid,Valid,Fixation
1670925645.940007,,Mouse,1048.0,435.0,,,Fixation
1670925645.9426231,,Eye Tracker,1047.0,434.0,Valid,Valid,Fixation
1670925645.956662,,Eye Tracker,1047.0,429.0,Valid,Valid,Fixation
1670925645.95877,,Mouse,1048.5,429.5,,,Fixation
1670925645.973316,,Eye Tracker,1050.0,430.0,Valid,Valid,Fixation
1670925645.989971,,Mouse,1052.0,432.5,,,Fixation
1670925645.998682,,Eye Tracker,1054.0,435.0,Valid,Valid,Fixation
1670925646.0066261,,Eye Tracker,1055.0,430.0,Valid,Valid,Fixation
1670925646.014649,,Mouse,1052.5,429.0,,,Fixation
1670925646.023281,,Eye Tracker,1050.0,428.0,Valid,Valid,Fixation
1670925646.030787,,Mouse,1047.0,427.5,,,Fixation
1670925646.039936,,Eye Tracker,1044.0,427.0,Valid,Valid,Fixation
1670925646.0466151,,Mouse,1044.0,427.0,,,Fixation
1670925646.056591,,Eye Tracker,1044.0,427.0,Valid,Valid,Fixation
1670925646.073245,,Mouse,1044.3333333333333,427.6666666666667,,,Fixation
1670925646.078677,,Mouse,1044.6666666666667,428.3333333333333,,,Fixation
1670925646.0899,,Eye Tracker,1045.0,429.0,Valid,Valid,Fixation
1670925646.102842,,Eye Tracker,1046.0,429.0,Valid,Valid,Fixation
1670925646.106555,,Mouse,1046.5,426.0,,,Fixation
1670925646.123209,,Eye Tracker,1047.0,423.0,Valid,Valid,Fixation
1670925646.139864,,Mouse,1048.0,424.0,,,Fixation
1670925646.156519,,Eye Tracker,1049.0,425.0,Valid,Valid,Fixation
1670925646.1731741,,Eye Tracker,1053.0,417.0,Valid,Valid,Fixation
1670925646.189828,,Eye Tracker,1052.0,416.0,Valid,Valid,Fixation
1670925646.2064831,,Eye Tracker,1051.0,427.0,Valid,Valid,Fixation
1670925646.223138,,Eye Tracker,1049.0,425.0,Valid,Valid,Fixation
1670925646.239792,,Mouse,1048.0,418.0,,,Fixation
1670925646.256447,,Eye Tracker,1047.0,411.0,Valid,Valid,Fixation
1670925646.273102,,Mouse,1048.0,410.5,,,Fixation
1670925646.289757,,Eye Tracker,1049.0,410.0,Valid,Valid,Fixation
1670925646.306412,,Eye Tracker,1052.0,416.0,Valid,Valid,Fixation
1670925646.323067,,Mouse,1051.5,415.0,,,Fixation
1670925646.339721,,Eye Tracker,1051.0,414.0,Valid,Valid,Fixation
1670925646.356376,,Mouse,1051.0,416.0,,,Fixation
1670925646.3730311,,Mouse,1051.0,418.0,,,Fixation
1670925646.389685,,Eye Tracker,1051.0,420.0,Valid,Valid,Fixation
1670925646.4063401,,Mouse,1052.0,419.5,,,Fixation
1670925646.422995,,Eye Tracker,1053.0,419.0,Valid,Valid,Fixation
1670925646.43965,,Mouse,1054.0,412.0,,,Fixation
1670925646.456304,,Eye Tracker,1055.0,405.0,Valid,Valid,Fixation
1670925646.472959,,Mouse,1056.5,402.5,,,Fixation
1670925646.489614,,Eye Tracker,1058.0,400.0,Valid,Valid,Fixation
1670925646.506268,,Mouse,1055.5,398.5,,,Fixation
1670925646.522923,,Eye Tracker,1053.0,397.0,Valid,Valid,Fixation
1670925646.539578,,Mouse,1052.0,397.5,,,Fixation
1670925646.556233,,Eye Tracker,1051.0,398.0,Valid,Valid,Fixation
1670925646.5728881,,Mouse,1053.0,403.0,,,Fixation
1670925646.589543,,Eye Tracker,1055.0,408.0,Valid,Valid,Fixation
1670925646.606197,,Mouse,1053.5,409.5,,,Fixation
1670925646.622852,,Eye Tracker,1052.0,411.0,Valid,Valid,Fixation
1670925646.639507,,Eye Tracker,1050.0,412.0,Valid,Valid,Fixation
1670925646.656161,,Mouse,1050.0,411.5,,,Fixation
1670925646.672816,,Eye Tracker,1050.0,411.0,Valid,Valid,Fixation
1670925646.689471,,Eye Tracker,1051.0,414.0,Valid,Valid,Fixation
1670925646.706126,,Eye Tracker,1052.0,413.0,Valid,Valid,Fixation
1670925646.72278,,Eye Tracker,1053.0,413.0,Valid,Valid,Fixation
1670925646.739435,,Eye Tracker,1053.0,417.0,Valid,Valid,Fixation
1670925646.75609,,Eye Tracker,1054.0,404.0,Valid,Valid,Fixation
1670925646.772744,,Eye Tracker,1053.0,405.0,Valid,Valid,Fixation
1670925646.7893991,,Eye Tracker,1047.0,411.0,Valid,Valid,Fixation
1670925646.806054,,Mouse,1047.0,410.5,,,Fixation
1670925646.822709,,Eye Tracker,1047.0,410.0,Valid,Valid,Fixation
1670925646.839364,MouseEvent,,1047.6666666666667,411.0,,,Fixation
1670925646.856019,,Mouse,1048.3333333333333,412.0,,,Fixation
1670925646.872673,,Eye Tracker,1049.0,413.0,Valid,Valid,Fixation
1670925646.889328,,Eye Tracker,1046.0,413.0,Valid,Valid,Fixation
1670925646.905983,,Eye Tracker,1044.0,414.0,Valid,Valid,Fixation
1670925646.922637,,Eye Tracker,1045.0,415.0,Valid,Valid,Fixation
1670925646.939292,,Eye Tracker,1046.0,410.0,Valid,Valid,Fixation
1670925646.955947,,Mouse,1046.0,409.0,,,Fixation
1670925646.9726021,,Eye Tracker,1046.0,408.0,Valid,Valid,Fixation
1670925646.9892561,,Eye Tracker,1048.0,415.0,Valid,Valid,Fixation
1670925647.005911,,Mouse,1047.5,413.5,,,Fixation
1670925647.022566,,Eye Tracker,1047.0,412.0,Valid,Valid,Fixation
1670925647.03922,,Mouse,1048.5,409.5,,,Fixation
1670925647.055875,,Eye Tracker,1050.0,407.0,Valid,Valid,Fixation
1670925647.07253,,Mouse,1050.0,409.5,,,Fixation
1670925647.089185,,Eye Tracker,1050.0,412.0,Valid,Valid,Fixation
1670925647.10584,,Mouse,1050.5,410.5,,,Fixation
1670925647.122495,,Eye Tracker,1051.0,409.0,Valid,Valid,Fixation
1670925647.139149,,Mouse,1050.0,408.5,,,Fixation
1670925647.155804,,Eye Tracker,1049.0,408.0,Valid,Valid,Fixation
1670925647.1724591,,Mouse,1046.5,406.0,,,Fixation
1670925647.1891131,,Eye Tracker,1044.0,404.0,Valid,Valid,Fixation
1670925647.205768,,Eye Tracker,1047.0,398.0,Valid,Valid,Fixation
1670925647.222423,,Mouse,1028.0,415.0,,,Fixation
1670925647.239078,,Eye Tracker,1009.0,432.0,Valid,Valid,Saccade
1670925647.255732,,Mouse,994.5,447.5,,,Saccade
1670925647.272387,,Eye Tracker,980.0,463.0,Valid,Valid,Saccade
1670925647.289042,,Eye Tracker,977.0,478.0,Valid,Valid,Fixation
1670925647.305696,,Mouse,976.0,480.0,,,Fixation
1670925647.322351,,Eye Tracker,975.0,482.0,Valid,Valid,Fixation
1670925647.3390071,,Mouse,972.0,480.0,,,Fixation
1670925647.355661,,Eye Tracker,969.0,478.0,Valid,Valid,Fixation
1670925647.3723161,,Eye Tracker,970.0,472.0,Valid,Valid,Fixation
1670925647.388971,,Mouse,971.6666666666666,472.3333333333333,,,Fixation
1670925647.405625,,Mouse,973.3333333333334,472.6666666666667,,,Fixation
1670925647.42228,,Eye Tracker,975.0,473.0,Valid,Valid,Fixation
1670925647.438935,,Eye Tracker,977.0,474.0,Valid,Valid,Fixation
1670925647.455589,,Mouse,977.0,474.6666666666667,,,Fixation
1670925647.472244,,Mouse,977.0,475.3333333333333,,,Fixation
1670925647.488899,,Eye Tracker,977.0,476.0,Valid,Valid,Fixation
1670925647.505554,,Mouse,976.5,475.5,,,Fixation
1670925647.522208,,Eye Tracker,976.0,475.0,Valid,Valid,Fixation
1670925647.538863,,Eye Tracker,977.0,469.0,Valid,Valid,Fixation
1670925647.555518,,Mouse,976.5,467.5,,,Fixation
1670925647.572172,,Eye Tracker,976.0,466.0,Valid,Valid,Fixation
1670925647.5888271,,Mouse,976.3333333333334,465.6666666666667,,,Fixation
1670925647.605482,,Mouse,976.6666666666666,465.3333333333333,,,Fixation
1670925647.622136,,Eye Tracker,977.0,465.0,Valid,Valid,Fixation
1670925647.638791,,Eye Tracker,978.0,466.0,Valid,Valid,Fixation
1670925647.655446,,Mouse,976.3333333333334,467.0,,,Fixation
1670925647.6721,,Mouse,974.6666666666666,468.0,,,Fixation
1670925647.688755,,Eye Tracker,973.0,469.0,Valid,Valid,Fixation
1670925647.70541,,Mouse,973.5,471.0,,,Fixation
1670925647.722064,,Eye Tracker,974.0,473.0,Valid,Valid,Fixation
1670925647.738719,,Mouse,975.0,472.5,,,Fixation
1670925647.755374,,Eye Tracker,976.0,472.0,Valid,Valid,Fixation
1670925647.772029,,Mouse,975.0,470.5,,,Fixation
1670925647.788683,,Eye Tracker,974.0,469.0,Valid,Valid,Fixation
1670925647.8053381,,Mouse,974.6666666666666,468.3333333333333,,,Fixation
1670925647.821992,,Mouse,975.3333333333334,467.6666666666667,,,Fixation
1670925647.838646,,Eye Tracker,976.0,467.0,Valid,Valid,Fixation
1670925647.8553011,,Eye Tracker,977.0,464.0,Valid,Valid,Fixation
1670925647.871957,,Mouse,977.0,463.0,,,Fixation
1670925647.888611,,Mouse,977.0,462.0,,,Fixation
1670925647.905266,,Eye Tracker,977.0,461.0,Valid,Valid,Fixation
1670925647.921921,,Mouse,977.5,463.0,,,Fixation
1670925647.938575,,Eye Tracker,978.0,465.0,Valid,Valid,Fixation
1670925647.95523,,Mouse,978.5,464.0,,,Fixation
1670925647.971885,,Eye Tracker,979.0,463.0,Valid,Valid,Fixation
1670925647.988539,,Mouse,977.5,461.0,,,Fixation
1670925648.005194,,Eye Tracker,976.0,459.0,Valid,Valid,Fixation
1670925648.021849,,Mouse,975.3333333333334,459.3333333333333,,,Fixation
1670925648.038503,,Mouse,974.6666666666666,459.6666666666667,,,Fixation
1670925648.055157,,Eye Tracker,974.0,460.0,Valid,Valid,Fixation
1670925648.071812,,Eye Tracker,977.0,464.0,Valid,Valid,Fixation
1670925648.0884671,,Mouse,978.0,464.6666666666667,,,Fixation
1670925648.1051211,,Mouse,979.0,465.3333333333333,,,Fixation
1670925648.121776,,Eye Tracker,980.0,466.0,Valid,Valid,Fixation
1670925648.138432,,Mouse,978.5,468.5,,,Fixation
1670925648.155086,,Eye Tracker,977.0,471.0,Valid,Valid,Fixation
1670925648.171578,,Mouse,976.5,472.5,,,Fixation
1670925648.171741,,Eye Tracker,976.0,474.0,Valid,Valid,Fixation
1670925648.188396,,Mouse,977.0,471.0,,,Fixation
1670925648.190624,,Eye Tracker,978.0,468.0,Valid,Valid,Fixation
1670925648.201566,,Mouse,978.0,466.0,,,Fixation
1670925648.20505,,Eye Tracker,978.0,464.0,Valid,Valid,Fixation
1670925648.2205951,,Eye Tracker,978.0,465.0,Valid,Valid,Fixation
1670925648.221704,,Mouse,977.0,464.5,,,Fixation
1670925648.238359,,Eye Tracker,976.0,464.0,Valid,Valid,Fixation
1670925648.24163,,Eye Tracker,973.0,466.0,Valid,Valid,Fixation
1670925648.255013,,Eye Tracker,972.0,467.0,Valid,Valid,Fixation
1670925648.260552,,Eye Tracker,972.0,467.0,Valid,Valid,Fixation
1670925648.270608,,Mouse,973.5,463.5,,,Fixation
1670925648.271668,,Eye Tracker,975.0,460.0,Valid,Valid,Fixation
1670925648.2817461,,Eye Tracker,978.0,455.0,Valid,Valid,Fixation
1670925648.288323,,Mouse,977.0,454.0,,,Fixation
1670925648.30159,,Mouse,976.0,453.0,,,Fixation
1670925648.3049781,,Eye Tracker,975.0,452.0,Valid,Valid,Fixation
1670925648.3118641,,Mouse,976.0,450.0,,,Fixation
1670925648.3216321,,Eye Tracker,977.0,448.0,Valid,Valid,Fixation
1670925648.322851,,Mouse,976.0,445.0,,,Fixation
1670925648.338287,,Eye Tracker,975.0,442.0,Valid,Valid,Fixation
1670925648.34284,,Mouse,965.5,448.0,,,Fixation
1670925648.354942,,Eye Tracker,956.0,454.0,Valid,Valid,Fixation
1670925648.3615081,,Mouse,944.5,464.5,,,Saccade
1670925648.371596,,Eye Tracker,933.0,475.0,Valid,Valid,Saccade
1670925648.372689,,Mouse,847.0,495.5,,,Saccade
1670925648.388251,,Eye Tracker,761.0,516.0,Valid,Valid,Saccade
1670925648.404907,,Mouse,749.5,515.0,,,Saccade
1670925648.421561,,Eye Tracker,738.0,514.0,Valid,Valid,Saccade
1670925648.438215,,Mouse,734.0,513.0,,,Fixation
1670925648.45487,,Eye Tracker,730.0,512.0,Valid,Valid,Fixation
1670925648.471524,,Eye Tracker,736.0,513.0,Valid,Valid,Fixation
1670925648.488179,,Mouse,740.0,513.0,,,Fixation
1670925648.504834,,Eye Tracker,744.0,513.0,Valid,Valid,Fixation
1670925648.521488,,Mouse,748.0,509.0,,,Fixation
1670925648.538143,,Eye Tracker,752.0,505.0,Valid,Valid,Fixation
1670925648.5547981,,Mouse,751.5,505.0,,,Fixation
1670925648.571453,,Eye Tracker,751.0,505.0,Valid,Valid,Fixation
1670925648.588107,,Mouse,752.5,506.0,,,Fixation
1670925648.604762,,Eye Tracker,754.0,507.0,Valid,Valid,Fixation
1670925648.621417,,Mouse,754.5,507.0,,,Fixation
1670925648.638071,,Eye Tracker,755.0,507.0,Valid,Valid,Fixation
1670925648.654726,,Mouse,756.0,508.5,,,Fixation
1670925648.671381,,Eye Tracker,757.0,510.0,Valid,Valid,Fixation
1670925648.688035,,Mouse,756.3333333333334,511.3333333333333,,,Fixation
1670925648.70469,,Mouse,755.6666666666666,512.6666666666666,,,Fixation
1670925648.721345,,Eye Tracker,755.0,514.0,Valid,Valid,Fixation
1670925648.737999,,Eye Tracker,753.0,516.0,Valid,Valid,Fixation
1670925648.754654,,Mouse,745.3333333333334,527.3333333333334,,,Fixation
1670925648.7713091,,Mouse,737.6666666666666,538.6666666666666,,,Saccade
1670925648.787963,,Eye Tracker,730.0,550.0,Valid,Valid,Saccade
1670925648.8046181,,Mouse,720.0,573.5,,,Saccade
1670925648.821273,,Eye Tracker,710.0,597.0,Valid,Valid,Saccade
1670925648.837928,,Mouse,657.0,671.5,,,Saccade
1670925648.854582,,Eye Tracker,604.0,746.0,Valid,Valid,Saccade
1670925648.871237,,Mouse,606.0,749.5,,,Saccade
1670925648.887892,,Eye Tracker,608.0,753.0,Valid,Valid,Fixation
1670925648.904545,,Mouse,607.3333333333334,755.0,,,Fixation
1670925648.921201,,Mouse,606.6666666666666,757.0,,,Fixation
1670925648.937856,,Eye Tracker,606.0,759.0,Valid,Valid,Fixation
1670925648.95451,,Mouse,609.0,759.5,,,Fixation
1670925648.971165,,Eye Tracker,612.0,760.0,Valid,Valid,Fixation
1670925648.9878201,,Mouse,613.5,757.0,,,Fixation
1670925649.003743,,Eye Tracker,615.0,754.0,Valid,Valid,Fixation
1670925649.004474,,Mouse,615.5,751.5,,,Fixation
1670925649.014527,,Eye Tracker,616.0,749.0,Valid,Valid,Fixation
1670925649.0211291,,Eye Tracker,616.0,746.0,Valid,Valid,Fixation
1670925649.024543,,Mouse,620.5,735.5,,,Fixation
1670925649.037784,,Eye Tracker,625.0,725.0,Valid,Valid,Saccade
1670925649.043591,,Mouse,635.6666666666666,710.0,,,Saccade
1670925649.054437,,Mouse,646.3333333333334,695.0,,,Saccade
1670925649.0547001,,Eye Tracker,657.0,680.0,Valid,Valid,Saccade
1670925649.0710921,,Mouse,676.0,639.5,,,Saccade
1670925649.073699,,Eye Tracker,695.0,599.0,Valid,Valid,Saccade
1670925649.087747,,Mouse,702.5,588.0,,,Saccade
1670925649.094798,,Eye Tracker,710.0,577.0,Valid,Valid,Saccade
1670925649.104402,,Mouse,711.0,576.0,,,Fixation
1670925649.113544,,Eye Tracker,712.0,575.0,Valid,Valid,Fixation
1670925649.121056,,Mouse,709.0,576.0,,,Fixation
1670925649.137711,,Eye Tracker,706.0,577.0,Valid,Valid,Fixation
1670925649.14451,,Mouse,705.0,577.5,,,Fixation
1670925649.154366,,Eye Tracker,704.0,578.0,Valid,Valid,Fixation
1670925649.17102,,Mouse,706.0,579.0,,,Fixation
1670925649.187676,,Eye Tracker,708.0,580.0,Valid,Valid,Fixation
1670925649.204331,,Eye Tracker,716.0,584.0,Valid,Valid,Fixation
1670925649.220985,,Mouse,715.3333333333334,585.6666666666666,,,Fixation
1670925649.2376401,,Mouse,714.6666666666666,587.3333333333334,,,Fixation
1670925649.254295,,Eye Tracker,714.0,589.0,Valid,Valid,Fixation
1670925649.254599,,Mouse,713.0,593.0,,,Fixation
1670925649.265573,,Eye Tracker,712.0,597.0,Valid,Valid,Fixation
1670925649.270948,,Mouse,712.0,595.5,,,Fixation
1670925649.275625,,Eye Tracker,712.0,594.0,Valid,Valid,Fixation
1670925649.2876031,,Mouse,713.5,594.5,,,Fixation
1670925649.29457,,Eye Tracker,715.0,595.0,Valid,Valid,Fixation
1670925649.304258,,Mouse,716.0,594.5,,,Fixation
1670925649.305823,,Eye Tracker,717.0,594.0,Valid,Valid,Fixation
1670925649.3209121,,Eye Tracker,717.0,590.0,Valid,Valid,Fixation
1670925649.325833,,Mouse,717.0,589.6666666666666,,,Fixation
1670925649.337567,,Mouse,717.0,589.3333333333334,,,Fixation
1670925649.3465831,,Eye Tracker,717.0,589.0,Valid,Valid,Fixation
1670925649.354222,,Mouse,718.0,587.0,,,Fixation
1670925649.366681,,Eye Tracker,719.0,585.0,Valid,Valid,Fixation
1670925649.370877,,Mouse,718.5,589.0,,,Fixation
1670925649.3855681,,Eye Tracker,718.0,593.0,Valid,Valid,Fixation
1670925649.387531,,Mouse,718.5,591.5,,,Fixation
1670925649.396832,,Eye Tracker,719.0,590.0,Valid,Valid,Fixation
1670925649.404186,,Mouse,718.0,587.5,,,Fixation
1670925649.40686,,Eye Tracker,717.0,585.0,Valid,Valid,Fixation
1670925649.420841,,Mouse,714.5,584.0,,,Fixation
1670925649.4255931,,Eye Tracker,712.0,583.0,Valid,Valid,Fixation
1670925649.4368331,,Mouse,711.5,581.0,,,Fixation
1670925649.437495,,Eye Tracker,711.0,579.0,Valid,Valid,Fixation
1670925649.454151,,Mouse,709.0,580.5,,,Fixation
1670925649.455547,,Eye Tracker,707.0,582.0,Valid,Valid,Fixation
1670925649.465639,,Mouse,706.0,580.5,,,Fixation
1670925649.470805,,Eye Tracker,705.0,579.0,Valid,Valid,Fixation
1670925649.476597,,Mouse,706.5,585.0,,,Fixation
1670925649.487459,,Eye Tracker,708.0,591.0,Valid,Valid,Fixation
1670925649.504114,,Mouse,709.5,593.0,,,Fixation
1670925649.505852,,Eye Tracker,711.0,595.0,Valid,Valid,Fixation
1670925649.516622,,Mouse,706.0,590.5,,,Fixation
1670925649.5207691,,Eye Tracker,701.0,586.0,Valid,Valid,Fixation
1670925649.526853,,Mouse,700.0,585.0,,,Fixation
1670925649.5374231,,Eye Tracker,699.0,584.0,Valid,Valid,Fixation
1670925649.545564,,Mouse,698.5,585.0,,,Fixation
1670925649.554078,,Eye Tracker,698.0,586.0,Valid,Valid,Fixation
1670925649.566528,,Mouse,697.0,587.0,,,Fixation
1670925649.570733,,Eye Tracker,696.0,588.0,Valid,Valid,Fixation
1670925649.576561,,Mouse,695.6666666666666,586.6666666666666,,,Fixation
1670925649.587387,,Mouse,695.3333333333334,585.3333333333334,,,Fixation
1670925649.595809,,Eye Tracker,695.0,584.0,Valid,Valid,Fixation
1670925649.604042,,Mouse,695.0,587.0,,,Fixation
1670925649.620697,,Eye Tracker,695.0,590.0,Valid,Valid,Fixation
1670925649.637352,,Mouse,698.0,592.0,,,Fixation
1670925649.654006,,Eye Tracker,701.0,594.0,Valid,Valid,Fixation
1670925649.670661,,Mouse,702.5,593.0,,,Fixation
1670925649.687315,,Eye Tracker,704.0,592.0,Valid,Valid,Fixation
1670925649.703969,,Mouse,705.0,592.5,,,Fixation
1670925649.720625,,Eye Tracker,706.0,593.0,Valid,Valid,Fixation
1670925649.7372801,,Mouse,702.5,593.5,,,Fixation
1670925649.7539341,,Eye Tracker,699.0,594.0,Valid,Valid,Fixation
1670925649.770589,,Mouse,706.5,592.0,,,Fixation
1670925649.787244,,Eye Tracker,714.0,590.0,Valid,Valid,Fixation
1670925649.803898,,Mouse,715.0,591.0,,,Fixation
1670925649.820553,,Eye Tracker,716.0,592.0,Valid,Valid,Fixation
1670925649.837208,,Mouse,709.0,590.5,,,Fixation
1670925649.853862,,Eye Tracker,702.0,589.0,Valid,Valid,Fixation
1670925649.870517,,Mouse,699.0,591.0,,,Fixation
1670925649.887171,,Eye Tracker,696.0,593.0,Valid,Valid,Fixation
1670925649.903826,,Mouse,701.0,612.0,,,Fixation
1670925649.92048,,Eye Tracker,706.0,631.0,Valid,Valid,Saccade
1670925649.9277291,,Mouse,710.5,640.0,,,Saccade
1670925649.937135,,Eye Tracker,715.0,649.0,Valid,Valid,Fixation
1670925649.95379,,Mouse,714.0,652.3333333333334,,,Fixation
1670925649.970445,,Mouse,713.0,655.6666666666666,,,Fixation
1670925649.9871001,,Eye Tracker,712.0,659.0,Valid,Valid,Fixation
1670925650.0037541,,Mouse,712.0,660.0,,,Fixation
1670925650.007651,,Eye Tracker,712.0,661.0,Valid,Valid,Fixation
1670925650.020408,,Mouse,710.5,665.5,,,Fixation
1670925650.037064,,Eye Tracker,709.0,670.0,Valid,Valid,Fixation
1670925650.03884,,Mouse,707.3333333333334,671.0,,,Fixation
1670925650.053719,,Mouse,705.6666666666666,672.0,,,Fixation
1670925650.057703,,Eye Tracker,704.0,673.0,Valid,Valid,Fixation
1670925650.070373,,Eye Tracker,704.0,670.0,Valid,Valid,Fixation
1670925650.078531,,Mouse,703.0,665.5,,,Fixation
1670925650.087028,,Eye Tracker,702.0,661.0,Valid,Valid,Fixation
1670925650.088756,,Mouse,698.5,664.0,,,Fixation
1670925650.103682,,Eye Tracker,695.0,667.0,Valid,Valid,Fixation
1670925650.107753,,Mouse,692.5,670.0,,,Fixation
1670925650.118751,,Eye Tracker,690.0,673.0,Valid,Valid,Fixation
1670925650.120336,,Mouse,688.0,672.0,,,Fixation
1670925650.136991,,Eye Tracker,686.0,671.0,Valid,Valid,Fixation
1670925650.137496,,Mouse,682.5,671.0,,,Fixation
1670925650.153646,,Eye Tracker,679.0,671.0,Valid,Valid,Fixation
1670925650.170301,,Mouse,679.0,675.5,,,Fixation
1670925650.186955,,Eye Tracker,679.0,680.0,Valid,Valid,Fixation
1670925650.20361,,Mouse,680.5,681.0,,,Fixation
1670925650.220265,,Eye Tracker,682.0,682.0,Valid,Valid,Fixation
1670925650.236919,,Mouse,666.0,675.0,,,Saccade
1670925650.2535741,,Eye Tracker,650.0,668.0,Valid,Valid,Saccade
1670925650.270229,,Mouse,648.5,669.5,,,Unclassified
1670925650.286883,,Eye Tracker,647.0,671.0,Valid,Valid,Unclassified
1670925650.303538,,Mouse,651.5,668.5,,,Unclassified
1670925650.320193,,Eye Tracker,656.0,666.0,Valid,Valid,Unclassified
1670925650.336847,,Mouse,645.3333333333334,675.0,,,Unclassified
1670925650.353502,,Mouse,634.6666666666666,684.0,,,Saccade
1670925650.370157,,Eye Tracker,624.0,693.0,Valid,Valid,Saccade
1670925650.386811,,Eye Tracker,561.0,779.0,Valid,Valid,Saccade
1670925650.403466,,Mouse,548.0,796.5,,,Saccade
1670925650.420121,,Eye Tracker,535.0,814.0,Valid,Valid,Saccade
1670925650.436776,,Mouse,534.0,817.6666666666666,,,Saccade
1670925650.449928,,Mouse,533.0,821.3333333333334,,,Fixation
1670925650.449928,,Eye Tracker,532.0,825.0,Valid,Valid,Fixation
1670925650.45343,,Mouse,533.5,827.0,,,Fixation
1670925650.4700851,,Eye Tracker,535.0,829.0,Valid,Valid,Fixation
1670925650.48674,,Mouse,536.0,830.5,,,Fixation
1670925650.5033941,,Eye Tracker,537.0,832.0,Valid,Valid,Fixation
1670925650.520049,,Mouse,537.6666666666666,833.3333333333334,,,Fixation
1670925650.529603,,Mouse,538.3333333333334,834.6666666666666,,,Fixation
1670925650.536704,,Eye Tracker,539.0,836.0,Valid,Valid,Fixation
1670925650.54056,,Eye Tracker,540.0,836.0,Valid,Valid,Fixation
1670925650.550591,,Mouse,537.3333333333334,837.6666666666666,,,Fixation
1670925650.553358,,Mouse,534.6666666666666,839.3333333333334,,,Fixation
1670925650.560676,,Eye Tracker,532.0,841.0,Valid,Valid,Fixation
1670925650.570013,,Mouse,542.5,838.5,,,Fixation
1670925650.5795941,,Eye Tracker,553.0,836.0,Valid,Valid,Fixation
1670925650.586668,,Eye Tracker,554.0,833.0,Valid,Valid,Fixation
1670925650.5906591,,Mouse,544.5,826.0,,,Fixation
1670925650.603321,,Eye Tracker,535.0,819.0,Valid,Invalid,Fixation
1670925650.609565,,Mouse,532.5,821.0,,,Fixation
1670925650.619826,,Eye Tracker,530.0,823.0,Valid,Invalid,Fixation
1670925650.619976,,Mouse,532.5,823.5,,,Fixation
1670925650.630588,,Eye Tracker,535.0,824.0,Valid,Invalid,Fixation
1670925650.636632,,Mouse,534.5,825.0,,,Fixation
1670925650.649825,,Eye Tracker,534.0,826.0,Valid,Invalid,Fixation
1670925650.653286,,Mouse,532.3333333333334,825.6666666666666,,,Fixation
1670925650.659905,,Mouse,530.6666666666666,825.3333333333334,,,Fixation
1670925650.669941,,Eye Tracker,529.0,825.0,Valid,Invalid,Fixation
1670925650.670563,,Mouse,530.5,823.5,,,Fixation
1670925650.680584,,Eye Tracker,532.0,822.0,Valid,Invalid,Fixation
1670925650.686596,,Mouse,534.0,820.0,,,Fixation
1670925650.70052,,Eye Tracker,536.0,818.0,Valid,Invalid,Fixation
1670925650.7032511,,Mouse,533.5,816.0,,,Fixation
1670925650.711586,,Eye Tracker,531.0,814.0,Valid,Invalid,Fixation
1670925650.719904,,Mouse,529.5,817.5,,,Fixation
1670925650.731555,,Eye Tracker,528.0,821.0,Valid,Invalid,Fixation
1670925650.736559,,Mouse,528.5,823.0,,,Fixation
1670925650.7532141,,Eye Tracker,529.0,825.0,Valid,Invalid,Fixation
1670925650.761581,,Eye Tracker,529.0,823.0,Valid,Invalid,Fixation
1670925650.769869,,Mouse,530.3333333333334,823.6666666666666,,,Fixation
1670925650.780633,,Mouse,531.6666666666666,824.3333333333334,,,Fixation
1670925650.786524,,Eye Tracker,533.0,825.0,Valid,Invalid,Fixation
1670925650.801575,,Mouse,537.0,823.0,,,Fixation
1670925650.803178,,Eye Tracker,541.0,821.0,Valid,Invalid,Fixation
1670925650.819832,,Mouse,538.5,818.0,,,Fixation
1670925650.8206,,Eye Tracker,536.0,815.0,Valid,Invalid,Fixation
1670925650.836487,,Mouse,530.5,817.0,,,Fixation
1670925650.841523,,Eye Tracker,525.0,819.0,Valid,Invalid,Fixation
1670925650.853142,,Mouse,527.0,818.0,,,Fixation
1670925650.8615901,,Eye Tracker,529.0,817.0,Valid,Invalid,Fixation
1670925650.869796,,Mouse,527.0,813.5,,,Fixation
1670925650.882579,,Eye Tracker,525.0,810.0,Valid,Invalid,Fixation
1670925650.886451,,Mouse,525.5,815.0,,,Fixation
1670925650.892597,,Eye Tracker,526.0,820.0,Valid,Invalid,Fixation
1670925650.903106,,Mouse,524.0,817.5,,,Fixation
1670925650.9115741,,Eye Tracker,522.0,815.0,Valid,Invalid,Fixation
1670925650.919761,,Eye Tracker,524.0,812.0,Valid,Invalid,Fixation
1670925650.922686,,Mouse,529.0,818.0,,,Fixation
1670925650.936415,,Eye Tracker,534.0,824.0,Valid,Invalid,Fixation
1670925650.942538,,Mouse,526.0,834.0,,,Fixation
1670925650.95307,,Eye Tracker,518.0,844.0,Valid,Invalid,Saccade
1670925650.9616191,,Mouse,509.0,855.5,,,Saccade
1670925650.9697251,,Eye Tracker,500.0,867.0,Valid,Invalid,Saccade
1670925650.972556,,Mouse,496.5,873.5,,,Saccade
1670925650.982598,,Eye Tracker,493.0,880.0,Valid,Invalid,Fixation
1670925650.9863791,,Mouse,493.3333333333333,883.3333333333334,,,Fixation
1670925651.001553,,Mouse,493.6666666666667,886.6666666666666,,,Fixation
1670925651.003034,,Eye Tracker,494.0,890.0,Valid,Invalid,Fixation
1670925651.012563,,Mouse,494.0,888.5,,,Fixation
1670925651.019689,,Eye Tracker,494.0,887.0,Valid,Invalid,Fixation
1670925651.022656,,Mouse,491.0,882.0,,,Fixation
1670925651.036343,,Eye Tracker,488.0,877.0,Valid,Invalid,Fixation
1670925651.041574,,Mouse,489.3333333333333,879.0,,,Fixation
1670925651.052557,,Mouse,490.6666666666667,881.0,,,Fixation
1670925651.052998,,Eye Tracker,492.0,883.0,Valid,Invalid,Fixation
1670925651.0625901,,Mouse,492.0,887.5,,,Fixation
1670925651.069653,,Eye Tracker,492.0,892.0,Valid,Invalid,Fixation
1670925651.081562,,Mouse,492.0,890.5,,,Fixation
1670925651.086307,,Eye Tracker,492.0,889.0,Valid,Invalid,Fixation
1670925651.09276,,Mouse,490.0,890.5,,,Fixation
1670925651.102962,,Eye Tracker,488.0,892.0,Valid,Invalid,Fixation
1670925651.112647,,Eye Tracker,484.0,889.0,Valid,Invalid,Fixation
1670925651.119617,,Eye Tracker,490.0,888.0,Valid,Invalid,Fixation
1670925651.131503,,Eye Tracker,495.0,885.0,Valid,Valid,Fixation
1670925651.136271,,Eye Tracker,482.0,893.0,Valid,Valid,Fixation
1670925651.142587,,Eye Tracker,484.0,891.0,Valid,Valid,Fixation
1670925651.152676,,Eye Tracker,484.0,893.0,Valid,Valid,Fixation
1670925651.152926,,Mouse,480.0,896.0,,,Fixation
1670925651.169581,,Eye Tracker,476.0,899.0,Valid,Valid,Fixation
1670925651.171519,,Eye Tracker,470.0,894.0,Valid,Valid,Fixation
1670925651.182692,,Eye Tracker,480.0,894.0,Valid,Valid,Fixation
1670925651.186235,,Eye Tracker,476.0,892.0,Valid,Valid,Fixation
1670925651.2025661,,Eye Tracker,477.0,892.0,Valid,Valid,Fixation
1670925651.202889,,Mouse,478.0,893.0,,,Fixation
1670925651.21261,,Eye Tracker,479.0,894.0,Valid,Valid,Fixation
1670925651.2195451,,Eye Tracker,468.0,892.0,Valid,Valid,Fixation
1670925651.223591,,Mouse,473.0,891.6666666666666,,,Fixation
1670925651.2362,,Mouse,478.0,891.3333333333334,,,Fixation
1670925651.243596,,Eye Tracker,483.0,891.0,Valid,Valid,Fixation
1670925651.252854,,Mouse,483.0,892.0,,,Fixation
1670925651.263564,,Eye Tracker,483.0,893.0,Valid,Valid,Fixation
1670925651.269509,,Mouse,490.0,891.5,,,Fixation
1670925651.283857,,Eye Tracker,497.0,890.0,Valid,Invalid,Fixation
1670925651.286164,,Mouse,505.0,896.0,,,Fixation
1670925651.302818,,Eye Tracker,513.0,902.0,Valid,Valid,Fixation
1670925651.303617,,Mouse,505.0,902.5,,,Fixation
1670925651.313728,,Eye Tracker,497.0,903.0,Valid,Valid,Fixation
1670925651.319473,,Mouse,489.5,901.0,,,Fixation
1670925651.332556,,Eye Tracker,482.0,899.0,Valid,Valid,Fixation
1670925651.336128,,Eye Tracker,473.0,894.0,Valid,Valid,Fixation
1670925651.342685,,Eye Tracker,474.0,891.0,Valid,Valid,Fixation
1670925651.352782,,Eye Tracker,491.0,892.0,Valid,Invalid,Fixation
1670925651.353669,,Eye Tracker,492.0,893.0,Valid,Invalid,Fixation
1670925651.369437,,Eye Tracker,490.0,892.0,Valid,Invalid,Fixation
1670925651.37358,,Eye Tracker,487.0,896.0,Valid,Invalid,Fixation
1670925651.383647,,Eye Tracker,496.0,901.0,Valid,Invalid,Fixation
1670925651.386092,,Eye Tracker,500.0,899.0,Valid,Invalid,Fixation
1670925651.39465,,Eye Tracker,495.0,892.0,Valid,Invalid,Fixation
1670925651.402745,,Eye Tracker,487.0,891.0,Valid,Invalid,Fixation
1670925651.4148111,,Eye Tracker,486.0,896.0,Valid,Invalid,Fixation
1670925651.4194,,Eye Tracker,506.0,895.0,Valid,Valid,Fixation
1670925651.434818,,Mouse,500.5,895.5,,,Fixation
1670925651.436055,,Eye Tracker,495.0,896.0,Valid,Valid,Fixation
1670925651.444822,,Eye Tracker,488.0,899.0,Valid,Valid,Fixation
1670925651.452709,,Mouse,491.5,902.5,,,Fixation
1670925651.463526,,Eye Tracker,495.0,906.0,Valid,Valid,Fixation
1670925651.469364,,Mouse,494.5,905.5,,,Fixation
1670925651.474575,,Eye Tracker,494.0,905.0,Valid,Valid,Fixation
1670925651.484809,,Eye Tracker,501.0,896.0,Valid,Invalid,Fixation
1670925651.4860191,,Mouse,501.0,897.0,,,Fixation
1670925651.502674,,Eye Tracker,501.0,898.0,Valid,Invalid,Fixation
1670925651.503649,,Eye Tracker,490.0,897.0,Valid,Invalid,Fixation
1670925651.513716,,Eye Tracker,490.0,899.0,Valid,Invalid,Fixation
1670925651.519329,,Mouse,492.3333333333333,900.3333333333334,,,Fixation
1670925651.52456,,Mouse,494.6666666666667,901.6666666666666,,,Fixation
1670925651.535984,,Eye Tracker,497.0,903.0,Valid,Invalid,Fixation
1670925651.543814,,Mouse,496.5,904.0,,,Fixation
1670925651.552639,,Eye Tracker,496.0,905.0,Valid,Invalid,Fixation
1670925651.564557,,Eye Tracker,491.0,907.0,Valid,Invalid,Fixation
1670925651.569293,,Eye Tracker,494.0,909.0,Valid,Valid,Fixation
1670925651.574614,,Eye Tracker,492.0,908.0,Valid,Valid,Fixation
1670925651.584677,,Mouse,494.0,904.0,,,Fixation
1670925651.585948,,Eye Tracker,496.0,900.0,Valid,Valid,Fixation
1670925651.602602,,Mouse,495.5,900.5,,,Fixation
1670925651.604543,,Eye Tracker,495.0,901.0,Valid,Valid,Fixation
1670925651.614803,,Mouse,492.5,902.5,,,Fixation
1670925651.619256,,Eye Tracker,490.0,904.0,Valid,Valid,Fixation
1670925651.63383,,Eye Tracker,478.0,898.0,Valid,Valid,Fixation
1670925651.635911,,Mouse,477.6666666666667,898.6666666666666,,,Fixation
1670925651.644651,,Mouse,477.3333333333333,899.3333333333334,,,Fixation
1670925651.652566,,Eye Tracker,477.0,900.0,Valid,Valid,Fixation
1670925651.664556,,Eye Tracker,490.0,897.0,Valid,Invalid,Fixation
1670925651.66922,,Eye Tracker,489.0,894.0,Valid,Invalid,Fixation
1670925651.683545,,Eye Tracker,491.0,900.0,Valid,Invalid,Fixation
1670925651.685875,,Eye Tracker,491.0,893.0,Valid,Invalid,Fixation
1670925651.694578,,Mouse,491.0,887.5,,,Fixation
1670925651.7025301,,Eye Tracker,491.0,882.0,Valid,Invalid,Fixation
1670925651.704683,,Mouse,491.0,888.0,,,Fixation
1670925651.719184,,Eye Tracker,491.0,894.0,Valid,Invalid,Fixation
1670925651.724559,,Mouse,491.3333333333333,897.6666666666666,,,Fixation
1670925651.735583,,Mouse,491.6666666666667,901.3333333333334,,,Fixation
1670925651.7358391,,Eye Tracker,492.0,905.0,Valid,Invalid,Fixation
1670925651.745867,,Eye Tracker,494.0,904.0,Valid,Invalid,Fixation
1670925651.752494,,Mouse,494.6666666666667,902.0,,,Fixation
1670925651.764564,,Mouse,495.3333333333333,900.0,,,Fixation
1670925651.769149,,Eye Tracker,496.0,898.0,Valid,Invalid,Fixation
1670925651.775554,,Mouse,494.0,894.5,,,Fixation
1670925651.785563,,Eye Tracker,492.0,891.0,Valid,Invalid,Fixation
1670925651.785803,,Mouse,491.75,890.0,,,Fixation
1670925651.802457,MouseEvent,,491.5,889.0,,,Fixation
1670925651.804573,,Mouse,491.25,888.0,,,Fixation
1670925651.815557,,Eye Tracker,491.0,887.0,Valid,Invalid,Fixation
1670925651.819113,,Mouse,492.0,887.0,,,Fixation
1670925651.835571,,Eye Tracker,493.0,887.0,Valid,Invalid,Fixation
1670925651.835767,,Mouse,494.0,886.0,,,Fixation
1670925651.852422,,Eye Tracker,495.0,885.0,Valid,Invalid,Fixation
1670925651.8544981,,Mouse,494.0,885.0,,,Fixation
1670925651.8655841,,Eye Tracker,493.0,885.0,Valid,Invalid,Fixation
1670925651.869077,,Mouse,494.0,886.0,,,Fixation
1670925651.875843,,Eye Tracker,495.0,887.0,Valid,Invalid,Fixation
1670925651.885731,,Eye Tracker,500.0,889.0,Valid,Invalid,Fixation
1670925651.895478,,Mouse,503.0,889.5,,,Fixation
1670925651.902386,,Eye Tracker,506.0,890.0,Valid,Invalid,Fixation
1670925651.906488,,Mouse,506.5,891.0,,,Fixation
1670925651.916523,,Eye Tracker,507.0,892.0,Valid,Invalid,Fixation
1670925651.919041,,Mouse,503.0,894.0,,,Fixation
1670925651.926552,,Eye Tracker,499.0,896.0,Valid,Invalid,Fixation
1670925651.935695,,Mouse,497.5,897.0,,,Fixation
1670925651.94661,,Eye Tracker,496.0,898.0,Valid,Invalid,Fixation
1670925651.9523501,,Mouse,495.5,898.0,,,Fixation
1670925651.966716,,Eye Tracker,495.0,898.0,Valid,Invalid,Fixation
1670925651.969005,,Mouse,494.5,893.5,,,Fixation
1670925651.9856591,,Eye Tracker,494.0,889.0,Valid,Valid,Fixation
1670925651.986555,,Mouse,492.0,894.5,,,Fixation
1670925651.996569,,Eye Tracker,490.0,900.0,Valid,Valid,Fixation
1670925652.0023131,,Mouse,486.0,904.5,,,Fixation
1670925652.006819,,Eye Tracker,482.0,909.0,Valid,Valid,Fixation
1670925652.018968,,Mouse,488.5,908.5,,,Fixation
1670925652.026527,,Eye Tracker,495.0,908.0,Valid,Valid,Fixation
1670925652.035623,,Mouse,494.5,907.0,,,Fixation
1670925652.0368001,,Eye Tracker,494.0,906.0,Valid,Valid,Fixation
1670925652.052277,,Mouse,499.0,904.5,,,Fixation
1670925652.055545,,Eye Tracker,504.0,903.0,Valid,Invalid,Fixation
1670925652.068932,,Eye Tracker,498.0,905.0,Valid,Valid,Fixation
1670925652.0767121,,Eye Tracker,494.0,908.0,Valid,Valid,Fixation
1670925652.085587,,Eye Tracker,497.0,905.0,Valid,Valid,Fixation
1670925652.096631,,Eye Tracker,502.0,903.0,Valid,Valid,Fixation
1670925652.102242,,Eye Tracker,525.0,870.0,Valid,Valid,Saccade
1670925652.116528,,Eye Tracker,552.0,830.0,Valid,Valid,Saccade
1670925652.118897,,Eye Tracker,891.0,483.0,Valid,Valid,Saccade
1670925652.1265361,MouseEvent,,934.3333333333334,455.0,,,Saccade
1670925652.135552,,Mouse,977.6666666666666,427.0,,,Saccade
1670925652.136809,,Eye Tracker,1021.0,399.0,Valid,Valid,Saccade
1670925652.152206,,Eye Tracker,1111.0,346.0,Valid,Valid,Saccade
1670925652.156564,,Eye Tracker,1130.0,361.0,Valid,Valid,Fixation
1670925652.166603,,Eye Tracker,1122.0,374.0,Valid,Valid,Fixation
1670925652.168861,,Eye Tracker,1113.0,373.0,Valid,Valid,Fixation
1670925652.176842,,Eye Tracker,1106.0,381.0,Valid,Valid,Fixation
1670925652.185516,,Eye Tracker,1099.0,390.0,Valid,Valid,Fixation
1670925652.196536,,Eye Tracker,1093.0,390.0,Valid,Valid,Fixation
1670925652.202169,,Eye Tracker,1086.0,396.0,Valid,Valid,Fixation
1670925652.20686,,Mouse,1087.0,395.0,,,Fixation
1670925652.2188241,,Eye Tracker,1088.0,394.0,Valid,Valid,Fixation
1670925652.226489,,Mouse,1089.5,390.0,,,Fixation
1670925652.235479,,Eye Tracker,1091.0,386.0,Valid,Valid,Fixation
1670925652.236633,,Eye Tracker,1083.0,387.0,Valid,Valid,Fixation
1670925652.24756,,Eye Tracker,1112.0,465.0,Valid,Valid,Saccade
1670925652.2521331,,Mouse,1137.0,525.0,,,Saccade
1670925652.267718,,Eye Tracker,1162.0,585.0,Valid,Valid,Saccade
1670925652.268788,,Mouse,1180.0,647.5,,,Saccade
1670925652.285443,,Eye Tracker,1198.0,710.0,Valid,Valid,Saccade
1670925652.287532,,Mouse,1198.5,717.0,,,Fixation
1670925652.297678,,Eye Tracker,1199.0,724.0,Valid,Valid,Fixation
1670925652.302098,,Eye Tracker,1179.0,729.0,Valid,Valid,Fixation
1670925652.316516,,Mouse,1178.6666666666667,727.3333333333334,,,Fixation
1670925652.318752,,Mouse,1178.3333333333333,725.6666666666666,,,Fixation
1670925652.327508,,Eye Tracker,1178.0,724.0,Valid,Valid,Fixation
1670925652.335407,,Mouse,1181.0,720.5,,,Fixation
1670925652.337694,,Eye Tracker,1184.0,717.0,Valid,Valid,Fixation
1670925652.352062,,Mouse,1183.5,717.0,,,Fixation
1670925652.356553,,Eye Tracker,1183.0,717.0,Valid,Valid,Fixation
1670925652.3677871,,Mouse,1182.5,719.5,,,Fixation
1670925652.368716,,Eye Tracker,1182.0,722.0,Valid,Valid,Fixation
1670925652.385371,,Mouse,1181.6666666666667,721.3333333333334,,,Fixation
1670925652.387523,,Mouse,1181.3333333333333,720.6666666666666,,,Fixation
1670925652.397572,,Eye Tracker,1181.0,720.0,Valid,Valid,Fixation
1670925652.402026,,Eye Tracker,1180.0,724.0,Valid,Valid,Fixation
1670925652.40786,,Mouse,1181.3333333333333,723.0,,,Fixation
1670925652.418586,,Mouse,1182.6666666666667,722.0,,,Fixation
1670925652.41868,,Eye Tracker,1184.0,721.0,Valid,Valid,Fixation
1670925652.435335,,Mouse,1182.0,715.5,,,Fixation
1670925652.438694,,Eye Tracker,1180.0,710.0,Valid,Valid,Fixation
1670925652.4519901,,Mouse,1177.5,712.0,,,Fixation
1670925652.458553,,Eye Tracker,1175.0,714.0,Valid,Valid,Fixation
1670925652.4686441,,Mouse,1176.5,718.0,,,Fixation
1670925652.4688451,,Eye Tracker,1178.0,722.0,Valid,Valid,Fixation
1670925652.485299,,Mouse,1178.5,721.0,,,Fixation
1670925652.487498,,Eye Tracker,1179.0,720.0,Valid,Valid,Fixation
1670925652.498615,,Mouse,1176.0,720.0,,,Fixation
1670925652.501954,,Eye Tracker,1173.0,720.0,Valid,Valid,Fixation
1670925652.518548,,Mouse,1174.0,720.0,,,Fixation
1670925652.518608,,Eye Tracker,1175.0,720.0,Valid,Valid,Fixation
1670925652.535263,,Mouse,1179.5,719.5,,,Fixation
1670925652.538496,,Eye Tracker,1184.0,719.0,Valid,Valid,Fixation
1670925652.548578,,Mouse,1159.5,730.5,,,Fixation
1670925652.551918,,Eye Tracker,1135.0,742.0,Valid,Valid,Saccade
1670925652.567686,,Mouse,1077.5,772.0,,,Saccade
1670925652.568573,,Eye Tracker,1020.0,802.0,Valid,Valid,Saccade
1670925652.57859,,Mouse,997.0,813.6666666666666,,,Saccade
1670925652.585227,,Mouse,974.0,825.3333333333334,,,Saccade
1670925652.598588,,Eye Tracker,951.0,837.0,Valid,Valid,Saccade
1670925652.601882,,Eye Tracker,938.0,843.0,Valid,Valid,Fixation
1670925652.608611,,Mouse,940.0,846.0,,,Fixation
1670925652.618537,,Mouse,942.0,849.0,,,Fixation
1670925652.628568,,Eye Tracker,944.0,852.0,Valid,Valid,Fixation
1670925652.635191,,Mouse,942.0,849.0,,,Fixation
1670925652.638688,,Mouse,940.0,846.0,,,Fixation
1670925652.651846,,Eye Tracker,938.0,843.0,Valid,Valid,Fixation
1670925652.657535,,Mouse,941.0,841.0,,,Fixation
1670925652.6685011,,Eye Tracker,944.0,839.0,Valid,Valid,Fixation
1670925652.668801,,Mouse,946.3333333333334,840.3333333333334,,,Fixation
1670925652.685155,,Mouse,948.6666666666666,841.6666666666666,,,Fixation
1670925652.6885521,,Eye Tracker,951.0,843.0,Valid,Valid,Fixation
1670925652.701811,,Mouse,951.5,840.5,,,Fixation
1670925652.708591,,Eye Tracker,952.0,838.0,Valid,Valid,Fixation
1670925652.718466,,Eye Tracker,958.0,840.0,Valid,Valid,Fixation
1670925652.728544,,Mouse,956.5,839.5,,,Fixation
1670925652.73512,,Eye Tracker,955.0,839.0,Valid,Valid,Fixation
1670925652.738559,,Mouse,955.0,836.5,,,Fixation
1670925652.749577,,Eye Tracker,955.0,834.0,Valid,Valid,Fixation
1670925652.751775,,Mouse,955.5,837.5,,,Fixation
1670925652.759825,,Eye Tracker,956.0,841.0,Valid,Valid,Fixation
1670925652.76843,,Mouse,955.0,841.5,,,Fixation
1670925652.779578,,Eye Tracker,954.0,842.0,Valid,Valid,Fixation
1670925652.785084,,Mouse,953.5,842.0,,,Fixation
1670925652.79972,,Eye Tracker,953.0,842.0,Valid,Valid,Fixation
1670925652.801739,,Mouse,951.5,841.0,,,Fixation
1670925652.818394,,Eye Tracker,950.0,840.0,Valid,Valid,Fixation
1670925652.81955,,Mouse,952.3333333333334,843.3333333333334,,,Fixation
1670925652.835049,,Mouse,954.6666666666666,846.6666666666666,,,Fixation
1670925652.839546,,Eye Tracker,957.0,850.0,Valid,Valid,Fixation
1670925652.84957,,Mouse,1041.0,863.0,,,Fixation
1670925652.851703,,Eye Tracker,1125.0,876.0,Valid,Valid,Saccade
1670925652.8683581,,Mouse,1151.5,874.0,,,Saccade
1670925652.868826,,Eye Tracker,1178.0,872.0,Valid,Valid,Saccade
1670925652.879579,,Mouse,1192.5,883.0,,,Saccade
1670925652.885013,,Eye Tracker,1207.0,894.0,Valid,Valid,Saccade
1670925652.889655,,Mouse,1209.5,892.5,,,Saccade
1670925652.901667,,Eye Tracker,1212.0,891.0,Valid,Valid,Fixation
1670925652.909545,,Mouse,1210.0,892.0,,,Fixation
1670925652.918322,,Eye Tracker,1208.0,893.0,Valid,Valid,Fixation
1670925652.920461,,Mouse,1208.3333333333333,893.3333333333334,,,Fixation
1670925652.930686,,Mouse,1208.6666666666667,893.6666666666666,,,Fixation
1670925652.934977,,Eye Tracker,1209.0,894.0,Valid,Valid,Fixation
1670925652.950546,,Mouse,1209.0,890.5,,,Fixation
1670925652.951631,,Eye Tracker,1209.0,887.0,Valid,Valid,Fixation
1670925652.968286,,Mouse,1207.5,887.5,,,Fixation
1670925652.970553,,Eye Tracker,1206.0,888.0,Valid,Valid,Fixation
1670925652.980563,,Mouse,1206.0,885.0,,,Fixation
1670925652.984941,,Eye Tracker,1206.0,882.0,Valid,Valid,Fixation
1670925652.990568,,Mouse,1206.5,881.0,,,Fixation
1670925653.001596,,Eye Tracker,1207.0,880.0,Valid,Valid,Fixation
1670925653.010557,,Mouse,1207.0,880.0,,,Fixation
1670925653.018251,,Eye Tracker,1207.0,880.0,Valid,Valid,Fixation
1670925653.030754,,Mouse,1204.5,881.0,,,Fixation
1670925653.0349061,,Eye Tracker,1202.0,882.0,Valid,Valid,Fixation
1670925653.0505621,,Mouse,1201.3333333333333,882.3333333333334,,,Fixation
1670925653.05156,,Mouse,1200.6666666666667,882.6666666666666,,,Fixation
1670925653.0682151,,Eye Tracker,1200.0,883.0,Valid,Valid,Fixation
1670925653.070626,,Mouse,1201.5,881.0,,,Fixation
1670925653.08487,,Eye Tracker,1203.0,879.0,Valid,Valid,Fixation
1670925653.0906901,,Mouse,1204.0,879.0,,,Fixation
1670925653.101525,,Eye Tracker,1205.0,879.0,Valid,Valid,Fixation
1670925653.110517,,Mouse,1206.0,879.5,,,Fixation
1670925653.118179,,Eye Tracker,1207.0,880.0,Valid,Valid,Fixation
1670925653.120529,,Mouse,1205.5,879.0,,,Fixation
1670925653.134834,,Eye Tracker,1204.0,878.0,Valid,Valid,Fixation
1670925653.140573,,Mouse,1204.0,877.0,,,Fixation
1670925653.151489,,Mouse,1204.0,876.0,,,Fixation
1670925653.160593,,Eye Tracker,1204.0,875.0,Valid,Valid,Fixation
1670925653.168143,,Eye Tracker,1208.0,874.0,Valid,Valid,Fixation
1670925653.180551,,Mouse,1207.0,874.3333333333334,,,Fixation
1670925653.184798,,Mouse,1206.0,874.6666666666666,,,Fixation
1670925653.190788,,Eye Tracker,1205.0,875.0,Valid,Valid,Fixation
1670925653.201453,,Mouse,1202.0,875.5,,,Fixation
1670925653.209551,,Eye Tracker,1199.0,876.0,Valid,Valid,Fixation
1670925653.218107,,Mouse,1202.0,874.0,,,Fixation
1670925653.220517,,Eye Tracker,1205.0,872.0,Valid,Valid,Fixation
1670925653.230874,,Mouse,1207.5,872.5,,,Fixation
1670925653.234762,,Eye Tracker,1210.0,873.0,Valid,Valid,Fixation
1670925653.2505481,,Mouse,1209.6666666666667,874.3333333333334,,,Fixation
1670925653.251417,,Mouse,1209.3333333333333,875.6666666666666,,,Fixation
1670925653.261598,,Eye Tracker,1209.0,877.0,Valid,Valid,Fixation
1670925653.268071,,Eye Tracker,1272.0,888.0,Valid,Valid,Saccade
1670925653.28155,,Mouse,1290.6666666666667,896.3333333333334,,,Saccade
1670925653.284727,,Mouse,1309.3333333333333,904.6666666666666,,,Saccade
1670925653.2915761,,Eye Tracker,1328.0,913.0,Valid,Valid,Saccade
1670925653.301382,,Mouse,1341.0,918.5,,,Unclassified
1670925653.301604,,Eye Tracker,1354.0,924.0,Valid,Valid,Unclassified
1670925653.318036,,Mouse,1350.0,917.5,,,Unclassified
1670925653.321521,,Eye Tracker,1346.0,911.0,Valid,Valid,Unclassified
1670925653.334691,,Mouse,1367.0,914.0,,,Unclassified
1670925653.3405561,,Eye Tracker,1388.0,917.0,Valid,Valid,Saccade
1670925653.351346,,Mouse,1399.6666666666667,922.3333333333334,,,Saccade
1670925653.351541,,Mouse,1411.3333333333333,927.6666666666666,,,Unclassified
1670925653.361587,,Eye Tracker,1423.0,933.0,Valid,Valid,Unclassified
1670925653.368001,,Eye Tracker,1343.0,908.0,Valid,Valid,Saccade
1670925653.380562,,Mouse,1343.0,907.3333333333334,,,Saccade
1670925653.384655,,Mouse,1343.0,906.6666666666666,,,Unclassified
1670925653.391716,,Eye Tracker,1343.0,906.0,Valid,Valid,Unclassified
1670925653.40131,,Mouse,1320.0,901.0,,,Unclassified
1670925653.411547,,Eye Tracker,1297.0,896.0,Invalid,Valid,Unclassified
1670925653.417965,,Mouse,1297.5,897.0,,,Unclassified
1670925653.4215581,,Eye Tracker,1298.0,898.0,Invalid,Valid,Unclassified
1670925653.432594,,Mouse,1352.0,909.5,,,Unclassified
1670925653.434619,,Eye Tracker,1406.0,921.0,Valid,Valid,Saccade
1670925653.451274,,Mouse,1406.0,921.0,,,Saccade
1670925653.452532,,Mouse,1406.0,921.0,,,Unclassified
1670925653.462833,,Eye Tracker,1406.0,921.0,Valid,Valid,Unclassified
1670925653.4679291,,Mouse,1383.5,922.5,,,Saccade
1670925653.482789,,Eye Tracker,1361.0,924.0,Valid,Valid,Saccade
1670925653.4845831,,Mouse,1356.0,917.5,,,Unclassified
1670925653.501238,,Eye Tracker,1351.0,911.0,Valid,Valid,Unclassified
1670925653.502573,,Mouse,1356.5,905.5,,,Unclassified
1670925653.517893,,Eye Tracker,1362.0,900.0,Valid,Valid,Unclassified
1670925653.522824,,Eye Tracker,1385.0,908.0,Valid,Valid,Unclassified
1670925653.534547,,Mouse,1396.5,912.5,,,Unclassified
1670925653.542483,,Eye Tracker,1408.0,917.0,Valid,Valid,Saccade
1670925653.551202,,Mouse,1407.6666666666667,916.3333333333334,,,Saccade
1670925653.562795,,Mouse,1407.3333333333333,915.6666666666666,,,Fixation
1670925653.567857,,Eye Tracker,1407.0,915.0,Valid,Valid,Fixation
1670925653.582539,,Eye Tracker,1413.0,920.0,Valid,Valid,Fixation
1670925653.584512,,Mouse,1413.6666666666667,919.3333333333334,,,Fixation
1670925653.601167,,Mouse,1414.3333333333333,918.6666666666666,,,Fixation
1670925653.602595,,Eye Tracker,1415.0,918.0,Valid,Valid,Fixation
1670925653.617822,,Mouse,1418.5,918.0,,,Fixation
1670925653.622805,,Eye Tracker,1422.0,918.0,Valid,Valid,Fixation
1670925653.6344771,,Mouse,1423.5,918.0,,,Fixation
1670925653.642548,,Eye Tracker,1425.0,918.0,Valid,Valid,Fixation
1670925653.651131,,Mouse,1413.5,916.0,,,Saccade
1670925653.662523,,Eye Tracker,1402.0,914.0,Valid,Valid,Saccade
1670925653.6677861,,Eye Tracker,1390.0,904.0,Valid,Valid,Fixation
1670925653.681587,,Mouse,1386.5,900.5,,,Fixation
1670925653.684441,,Eye Tracker,1383.0,897.0,Valid,Valid,Fixation
1670925653.692602,,Mouse,1386.0,900.6666666666666,,,Fixation
1670925653.701095,,Mouse,1389.0,904.3333333333334,,,Fixation
1670925653.712531,,Eye Tracker,1392.0,908.0,Valid,Valid,Fixation
1670925653.71775,,Eye Tracker,1368.0,897.0,Valid,Valid,Fixation
1670925653.732609,,Eye Tracker,1369.0,890.0,Valid,Valid,Fixation
1670925653.734405,,Mouse,1394.5,894.5,,,Fixation
1670925653.751059,,Eye Tracker,1420.0,899.0,Valid,Valid,Saccade
1670925653.752705,,Mouse,1436.5,905.5,,,Saccade
1670925653.767714,,Eye Tracker,1453.0,912.0,Valid,Valid,Fixation
1670925653.773526,,Mouse,1449.0,910.5,,,Fixation
1670925653.7836,,Eye Tracker,1445.0,909.0,Valid,Valid,Fixation
1670925653.784369,,Mouse,1437.5,906.5,,,Fixation
1670925653.793721,,Eye Tracker,1430.0,904.0,Valid,Valid,Fixation
1670925653.801023,,Eye Tracker,1422.0,908.0,Valid,Valid,Fixation
1670925653.813616,,Mouse,1422.0,906.5,,,Fixation
1670925653.817678,,Eye Tracker,1422.0,905.0,Valid,Valid,Fixation
1670925653.823821,,Mouse,1424.3333333333333,903.0,,,Fixation
1670925653.834333,,Mouse,1426.6666666666667,901.0,,,Fixation
1670925653.843511,,Eye Tracker,1429.0,899.0,Valid,Valid,Fixation
1670925653.850987,,Eye Tracker,1431.0,899.0,Valid,Valid,Fixation
1670925653.853586,,Mouse,1430.0,903.0,,,Fixation
1670925653.867642,,Eye Tracker,1429.0,907.0,Valid,Valid,Fixation
1670925653.873558,,Mouse,1431.0,908.5,,,Fixation
1670925653.883675,,Eye Tracker,1433.0,910.0,Valid,Valid,Fixation
1670925653.884298,,Mouse,1425.5,907.5,,,Fixation
1670925653.900953,,Eye Tracker,1418.0,905.0,Valid,Valid,Fixation
1670925653.903529,,Mouse,1419.0,903.5,,,Fixation
1670925653.913572,,Eye Tracker,1420.0,902.0,Valid,Valid,Fixation
1670925653.917607,,Mouse,1426.3333333333333,901.0,,,Fixation
1670925653.923729,,Mouse,1432.6666666666667,900.0,,,Fixation
1670925653.934262,,Eye Tracker,1439.0,899.0,Valid,Valid,Fixation
1670925653.944506,,Eye Tracker,1443.0,895.0,Valid,Valid,Fixation
1670925653.950917,,Mouse,1440.6666666666667,895.0,,,Fixation
1670925653.954547,,Mouse,1438.3333333333333,895.0,,,Fixation
1670925653.9645581,,Eye Tracker,1436.0,895.0,Valid,Valid,Fixation
1670925653.967571,,Mouse,1435.5,896.0,,,Fixation
1670925653.974569,,Eye Tracker,1435.0,897.0,Valid,Valid,Fixation
1670925653.984226,,Mouse,1433.5,894.5,,,Fixation
1670925653.984582,,Eye Tracker,1432.0,892.0,Valid,Valid,Fixation
1670925654.000881,,Mouse,1433.3333333333333,892.6666666666666,,,Fixation
1670925654.004554,,Mouse,1434.6666666666667,893.3333333333334,,,Fixation
1670925654.014837,,Eye Tracker,1436.0,894.0,Valid,Valid,Fixation
1670925654.017535,,Mouse,1435.0,895.0,,,Fixation
1670925654.03419,,Eye Tracker,1434.0,896.0,Valid,Valid,Fixation
1670925654.0345511,,Mouse,1430.5,895.5,,,Fixation
1670925654.0508451,,Eye Tracker,1427.0,895.0,Valid,Valid,Fixation
1670925654.054614,,Eye Tracker,1430.0,890.0,Valid,Valid,Fixation
1670925654.067499,,Mouse,1430.5,889.5,,,Fixation
1670925654.074522,,Eye Tracker,1431.0,889.0,Valid,Valid,Fixation
1670925654.0841541,,Mouse,1425.5,894.5,,,Fixation
1670925654.084716,,Eye Tracker,1420.0,900.0,Valid,Valid,Fixation
1670925654.100809,,Mouse,1419.5,898.5,,,Fixation
1670925654.103554,,Eye Tracker,1419.0,897.0,Valid,Valid,Fixation
1670925654.114597,,Mouse,1417.0,896.3333333333334,,,Fixation
1670925654.117463,,Mouse,1415.0,895.6666666666666,,,Fixation
1670925654.124813,,Eye Tracker,1413.0,895.0,Valid,Valid,Fixation
1670925654.134118,,Mouse,1409.0,897.0,,,Fixation
1670925654.144605,,Eye Tracker,1405.0,899.0,Valid,Valid,Fixation
1670925654.150773,,Mouse,1404.0,894.0,,,Fixation
1670925654.154823,,Eye Tracker,1403.0,889.0,Valid,Valid,Fixation
1670925654.167428,,Eye Tracker,1402.0,885.0,Valid,Valid,Fixation
1670925654.174556,,Mouse,1411.0,888.0,,,Fixation
1670925654.184083,,Eye Tracker,1420.0,891.0,Valid,Valid,Fixation
1670925654.184851,,Mouse,1421.0,892.5,,,Fixation
1670925654.200738,,Eye Tracker,1422.0,894.0,Valid,Valid,Fixation
1670925654.20452,,Eye Tracker,1382.0,884.0,Valid,Valid,Saccade
1670925654.2146091,,Eye Tracker,1379.0,881.0,Valid,Valid,Unclassified
1670925654.217393,,Eye Tracker,1437.0,901.0,Valid,Valid,Saccade
1670925654.224685,,Eye Tracker,1467.0,917.0,Valid,Valid,Unclassified
1670925654.234047,,Eye Tracker,1396.0,901.0,Valid,Valid,Saccade
1670925654.2507021,,Eye Tracker,1384.0,892.0,Valid,Valid,Fixation
1670925654.267357,,Eye Tracker,1375.0,889.0,Valid,Valid,Fixation
1670925654.274787,,Eye Tracker,1379.0,890.0,Valid,Valid,Fixation
1670925654.2840111,,Eye Tracker,1389.0,895.0,Valid,Valid,Fixation
1670925654.29555,,Eye Tracker,1386.0,901.0,Valid,Valid,Fixation
1670925654.300666,,Mouse,1389.5,899.0,,,Fixation
1670925654.315677,,Eye Tracker,1393.0,897.0,Valid,Valid,Fixation
1670925654.317321,,Eye Tracker,1404.0,898.0,Valid,Valid,Fixation
1670925654.333975,,Eye Tracker,1394.0,903.0,Valid,Valid,Fixation
1670925654.335551,,Eye Tracker,1387.0,888.0,Valid,Valid,Fixation
1670925654.3455691,MouseEvent,,1397.3333333333333,887.0,,,Fixation
1670925654.35063,,Mouse,1407.6666666666667,886.0,,,Fixation
1670925654.3558161,,Eye Tracker,1418.0,885.0,Valid,Valid,Fixation
1670925654.367285,,Eye Tracker,1444.0,901.0,Valid,Valid,Fixation
1670925654.3755271,,Eye Tracker,1416.0,898.0,Valid,Valid,Fixation
1670925654.383939,,Eye Tracker,1409.0,890.0,Valid,Valid,Fixation
1670925654.38582,,Eye Tracker,1290.0,813.0,Invalid,Valid,Saccade
1670925654.400594,,Eye Tracker,1284.0,753.0,Valid,Valid,Saccade
1670925654.404552,,Eye Tracker,1257.0,773.0,Valid,Valid,Saccade
1670925654.4148371,,Mouse,1252.5,771.5,,,Saccade
1670925654.417249,,Eye Tracker,1248.0,770.0,Valid,Valid,Fixation
1670925654.425584,,Eye Tracker,1261.0,743.0,Valid,Valid,Fixation
1670925654.433904,,Mouse,1269.5,746.5,,,Fixation
1670925654.445627,,Eye Tracker,1278.0,750.0,Valid,Valid,Fixation
1670925654.450558,,Mouse,1279.5,749.5,,,Fixation
1670925654.455712,,Eye Tracker,1281.0,749.0,Valid,Valid,Fixation
1670925654.466548,,Mouse,1273.5,750.0,,,Fixation
1670925654.467214,,Eye Tracker,1266.0,751.0,Valid,Valid,Fixation
1670925654.476609,,Mouse,1262.0,766.0,,,Fixation
1670925654.483869,,Eye Tracker,1258.0,781.0,Valid,Valid,Fixation
1670925654.486813,,Mouse,1259.0,782.5,,,Fixation
1670925654.500523,,Eye Tracker,1260.0,784.0,Valid,Valid,Fixation
1670925654.506501,,Mouse,1256.0,783.0,,,Fixation
1670925654.517178,,Eye Tracker,1252.0,782.0,Valid,Valid,Fixation
1670925654.526553,,Mouse,1250.5,779.5,,,Fixation
1670925654.533833,,Eye Tracker,1249.0,777.0,Valid,Valid,Fixation
1670925654.546812,,Eye Tracker,1266.0,749.0,Valid,Valid,Fixation
1670925654.550487,,Mouse,1262.0,756.0,,,Fixation
1670925654.56652,,Eye Tracker,1258.0,763.0,Valid,Valid,Fixation
1670925654.567142,,Mouse,1252.3333333333333,771.6666666666666,,,Fixation
1670925654.583797,,Mouse,1246.6666666666667,780.3333333333334,,,Fixation
1670925654.5857341,,Eye Tracker,1241.0,789.0,Valid,Valid,Fixation
1670925654.596545,,Eye Tracker,1246.0,788.0,Valid,Valid,Fixation
1670925654.600451,,Mouse,1244.5,791.0,,,Fixation
1670925654.606724,,Eye Tracker,1243.0,794.0,Valid,Valid,Fixation
1670925654.617106,,Mouse,1242.0,795.0,,,Fixation
1670925654.625582,,Eye Tracker,1241.0,796.0,Valid,Valid,Fixation
1670925654.633761,,Mouse,1242.0,792.5,,,Fixation
1670925654.636547,,Eye Tracker,1243.0,789.0,Valid,Valid,Fixation
1670925654.646573,,Mouse,1241.5,787.0,,,Fixation
1670925654.650415,,Eye Tracker,1240.0,785.0,Valid,Valid,Fixation
1670925654.6655161,,Mouse,1260.5,790.0,,,Saccade
1670925654.66707,,Eye Tracker,1281.0,795.0,Valid,Valid,Saccade
1670925654.6768231,,Eye Tracker,1297.0,828.0,Valid,Valid,Saccade
1670925654.683725,,Mouse,1298.6666666666667,832.0,,,Saccade
1670925654.696484,,Mouse,1300.3333333333333,836.0,,,Fixation
1670925654.70038,,Eye Tracker,1302.0,840.0,Valid,Valid,Fixation
1670925654.716832,,Mouse,1303.0,838.5,,,Fixation
1670925654.717034,,Eye Tracker,1304.0,837.0,Valid,Valid,Fixation
1670925654.733689,,Eye Tracker,1302.0,832.0,Valid,Valid,Fixation
1670925654.736772,,Mouse,1301.3333333333333,832.3333333333334,,,Fixation
1670925654.750344,,Mouse,1300.6666666666667,832.6666666666666,,,Fixation
1670925654.7555761,,Eye Tracker,1300.0,833.0,Valid,Valid,Fixation
1670925654.766549,,Mouse,1304.0,830.0,,,Fixation
1670925654.766999,,Eye Tracker,1308.0,827.0,Valid,Valid,Fixation
1670925654.77682,,Mouse,1304.5,828.0,,,Fixation
1670925654.783654,,Eye Tracker,1301.0,829.0,Valid,Valid,Fixation
1670925654.796549,,Mouse,1297.0,825.5,,,Fixation
1670925654.800309,,Eye Tracker,1293.0,822.0,Valid,Valid,Fixation
1670925654.807598,,Mouse,1296.5,807.0,,,Saccade
1670925654.816963,,Eye Tracker,1300.0,792.0,Valid,Valid,Saccade
1670925654.81767,,Mouse,1297.5,791.0,,,Fixation
1670925654.833618,,Eye Tracker,1295.0,790.0,Valid,Valid,Fixation
1670925654.836553,,Mouse,1291.5,793.5,,,Fixation
1670925654.847852,,Eye Tracker,1288.0,797.0,Valid,Valid,Fixation
1670925654.8502731,,Mouse,1284.0,795.0,,,Fixation
1670925654.8669271,,Eye Tracker,1280.0,793.0,Valid,Valid,Fixation
1670925654.867599,,Eye Tracker,1294.0,796.0,Valid,Valid,Fixation
1670925654.883582,,Mouse,1290.0,774.0,,,Fixation
1670925654.8875551,,Eye Tracker,1286.0,752.0,Valid,Valid,Saccade
1670925654.900237,,Mouse,1271.5,742.0,,,Saccade
1670925654.907581,,Eye Tracker,1257.0,732.0,Valid,Valid,Saccade
1670925654.916891,,Mouse,1254.0,724.0,,,Fixation
1670925654.92758,,Eye Tracker,1251.0,716.0,Valid,Valid,Fixation
1670925654.933546,,Mouse,1251.0,704.0,,,Fixation
1670925654.937826,,Eye Tracker,1251.0,692.0,Valid,Valid,Fixation
1670925654.950201,,Mouse,1250.5,694.5,,,Fixation
1670925654.957576,,Eye Tracker,1250.0,697.0,Valid,Valid,Fixation
1670925654.966856,,Mouse,1251.0,698.0,,,Fixation
1670925654.978533,,Eye Tracker,1252.0,699.0,Valid,Valid,Fixation
1670925654.98351,,Mouse,1250.0,697.0,,,Fixation
1670925654.988549,,Eye Tracker,1248.0,695.0,Valid,Valid,Fixation
1670925654.998564,,Mouse,1244.5,695.0,,,Fixation
1670925655.000165,,Eye Tracker,1241.0,695.0,Valid,Valid,Fixation
1670925655.01682,,Mouse,1241.0,694.3333333333334,,,Fixation
1670925655.018588,,Mouse,1241.0,693.6666666666666,,,Fixation
1670925655.033474,,Eye Tracker,1241.0,693.0,Valid,Valid,Fixation
1670925655.03858,,Mouse,1238.0,695.5,,,Fixation
1670925655.050129,,Eye Tracker,1235.0,698.0,Valid,Valid,Fixation
1670925655.058563,,Mouse,1234.0,699.5,,,Fixation
1670925655.066785,,Eye Tracker,1233.0,701.0,Valid,Valid,Fixation
1670925655.068749,,Mouse,1229.5,704.0,,,Fixation
1670925655.083439,,Eye Tracker,1226.0,707.0,Valid,Valid,Fixation
1670925655.087552,,Mouse,1223.0,710.5,,,Fixation
1670925655.098623,,Eye Tracker,1220.0,714.0,Valid,Valid,Fixation
1670925655.100094,,Eye Tracker,1222.0,707.0,Valid,Valid,Fixation
1670925655.108826,,Mouse,1219.0,703.0,,,Fixation
1670925655.116749,,Eye Tracker,1216.0,699.0,Valid,Valid,Fixation
1670925655.127554,,Mouse,1217.5,708.0,,,Fixation
1670925655.133403,,Eye Tracker,1219.0,717.0,Valid,Valid,Fixation
1670925655.137894,,Mouse,1219.5,714.5,,,Fixation
1670925655.148586,,Eye Tracker,1220.0,712.0,Valid,Valid,Fixation
1670925655.150058,,Mouse,1215.0,702.0,,,Saccade
1670925655.166713,,Eye Tracker,1210.0,692.0,Valid,Valid,Saccade
1670925655.168577,,Mouse,1209.3333333333333,691.6666666666666,,,Saccade
1670925655.183367,,Mouse,1208.6666666666667,691.3333333333334,,,Fixation
1670925655.188576,,Eye Tracker,1208.0,691.0,Valid,Valid,Fixation
1670925655.198803,,Eye Tracker,1209.0,689.0,Valid,Valid,Fixation
1670925655.200022,,Mouse,1205.6666666666667,690.6666666666666,,,Fixation
1670925655.208813,,Mouse,1202.3333333333333,692.3333333333334,,,Fixation
1670925655.216677,,Eye Tracker,1199.0,694.0,Valid,Valid,Fixation
1670925655.228524,,Mouse,1198.0,691.5,,,Fixation
1670925655.233332,,Eye Tracker,1197.0,689.0,Valid,Valid,Fixation
1670925655.238657,,Mouse,1200.5,684.5,,,Fixation
1670925655.249986,,Eye Tracker,1204.0,680.0,Valid,Valid,Fixation
1670925655.257495,,Mouse,1200.5,681.0,,,Fixation
1670925655.2666411,,Eye Tracker,1197.0,682.0,Valid,Valid,Fixation
1670925655.267586,,Mouse,1197.0,678.0,,,Fixation
1670925655.2784991,,Mouse,1197.0,674.0,,,Fixation
1670925655.283296,,Eye Tracker,1197.0,670.0,Valid,Valid,Fixation
1670925655.288484,,Eye Tracker,1203.0,662.0,Valid,Valid,Fixation
1670925655.291984,,Mouse,1198.5,660.5,,,Fixation
1670925655.291984,,Eye Tracker,1194.0,659.0,Valid,Valid,Fixation
1670925655.2999501,,Mouse,1190.6666666666667,658.6666666666666,,,Fixation
1670925655.3086221,,Mouse,1187.3333333333333,658.3333333333334,,,Fixation
1670925655.316605,,Eye Tracker,1184.0,658.0,Valid,Valid,Fixation
1670925655.319505,,Eye Tracker,1163.0,655.0,Valid,Valid,Fixation
1670925655.329569,,Mouse,1160.0,654.0,,,Fixation
1670925655.33326,,Eye Tracker,1157.0,653.0,Valid,Valid,Fixation
1670925655.339714,,Mouse,1162.6666666666667,650.6666666666666,,,Fixation
1670925655.349914,,Mouse,1168.3333333333333,648.3333333333334,,,Fixation
1670925655.359512,,Eye Tracker,1174.0,646.0,Valid,Valid,Fixation
1670925655.36657,,Eye Tracker,1167.0,650.0,Valid,Valid,Fixation
1670925655.369602,,Mouse,1164.0,647.6666666666666,,,Fixation
1670925655.383225,,Mouse,1161.0,645.3333333333334,,,Fixation
1670925655.399879,,Eye Tracker,1158.0,643.0,Valid,Valid,Fixation
1670925655.416534,,Mouse,1158.0,641.0,,,Fixation
1670925655.419583,,Mouse,1158.0,639.0,,,Fixation
1670925655.433189,,Eye Tracker,1158.0,637.0,Valid,Valid,Fixation
1670925655.449843,,Eye Tracker,1159.0,640.0,Valid,Valid,Fixation
1670925655.459775,,Mouse,1158.6666666666667,638.3333333333334,,,Fixation
1670925655.4664981,,Mouse,1158.3333333333333,636.6666666666666,,,Fixation
1670925655.479594,,Eye Tracker,1158.0,635.0,Valid,Valid,Fixation
1670925655.483153,,Mouse,1156.5,632.5,,,Fixation
1670925655.490518,,Eye Tracker,1155.0,630.0,Valid,Valid,Fixation
1670925655.499808,,Mouse,1155.0,629.0,,,Fixation
1670925655.500569,,Eye Tracker,1155.0,628.0,Valid,Valid,Fixation
1670925655.5106251,,Mouse,1152.6666666666667,625.0,,,Fixation
1670925655.516462,,Mouse,1150.3333333333333,622.0,,,Fixation
1670925655.530595,,Eye Tracker,1148.0,619.0,Valid,Valid,Fixation
1670925655.533117,,Mouse,1131.5,618.5,,,Saccade
1670925655.549772,,Eye Tracker,1115.0,618.0,Valid,Valid,Saccade
1670925655.550514,,Eye Tracker,1041.0,607.0,Valid,Valid,Saccade
1670925655.5595381,,Mouse,1029.0,599.0,,,Saccade
1670925655.566426,,Eye Tracker,1017.0,591.0,Valid,Valid,Saccade
1670925655.583081,,Mouse,1015.6666666666666,588.3333333333334,,,Saccade
1670925655.599736,,Mouse,1014.3333333333334,585.6666666666666,,,Fixation
1670925655.61639,,Eye Tracker,1013.0,583.0,Valid,Valid,Fixation
1670925655.633045,,Eye Tracker,1009.0,581.0,Valid,Valid,Fixation
1670925655.649701,,Mouse,1009.0,583.0,,,Fixation
1670925655.6663551,,Eye Tracker,1009.0,585.0,Valid,Valid,Fixation
1670925655.671078,,Mouse,1008.6666666666666,585.0,,,Fixation
1670925655.671078,,Mouse,1008.3333333333334,585.0,,,Fixation
1670925655.6715481,,Eye Tracker,1008.0,585.0,Valid,Valid,Fixation
1670925655.68301,,Mouse,1009.0,583.0,,,Fixation
1670925655.699665,,Eye Tracker,1010.0,581.0,Valid,Valid,Fixation
1670925655.710592,,Mouse,1009.0,578.5,,,Fixation
1670925655.716319,,Eye Tracker,1008.0,576.0,Valid,Valid,Fixation
1670925655.720786,,Eye Tracker,1009.0,570.0,Valid,Valid,Fixation
1670925655.732974,,Mouse,1008.0,571.3333333333334,,,Fixation
1670925655.740706,,Mouse,1007.0,572.6666666666666,,,Fixation
1670925655.749629,,Eye Tracker,1006.0,574.0,Valid,Valid,Fixation
1670925655.7605681,,Mouse,991.5,562.0,,,Fixation
1670925655.766284,,Eye Tracker,977.0,550.0,Valid,Valid,Saccade
1670925655.779547,,Mouse,963.5,532.5,,,Saccade
1670925655.782938,,Eye Tracker,950.0,515.0,Valid,Valid,Saccade
1670925655.790646,,Mouse,934.5,501.0,,,Saccade
1670925655.799593,,Eye Tracker,919.0,487.0,Valid,Valid,Saccade
1670925655.810544,,Mouse,915.0,488.0,,,Fixation
1670925655.816248,,Eye Tracker,911.0,489.0,Valid,Valid,Fixation
1670925655.82055,,Mouse,911.5,486.0,,,Fixation
1670925655.831649,,Eye Tracker,912.0,483.0,Valid,Valid,Fixation
1670925655.832902,,Mouse,912.5,481.5,,,Fixation
1670925655.849557,,Eye Tracker,913.0,480.0,Valid,Valid,Fixation
1670925655.851676,,Mouse,915.0,481.0,,,Fixation
1670925655.8662121,,Eye Tracker,917.0,482.0,Valid,Valid,Fixation
1670925655.87155,,Mouse,893.0,468.0,,,Fixation
1670925655.8828661,,Eye Tracker,869.0,454.0,Valid,Valid,Saccade
1670925655.891539,,Mouse,841.0,441.0,,,Saccade
1670925655.899521,,Eye Tracker,813.0,428.0,Valid,Valid,Saccade
1670925655.911561,,Mouse,762.6666666666666,405.3333333333333,,,Saccade
1670925655.916176,,Mouse,712.3333333333334,382.6666666666667,,,Saccade
1670925655.9216661,,Eye Tracker,662.0,360.0,Valid,Valid,Saccade
1670925655.931679,,Eye Tracker,651.0,337.0,Valid,Valid,Saccade
1670925655.93283,,Mouse,649.3333333333334,334.6666666666667,,,Saccade
1670925655.949486,,Mouse,647.6666666666666,332.3333333333333,,,Fixation
1670925655.951492,,Eye Tracker,646.0,330.0,Valid,Valid,Fixation
1670925655.961514,,Mouse,646.5,333.0,,,Fixation
1670925655.966141,,Eye Tracker,647.0,336.0,Valid,Valid,Fixation
1670925655.9715571,,Eye Tracker,655.0,342.0,Valid,Valid,Fixation
1670925655.982795,,Mouse,658.0,346.0,,,Fixation
1670925655.991549,,Eye Tracker,661.0,350.0,Valid,Valid,Fixation
1670925655.99945,,Mouse,662.5,350.0,,,Fixation
1670925656.002577,,Eye Tracker,664.0,350.0,Valid,Valid,Fixation
1670925656.016105,,Mouse,665.0,350.0,,,Fixation
1670925656.022577,,Eye Tracker,666.0,350.0,Valid,Valid,Fixation
1670925656.0327601,,Mouse,665.5,347.5,,,Fixation
1670925656.042551,,Eye Tracker,665.0,345.0,Valid,Valid,Fixation
1670925656.049414,,Mouse,649.0,338.0,,,Fixation
1670925656.052815,,Eye Tracker,633.0,331.0,Valid,Valid,Saccade
1670925656.0660691,,Mouse,601.0,324.0,,,Saccade
1670925656.071528,,Eye Tracker,569.0,317.0,Valid,Valid,Saccade
1670925656.08257,,Mouse,531.5,307.0,,,Saccade
1670925656.082724,,Eye Tracker,494.0,297.0,Valid,Valid,Saccade
1670925656.092708,,Mouse,487.6666666666667,294.0,,,Saccade
1670925656.099378,,Mouse,481.3333333333333,291.0,,,Fixation
1670925656.11155,,Eye Tracker,475.0,288.0,Valid,Valid,Fixation
1670925656.116033,,Eye Tracker,469.0,289.0,Valid,Valid,Fixation
1670925656.122538,,Mouse,470.3333333333333,288.0,,,Fixation
1670925656.132656,,Mouse,471.6666666666667,287.0,,,Fixation
1670925656.132688,,Eye Tracker,473.0,286.0,Valid,Valid,Fixation
1670925656.149342,,Mouse,476.0,290.5,,,Fixation
1670925656.151599,,Eye Tracker,479.0,295.0,Valid,Valid,Fixation
1670925656.165997,,Mouse,481.5,297.5,,,Fixation
1670925656.172475,,Eye Tracker,484.0,300.0,Valid,Valid,Fixation
1670925656.182652,,Mouse,487.0,302.0,,,Fixation
1670925656.182807,,Eye Tracker,490.0,304.0,Valid,Valid,Fixation
1670925656.199306,,Mouse,491.5,306.0,,,Fixation
1670925656.201572,,Eye Tracker,493.0,308.0,Valid,Valid,Fixation
1670925656.212545,,Eye Tracker,497.0,306.0,Valid,Valid,Fixation
1670925656.215961,,Mouse,493.6666666666667,303.6666666666667,,,Fixation
1670925656.222575,,Mouse,490.3333333333333,301.3333333333333,,,Fixation
1670925656.232616,,Eye Tracker,487.0,299.0,Valid,Valid,Fixation
1670925656.23281,,Mouse,478.5,290.5,,,Fixation
1670925656.249271,,Eye Tracker,470.0,282.0,Valid,Valid,Fixation
1670925656.252777,,Eye Tracker,419.0,262.0,Valid,Valid,Saccade
1670925656.2659261,,Mouse,390.5,255.5,,,Saccade
1670925656.272478,,Eye Tracker,362.0,249.0,Valid,Valid,Saccade
1670925656.282581,,Mouse,310.3333333333333,238.33333333333334,,,Saccade
1670925656.292571,,Mouse,258.6666666666667,227.66666666666666,,,Saccade
1670925656.299236,,Eye Tracker,207.0,217.0,Valid,Valid,Saccade
1670925656.31254,,Mouse,204.0,226.5,,,Fixation
1670925656.31589,,Eye Tracker,201.0,236.0,Valid,Valid,Fixation
1670925656.322836,,Mouse,200.5,237.0,,,Fixation
1670925656.332545,,Eye Tracker,200.0,238.0,Valid,Valid,Fixation
1670925656.343569,,Mouse,198.0,235.0,,,Fixation
1670925656.3492,,Eye Tracker,196.0,232.0,Valid,Valid,Fixation
1670925656.363807,,Mouse,197.5,230.5,,,Fixation
1670925656.365854,,Eye Tracker,199.0,229.0,Valid,Valid,Fixation
1670925656.382509,,Mouse,206.5,227.0,,,Fixation
1670925656.383665,,Eye Tracker,214.0,225.0,Valid,Valid,Fixation
1670925656.399164,,Mouse,215.0,224.33333333333334,,,Fixation
1670925656.4035401,,Mouse,216.0,223.66666666666666,,,Fixation
1670925656.415818,,Eye Tracker,217.0,223.0,Valid,Valid,Fixation
1670925656.423697,,Eye Tracker,231.0,223.0,Valid,Valid,Fixation
1670925656.432473,,Mouse,234.0,226.0,,,Fixation
1670925656.433832,,Mouse,237.0,229.0,,,Fixation
1670925656.449128,,Eye Tracker,240.0,232.0,Valid,Valid,Fixation
1670925656.452826,,Mouse,419.5,322.0,,,Fixation
1670925656.463694,,Eye Tracker,599.0,412.0,Valid,Valid,Saccade
1670925656.465782,,Mouse,601.5,411.5,,,Fixation
1670925656.4824371,,Eye Tracker,604.0,411.0,Valid,Valid,Fixation
1670925656.483563,,Mouse,606.0,408.0,,,Fixation
1670925656.493782,,Mouse,608.0,405.0,,,Fixation
1670925656.499092,,Eye Tracker,610.0,402.0,Valid,Valid,Fixation
1670925656.514685,,Eye Tracker,606.0,400.0,Valid,Valid,Fixation
1670925656.515746,,Mouse,603.0,400.5,,,Fixation
1670925656.532401,,Eye Tracker,600.0,401.0,Valid,Valid,Fixation
1670925656.5346851,,Mouse,598.6666666666666,402.0,,,Fixation
1670925656.549057,,Mouse,597.3333333333334,403.0,,,Fixation
1670925656.554811,,Eye Tracker,596.0,404.0,Valid,Valid,Fixation
1670925656.565712,,Mouse,593.5,403.0,,,Fixation
1670925656.574582,,Eye Tracker,591.0,402.0,Valid,Valid,Fixation
1670925656.582366,,Mouse,591.5,400.5,,,Fixation
1670925656.594715,,Eye Tracker,592.0,399.0,Valid,Valid,Fixation
1670925656.599021,,Mouse,593.0,395.0,,,Fixation
1670925656.614515,,Eye Tracker,594.0,391.0,Valid,Valid,Fixation
1670925656.615676,,Mouse,594.5,389.0,,,Fixation
1670925656.63233,,Eye Tracker,595.0,387.0,Valid,Valid,Fixation
1670925656.634553,,Mouse,595.6666666666666,389.3333333333333,,,Fixation
1670925656.6489851,,Mouse,596.3333333333334,391.6666666666667,,,Fixation
1670925656.654661,,Eye Tracker,597.0,394.0,Valid,Valid,Fixation
1670925656.66564,,Mouse,597.0,393.5,,,Fixation
1670925656.673534,,Eye Tracker,597.0,393.0,Valid,Valid,Fixation
1670925656.6822941,,Eye Tracker,598.0,392.0,Valid,Valid,Fixation
1670925656.68455,,Mouse,595.5,392.5,,,Fixation
1670925656.694809,,Eye Tracker,593.0,393.0,Valid,Valid,Fixation
1670925656.698949,,Mouse,588.0,390.5,,,Fixation
1670925656.715604,,Eye Tracker,583.0,388.0,Valid,Valid,Fixation
1670925656.724714,,Mouse,586.5,385.5,,,Fixation
1670925656.732258,,Eye Tracker,590.0,383.0,Valid,Valid,Fixation
1670925656.748913,,Mouse,603.5,387.5,,,Fixation
1670925656.753823,,Eye Tracker,617.0,392.0,Valid,Valid,Saccade
1670925656.765568,,Mouse,646.3333333333334,398.6666666666667,,,Saccade
1670925656.782222,,Mouse,675.6666666666666,405.3333333333333,,,Saccade
1670925656.798877,,Eye Tracker,705.0,412.0,Valid,Valid,Saccade
1670925656.814568,,Mouse,705.0,412.0,,,Fixation
1670925656.815532,,Eye Tracker,705.0,412.0,Valid,Valid,Fixation
1670925656.8321881,,Mouse,704.5,414.0,,,Fixation
1670925656.8457341,,Eye Tracker,704.0,416.0,Valid,Valid,Fixation
1670925656.8488421,,Mouse,702.0,416.5,,,Fixation
1670925656.865497,,Eye Tracker,700.0,417.0,Valid,Valid,Fixation
1670925656.882152,,Eye Tracker,697.0,416.0,Valid,Valid,Fixation
1670925656.898806,,Mouse,694.5,415.5,,,Fixation
1670925656.905704,,Eye Tracker,692.0,415.0,Valid,Valid,Fixation
1670925656.915461,,Mouse,688.0,414.5,,,Fixation
1670925656.932116,,Eye Tracker,684.0,414.0,Valid,Valid,Fixation
1670925656.94877,,Mouse,685.5,408.5,,,Fixation
1670925656.965425,,Eye Tracker,687.0,403.0,Valid,Valid,Fixation
1670925656.98208,,Mouse,686.5,402.5,,,Fixation
1670925656.998734,,Eye Tracker,686.0,402.0,Valid,Valid,Fixation
1670925657.015389,,Mouse,681.0,397.5,,,Fixation
1670925657.032044,,Eye Tracker,676.0,393.0,Valid,Valid,Fixation
1670925657.048698,,Mouse,669.5,386.0,,,Fixation
1670925657.065353,,Eye Tracker,663.0,379.0,Valid,Valid,Fixation
1670925657.0820081,,Mouse,659.0,378.0,,,Fixation
1670925657.098663,,Eye Tracker,655.0,377.0,Valid,Valid,Fixation
1670925657.115317,,Mouse,612.6666666666666,342.0,,,Fixation
1670925657.131973,,Mouse,570.3333333333334,307.0,,,Saccade
1670925657.148628,,Eye Tracker,528.0,272.0,Valid,Valid,Saccade
1670925657.15578,,Eye Tracker,513.0,259.0,Valid,Valid,Fixation
1670925657.15578,,Mouse,511.5,256.5,,,Fixation
1670925657.165282,,Eye Tracker,510.0,254.0,Valid,Valid,Fixation
1670925657.181937,,Mouse,510.3333333333333,255.0,,,Fixation
1670925657.198592,,Mouse,510.6666666666667,256.0,,,Fixation
1670925657.215246,,Eye Tracker,511.0,257.0,Valid,Valid,Fixation
1670925657.231901,,Mouse,511.5,259.5,,,Fixation
1670925657.2485561,,Eye Tracker,512.0,262.0,Valid,Valid,Fixation
1670925657.26521,,Mouse,513.5,263.0,,,Fixation
1670925657.2818651,,Eye Tracker,515.0,264.0,Valid,Valid,Fixation
1670925657.286622,,Mouse,514.6666666666666,264.3333333333333,,,Fixation
1670925657.29852,,Mouse,514.3333333333334,264.6666666666667,,,Fixation
1670925657.315174,,Eye Tracker,514.0,265.0,Valid,Valid,Fixation
1670925657.326665,,Eye Tracker,522.0,265.0,Valid,Valid,Fixation
1670925657.331829,,Mouse,521.0,266.3333333333333,,,Fixation
1670925657.346553,,Mouse,520.0,267.6666666666667,,,Fixation
1670925657.348484,,Eye Tracker,519.0,269.0,Valid,Valid,Fixation
1670925657.357593,,Mouse,516.0,267.5,,,Fixation
1670925657.365139,,Eye Tracker,513.0,266.0,Valid,Valid,Fixation
1670925657.381793,,Eye Tracker,512.0,260.0,Valid,Valid,Fixation
1670925657.387548,,Mouse,509.3333333333333,258.6666666666667,,,Fixation
1670925657.398448,,Mouse,506.6666666666667,257.3333333333333,,,Fixation
1670925657.415103,,Eye Tracker,504.0,256.0,Valid,Valid,Fixation
1670925657.431758,,Mouse,502.5,256.5,,,Fixation
1670925657.436564,,Eye Tracker,501.0,257.0,Valid,Valid,Fixation
1670925657.4484131,,Mouse,499.5,256.5,,,Fixation
1670925657.457812,,Eye Tracker,498.0,256.0,Valid,Valid,Fixation
1670925657.465068,,Mouse,497.3333333333333,255.33333333333334,,,Fixation
1670925657.481722,,Mouse,496.6666666666667,254.66666666666666,,,Fixation
1670925657.498377,,Eye Tracker,496.0,254.0,Valid,Valid,Fixation
1670925657.515032,,Mouse,496.0,253.5,,,Fixation
1670925657.531686,,Eye Tracker,496.0,253.0,Valid,Valid,Fixation
1670925657.538549,,Eye Tracker,490.0,257.0,Valid,Valid,Fixation
1670925657.548341,,Mouse,488.0,261.5,,,Fixation
1670925657.54859,,Eye Tracker,486.0,266.0,Valid,Valid,Fixation
1670925657.564996,,Mouse,491.0,272.5,,,Fixation
1670925657.5785081,,Eye Tracker,496.0,279.0,Valid,Valid,Fixation
1670925657.58165,,Mouse,477.5,285.5,,,Saccade
1670925657.588689,,Eye Tracker,459.0,292.0,Valid,Valid,Saccade
1670925657.598305,,Mouse,434.0,294.0,,,Saccade
1670925657.6075501,,Eye Tracker,409.0,296.0,Valid,Valid,Saccade
1670925657.61496,,Mouse,383.0,301.5,,,Saccade
1670925657.631615,,Eye Tracker,357.0,307.0,Valid,Valid,Saccade
1670925657.6385581,,Mouse,351.3333333333333,308.0,,,Saccade
1670925657.648269,,Mouse,345.6666666666667,309.0,,,Fixation
1670925657.658572,,Eye Tracker,340.0,310.0,Valid,Valid,Fixation
1670925657.6649241,,Mouse,337.5,316.0,,,Fixation
1670925657.678589,,Eye Tracker,335.0,322.0,Valid,Valid,Fixation
1670925657.681579,,Mouse,333.0,321.0,,,Fixation
1670925657.697571,,Eye Tracker,331.0,320.0,Valid,Valid,Fixation
1670925657.6982331,,Mouse,334.0,319.5,,,Fixation
1670925657.708805,,Eye Tracker,337.0,319.0,Valid,Valid,Fixation
1670925657.714888,,Mouse,343.5,320.0,,,Fixation
1670925657.718826,,Eye Tracker,350.0,321.0,Valid,Valid,Fixation
1670925657.731544,,Mouse,348.5,320.5,,,Fixation
1670925657.737497,,Eye Tracker,347.0,320.0,Valid,Valid,Fixation
1670925657.748198,,Mouse,346.6666666666667,320.3333333333333,,,Fixation
1670925657.748661,,Mouse,346.3333333333333,320.6666666666667,,,Fixation
1670925657.764853,,Eye Tracker,346.0,321.0,Valid,Valid,Fixation
1670925657.768534,,Mouse,352.5,318.0,,,Fixation
1670925657.781508,,Eye Tracker,359.0,315.0,Valid,Valid,Fixation
1670925657.788645,,Eye Tracker,350.0,318.0,Valid,Valid,Fixation
1670925657.798162,,Mouse,347.5,318.0,,,Fixation
1670925657.80858,,Eye Tracker,345.0,318.0,Valid,Valid,Fixation
1670925657.814817,,Mouse,343.6666666666667,316.6666666666667,,,Fixation
1670925657.828518,,Mouse,342.3333333333333,315.3333333333333,,,Fixation
1670925657.831472,,Eye Tracker,341.0,314.0,Valid,Valid,Fixation
1670925657.838591,,Eye Tracker,334.0,313.0,Valid,Valid,Fixation
1670925657.848126,,Mouse,332.0,312.5,,,Fixation
1670925657.848819,,Eye Tracker,330.0,312.0,Valid,Valid,Fixation
1670925657.8647811,,Mouse,332.0,313.0,,,Fixation
1670925657.8796191,,Eye Tracker,334.0,314.0,Valid,Valid,Fixation
1670925657.881436,,Mouse,330.5,312.0,,,Fixation
1670925657.889868,,Eye Tracker,327.0,310.0,Valid,Valid,Fixation
1670925657.898091,,Mouse,321.5,314.5,,,Fixation
1670925657.908741,,Eye Tracker,316.0,319.0,Valid,Valid,Fixation
1670925657.914745,,Mouse,312.0,314.5,,,Fixation
1670925657.919642,,Eye Tracker,308.0,310.0,Valid,Valid,Fixation
1670925657.9314,,Mouse,303.5,307.0,,,Fixation
1670925657.948055,,Eye Tracker,299.0,304.0,Valid,Valid,Fixation
1670925657.9485931,,Mouse,300.6666666666667,305.3333333333333,,,Fixation
1670925657.964709,,Mouse,302.3333333333333,306.6666666666667,,,Fixation
1670925657.9698021,,Eye Tracker,304.0,308.0,Valid,Valid,Fixation
1670925657.981364,,Mouse,304.5,303.0,,,Fixation
1670925657.988573,,Eye Tracker,305.0,298.0,Valid,Valid,Fixation
1670925657.998019,,Eye Tracker,303.0,299.0,Valid,Valid,Fixation
1670925658.014674,,Mouse,291.5,302.5,,,Fixation
1670925658.019599,,Eye Tracker,280.0,306.0,Valid,Valid,Fixation
1670925658.031329,,Mouse,263.0,298.0,,,Fixation
1670925658.0406651,,Eye Tracker,246.0,290.0,Valid,Valid,Saccade
1670925658.0479841,,Mouse,227.0,279.0,,,Saccade
1670925658.06056,,Eye Tracker,208.0,268.0,Valid,Valid,Saccade
1670925658.0646381,,Mouse,197.5,262.5,,,Saccade
1670925658.07958,,Eye Tracker,187.0,257.0,Valid,Valid,Saccade
1670925658.081293,,Mouse,186.5,251.5,,,Fixation
1670925658.090539,,Eye Tracker,186.0,246.0,Valid,Valid,Fixation
1670925658.097948,,Mouse,183.5,247.5,,,Fixation
1670925658.1005461,,Eye Tracker,181.0,249.0,Valid,Valid,Fixation
1670925658.110848,,Mouse,181.0,251.0,,,Fixation
1670925658.114602,,Eye Tracker,181.0,253.0,Valid,Valid,Fixation
1670925658.130547,,Mouse,181.33333333333334,253.66666666666666,,,Fixation
1670925658.131257,,Mouse,181.66666666666666,254.33333333333334,,,Fixation
1670925658.140584,,Eye Tracker,182.0,255.0,Valid,Valid,Fixation
1670925658.147912,,Eye Tracker,181.0,250.0,Valid,Valid,Fixation
1670925658.159534,,Mouse,181.5,250.0,,,Fixation
1670925658.164567,,Eye Tracker,182.0,250.0,Valid,Valid,Fixation
1670925658.170449,,Mouse,185.0,257.0,,,Fixation
1670925658.180484,,Eye Tracker,188.0,264.0,Valid,Valid,Fixation
1670925658.181221,,Mouse,188.0,261.0,,,Fixation
1670925658.190538,,Eye Tracker,188.0,258.0,Valid,Valid,Fixation
1670925658.197876,,Mouse,185.0,256.0,,,Fixation
1670925658.214531,,Eye Tracker,182.0,254.0,Valid,Valid,Fixation
1670925658.22057,,Mouse,182.0,254.5,,,Fixation
1670925658.231185,,Eye Tracker,182.0,255.0,Valid,Valid,Fixation
1670925658.240562,,Mouse,170.5,237.0,,,Saccade
1670925658.24784,,Eye Tracker,159.0,219.0,Valid,Valid,Saccade
1670925658.260523,,Mouse,131.5,193.5,,,Saccade
1670925658.2644951,,Eye Tracker,104.0,168.0,Valid,Valid,Saccade
1670925658.270529,,Mouse,99.0,164.33333333333334,,,Saccade
1670925658.280795,,Mouse,94.0,160.66666666666666,,,Fixation
1670925658.2811491,,Eye Tracker,89.0,157.0,Valid,Valid,Fixation
1670925658.297804,,Eye Tracker,82.0,131.0,Valid,Valid,Fixation
1670925658.310818,,Mouse,77.0,129.66666666666666,,,Fixation
1670925658.31446,,Mouse,72.0,128.33333333333334,,,Fixation
1670925658.329531,,Eye Tracker,67.0,127.0,Valid,Valid,Fixation
1670925658.331114,,Mouse,67.0,130.5,,,Fixation
1670925658.340508,,Eye Tracker,67.0,134.0,Valid,Valid,Fixation
1670925658.347769,,Mouse,78.0,139.0,,,Fixation
1670925658.350509,,Eye Tracker,89.0,144.0,Valid,Valid,Fixation
1670925658.360509,,Mouse,89.0,147.0,,,Fixation
1670925658.364424,,Eye Tracker,89.0,150.0,Valid,Valid,Fixation
1670925658.370565,,Mouse,83.5,147.0,,,Fixation
1670925658.381078,,Eye Tracker,78.0,144.0,Valid,Valid,Fixation
1670925658.381535,,Mouse,81.5,145.5,,,Fixation
1670925658.3915381,,Eye Tracker,85.0,147.0,Valid,Valid,Fixation
1670925658.397733,,Mouse,92.66666666666667,152.0,,,Fixation
1670925658.411573,,Mouse,100.33333333333333,157.0,,,Saccade
1670925658.414388,,Eye Tracker,108.0,162.0,Valid,Valid,Saccade
1670925658.4310431,,Mouse,110.0,166.5,,,Saccade
1670925658.431667,,Eye Tracker,112.0,171.0,Valid,Valid,Fixation
1670925658.447697,,Mouse,112.0,172.0,,,Fixation
1670925658.451539,,Eye Tracker,112.0,173.0,Valid,Valid,Fixation
1670925658.4643521,,Mouse,108.5,168.0,,,Fixation
1670925658.471532,,Eye Tracker,105.0,163.0,Valid,Valid,Fixation
1670925658.481007,,Mouse,102.5,158.5,,,Fixation
1670925658.481536,,Eye Tracker,100.0,154.0,Valid,Valid,Fixation
1670925658.497661,,Mouse,95.5,150.0,,,Fixation
1670925658.500629,,Eye Tracker,91.0,146.0,Valid,Valid,Fixation
1670925658.511542,,Mouse,93.0,145.66666666666666,,,Fixation
1670925658.514316,,Mouse,95.0,145.33333333333334,,,Fixation
1670925658.521568,,Eye Tracker,97.0,145.0,Valid,Valid,Fixation
1670925658.530971,,Eye Tracker,81.0,131.0,Valid,Valid,Fixation
1670925658.541606,,Mouse,79.33333333333333,129.33333333333334,,,Fixation
1670925658.547625,,Mouse,77.66666666666667,127.66666666666667,,,Fixation
1670925658.552542,,Eye Tracker,76.0,126.0,Valid,Valid,Fixation
1670925658.56268,,Mouse,80.0,124.0,,,Fixation
1670925658.56428,,Eye Tracker,84.0,122.0,Valid,Valid,Fixation
1670925658.580935,,Mouse,85.5,123.0,,,Fixation
1670925658.582566,,Eye Tracker,87.0,124.0,Valid,Valid,Fixation
1670925658.597589,,Mouse,88.0,126.0,,,Fixation
1670925658.602564,,Eye Tracker,89.0,128.0,Valid,Valid,Fixation
1670925658.612703,,Mouse,90.0,130.5,,,Fixation
1670925658.614245,,Eye Tracker,91.0,133.0,Valid,Valid,Fixation
1670925658.6309001,,Mouse,91.0,133.5,,,Fixation
1670925658.631572,,Eye Tracker,91.0,134.0,Valid,Valid,Fixation
1670925658.642788,,Mouse,92.0,134.0,,,Fixation
1670925658.647554,,Eye Tracker,93.0,134.0,Valid,Valid,Fixation
1670925658.662555,,Mouse,91.0,138.0,,,Fixation
1670925658.6642091,,Eye Tracker,89.0,142.0,Valid,Valid,Fixation
1670925658.680864,,Eye Tracker,78.0,121.0,Valid,Valid,Fixation
1670925658.68249,,Eye Tracker,82.0,118.0,Valid,Valid,Fixation
1670925658.692535,,Mouse,87.5,125.0,,,Fixation
1670925658.697519,,Eye Tracker,93.0,132.0,Valid,Valid,Fixation
1670925658.702583,,Mouse,80.0,116.0,,,Fixation
1670925658.714173,,Eye Tracker,67.0,100.0,Valid,Valid,Fixation
1670925658.7225,,Mouse,65.0,96.5,,,Fixation
1670925658.730828,,Eye Tracker,63.0,93.0,Valid,Valid,Fixation
1670925658.732521,,Mouse,63.0,92.0,,,Fixation
1670925658.742737,,Eye Tracker,63.0,91.0,Valid,Valid,Fixation
1670925658.747483,,Eye Tracker,54.0,88.0,Valid,Valid,Fixation
1670925658.76154,,Mouse,54.5,87.0,,,Fixation
1670925658.764137,,Eye Tracker,55.0,86.0,Valid,Valid,Fixation
1670925658.772633,,Mouse,55.0,87.0,,,Fixation
1670925658.780792,,Eye Tracker,55.0,88.0,Valid,Valid,Fixation
1670925658.792536,,Eye Tracker,53.0,90.0,Valid,Valid,Fixation
1670925658.797447,,Mouse,53.0,89.0,,,Fixation
1670925658.812547,,Eye Tracker,53.0,88.0,Valid,Valid,Fixation
1670925658.814101,,Mouse,52.5,88.0,,,Fixation
1670925658.830756,,Eye Tracker,52.0,88.0,Valid,Valid,Fixation
1670925658.832817,,Mouse,53.5,89.0,,,Fixation
1670925658.847411,,Eye Tracker,55.0,90.0,Valid,Valid,Fixation
1670925658.852539,,Mouse,57.0,90.0,,,Fixation
1670925658.862564,,Eye Tracker,59.0,90.0,Valid,Valid,Fixation
1670925658.864065,,Mouse,60.0,92.5,,,Fixation
1670925658.872626,,Eye Tracker,61.0,95.0,Valid,Valid,Fixation
1670925658.8807201,,Eye Tracker,59.0,88.0,Valid,Valid,Fixation
1670925658.893683,,Mouse,62.0,83.66666666666667,,,Fixation
1670925658.897375,,Mouse,65.0,79.33333333333333,,,Fixation
1670925658.913526,,Eye Tracker,68.0,75.0,Valid,Valid,Fixation
1670925658.91403,,Mouse,69.5,78.0,,,Fixation
1670925658.930685,,Eye Tracker,71.0,81.0,Valid,Valid,Fixation
1670925658.9438481,,Eye Tracker,65.0,87.0,Valid,Valid,Fixation
1670925658.94734,,Mouse,65.0,82.5,,,Fixation
1670925658.963701,,Eye Tracker,65.0,78.0,Valid,Valid,Fixation
1670925658.963995,,Eye Tracker,60.0,70.0,Valid,Valid,Fixation
1670925658.980649,,Mouse,59.5,71.0,,,Fixation
1670925658.983611,,Eye Tracker,59.0,72.0,Valid,Valid,Fixation
1670925658.997304,,Mouse,61.5,70.5,,,Fixation
1670925659.012514,,Eye Tracker,64.0,69.0,Valid,Valid,Fixation
1670925659.013959,,Eye Tracker,65.0,67.0,Valid,Valid,Fixation
1670925659.02354,,Mouse,62.5,70.5,,,Fixation
1670925659.030613,,Eye Tracker,60.0,74.0,Valid,Valid,Fixation
1670925659.033798,,Mouse,59.0,73.0,,,Fixation
1670925659.047268,,Eye Tracker,58.0,72.0,Valid,Valid,Fixation
1670925659.053527,,Mouse,60.0,71.0,,,Fixation
1670925659.0639231,,Eye Tracker,62.0,70.0,Valid,Valid,Fixation
1670925659.064531,,Mouse,64.0,72.0,,,Fixation
1670925659.074592,,Eye Tracker,66.0,74.0,Valid,Valid,Fixation
1670925659.0805771,,Mouse,66.0,72.0,,,Fixation
1670925659.097232,,Eye Tracker,66.0,70.0,Valid,Valid,Fixation
1670925659.104605,,Eye Tracker,66.0,71.0,Valid,Valid,Fixation
1670925659.113887,,Eye Tracker,61.0,78.0,Valid,Valid,Fixation
1670925659.130541,,Eye Tracker,60.0,76.0,Valid,Valid,Fixation
1670925659.134784,,Mouse,59.5,73.5,,,Fixation
1670925659.147196,,Eye Tracker,59.0,71.0,Valid,Valid,Fixation
1670925659.163851,,Mouse,61.0,70.5,,,Fixation
1670925659.164724,,Eye Tracker,63.0,70.0,Valid,Valid,Fixation
1670925659.180505,,Mouse,65.5,71.5,,,Fixation
1670925659.183513,,Eye Tracker,68.0,73.0,Valid,Valid,Fixation
1670925659.197161,,Eye Tracker,64.0,72.0,Valid,Valid,Fixation
1670925659.204639,,Mouse,61.5,72.0,,,Fixation
1670925659.213816,,Eye Tracker,59.0,72.0,Valid,Valid,Fixation
1670925659.2236001,,Mouse,58.5,74.0,,,Fixation
1670925659.2304711,,Eye Tracker,58.0,76.0,Valid,Valid,Fixation
1670925659.2471251,,Eye Tracker,60.0,77.0,Valid,Valid,Fixation
1670925659.254543,,Mouse,63.0,76.5,,,Fixation
1670925659.26378,,Eye Tracker,66.0,76.0,Valid,Valid,Fixation
1670925659.264806,,Mouse,66.0,74.5,,,Fixation
1670925659.280435,,Eye Tracker,66.0,73.0,Valid,Valid,Fixation
1670925659.284547,,Eye Tracker,64.0,69.0,Valid,Valid,Fixation
1670925659.294548,,Mouse,64.0,69.0,,,Fixation
1670925659.297089,,Eye Tracker,64.0,69.0,Valid,Valid,Fixation
1670925659.3048,,Mouse,64.0,71.0,,,Fixation
1670925659.313744,,Eye Tracker,64.0,73.0,Valid,Valid,Fixation
1670925659.324549,,Mouse,66.5,72.0,,,Fixation
1670925659.330399,,Eye Tracker,69.0,71.0,Valid,Valid,Fixation
1670925659.3347921,,Mouse,67.5,68.5,,,Fixation
1670925659.347053,,Eye Tracker,66.0,66.0,Valid,Valid,Fixation
1670925659.353538,,Mouse,62.333333333333336,63.0,,,Fixation
1670925659.363708,,Mouse,58.666666666666664,60.0,,,Fixation
1670925659.36481,,Eye Tracker,55.0,57.0,Valid,Valid,Fixation
1670925659.380363,,Eye Tracker,48.0,58.0,Valid,Valid,Fixation
1670925659.384506,,Eye Tracker,48.0,63.0,Valid,Valid,Fixation
1670925659.394548,,Eye Tracker,47.0,58.0,Valid,Valid,Fixation
1670925659.397017,,Mouse,40.5,53.5,,,Fixation
1670925659.405799,,Eye Tracker,34.0,49.0,Valid,Valid,Fixation
1670925659.413672,,Eye Tracker,32.0,52.0,Valid,Valid,Fixation
1670925659.425683,,Mouse,33.0,49.0,,,Fixation
1670925659.430327,,Eye Tracker,34.0,46.0,Valid,Valid,Fixation
1670925659.4469821,,Eye Tracker,28.0,37.0,Valid,Valid,Fixation
1670925659.455514,,Eye Tracker,26.0,40.0,Valid,Valid,Fixation
1670925659.463637,,Eye Tracker,23.0,38.0,Valid,Valid,Fixation
1670925659.480292,,Eye Tracker,26.0,34.0,Valid,Valid,Fixation
1670925659.4845521,,Eye Tracker,25.0,40.0,Valid,Valid,Fixation
1670925659.495827,,Mouse,37.0,44.0,,,Fixation
1670925659.496947,,Eye Tracker,49.0,48.0,Valid,Valid,Fixation
1670925659.513601,,Eye Tracker,51.0,50.0,Valid,Valid,Fixation
1670925659.515525,,Mouse,35.5,43.0,,,Fixation
1670925659.530256,,Eye Tracker,20.0,36.0,Valid,Valid,Saccade
1670925659.535706,,Mouse,19.0,33.5,,,Saccade
1670925659.546911,,Eye Tracker,18.0,31.0,Valid,Valid,Fixation
1670925659.55555,,Mouse,16.0,30.666666666666668,,,Fixation
1670925659.563565,,Mouse,14.0,30.333333333333332,,,Fixation
1670925659.57653,,Eye Tracker,12.0,30.0,Valid,Valid,Fixation
1670925659.58022,,Mouse,8.0,31.0,,,Fixation
1670925659.596682,,Eye Tracker,4.0,32.0,Valid,Valid,Fixation
1670925659.596875,,Mouse,18.0,32.5,,,Fixation
1670925659.613529,,Eye Tracker,32.0,33.0,Valid,Valid,Fixation
1670925659.616551,,Mouse,42.5,33.0,,,Fixation
1670925659.626774,,Eye Tracker,53.0,33.0,Valid,Valid,Fixation
1670925659.630184,,Mouse,31.5,32.0,,,Saccade
1670925659.646518,,Eye Tracker,10.0,31.0,Valid,Valid,Saccade
1670925659.6468391,,Mouse,7.5,29.5,,,Saccade
1670925659.663493,,Eye Tracker,5.0,28.0,Valid,Valid,Fixation
1670925659.6665611,,Mouse,6.0,28.5,,,Fixation
1670925659.6801481,,Eye Tracker,7.0,29.0,Valid,Valid,Fixation
1670925659.686559,,Mouse,7.6,29.4,,,Fixation
1670925659.696803,MouseEvent,,8.2,29.8,,,Fixation
1670925659.706553,,Mouse,8.8,30.2,,,Fixation
1670925659.713457,,Mouse,9.4,30.6,,,Fixation
1670925659.726801,,Eye Tracker,10.0,31.0,Valid,Valid,Fixation
1670925659.730112,,Eye Tracker,2.0,24.0,Valid,Valid,Fixation
1670925659.746516,,Mouse,-0.3333333333333335,22.333333333333332,,,Fixation
1670925659.746768,,Mouse,-2.666666666666667,20.666666666666668,,,Fixation
1670925659.756859,,Eye Tracker,-5.0,19.0,Valid,Valid,Fixation
1670925659.763423,,Mouse,-4.0,17.0,,,Fixation
1670925659.780077,,Eye Tracker,-3.0,15.0,Valid,Valid,Fixation
1670925659.796732,,Eye Tracker,-4.0,11.0,Valid,Valid,Fixation
1670925659.813387,,Mouse,-3.5,11.5,,,Fixation
1670925659.830041,,Eye Tracker,-3.0,12.0,Valid,Valid,Fixation
1670925659.8466961,,Mouse,-0.5,13.5,,,Fixation
1670925659.863351,,Eye Tracker,2.0,15.0,Valid,Valid,Fixation
1670925659.8800051,,Mouse,1.5,15.0,,,Fixation
1670925659.89666,,Eye Tracker,1.0,15.0,Valid,Valid,Fixation
1670925659.913315,,Mouse,-0.5,16.0,,,Fixation
1670925659.929969,,Eye Tracker,-2.0,17.0,Valid,Valid,Fixation
1670925659.946624,,Mouse,-1.5,19.0,,,Fixation
1670925659.963279,,Eye Tracker,-1.0,21.0,Valid,Valid,Fixation
1670925659.979933,,Mouse,0.0,20.0,,,Fixation
1670925659.996588,,Eye Tracker,1.0,19.0,Valid,Valid,Fixation
1670925660.013243,,Mouse,2.333333333333333,19.666666666666668,,,Fixation
1670925660.017474,,Mouse,3.6666666666666665,20.333333333333332,,,Fixation
1670925660.028004,,Eye Tracker,5.0,21.0,Valid,Valid,Fixation
1670925660.028004,,Mouse,4.5,20.0,,,Fixation
1670925660.028573,,Eye Tracker,4.0,19.0,Valid,Valid,Fixation
1670925660.029898,,Eye Tracker,3.0,22.0,Valid,Valid,Fixation
1670925660.0465531,,Mouse,3.5,21.0,,,Fixation
1670925660.047512,,Eye Tracker,4.0,20.0,Valid,Valid,Fixation
1670925660.057791,,Eye Tracker,8.0,20.0,Valid,Valid,Fixation
1670925660.063208,,Eye Tracker,11.0,24.0,Valid,Valid,Fixation
1670925660.07779,,Eye Tracker,10.0,28.0,Valid,Valid,Fixation
1670925660.079863,,Eye Tracker,8.0,29.0,Valid,Valid,Fixation
1670925660.08879,,Eye Tracker,50.0,61.0,Valid,Valid,Saccade
1670925660.096517,,Eye Tracker,153.0,152.0,Invalid,Valid,Saccade
1670925660.113172,MouseEvent,,297.33333333333337,217.33333333333331,,,Saccade
1670925660.128799,,Mouse,441.6666666666667,282.66666666666663,,,Saccade
1670925660.129827,,Eye Tracker,586.0,348.0,Valid,Valid,Saccade
1670925660.146482,,Eye Tracker,647.0,382.0,Valid,Valid,Saccade
1670925660.163137,,Eye Tracker,762.0,428.0,Valid,Valid,Saccade
1670925660.179792,,Eye Tracker,780.0,430.0,Valid,Valid,Fixation
1670925660.196446,,Eye Tracker,773.0,430.0,Valid,Valid,Fixation
1670925660.2131011,,Eye Tracker,770.0,432.0,Valid,Valid,Fixation
1670925660.229756,,Mouse,767.5,430.0,,,Fixation
1670925660.2464101,,Eye Tracker,765.0,428.0,Valid,Valid,Fixation
1670925660.263065,,Mouse,759.0,427.5,,,Fixation
1670925660.27972,,Eye Tracker,753.0,427.0,Valid,Valid,Fixation
1670925660.296375,,Mouse,750.5,420.5,,,Fixation
1670925660.313029,,Eye Tracker,748.0,414.0,Valid,Valid,Fixation
1670925660.329684,,Mouse,748.3333333333334,410.6666666666667,,,Fixation
1670925660.346339,,Mouse,748.6666666666666,407.3333333333333,,,Fixation
1670925660.362993,,Eye Tracker,749.0,404.0,Valid,Valid,Fixation
1670925660.379649,,Mouse,742.0,405.5,,,Fixation
1670925660.3963041,,Eye Tracker,735.0,407.0,Valid,Valid,Fixation
1670925660.4129581,,Mouse,730.5,406.5,,,Fixation
1670925660.429613,,Eye Tracker,726.0,406.0,Valid,Valid,Fixation
1670925660.446268,,Mouse,731.0,420.5,,,Fixation
1670925660.462922,,Eye Tracker,736.0,435.0,Valid,Valid,Saccade
1670925660.479577,,Mouse,739.0,459.5,,,Saccade
1670925660.496232,,Eye Tracker,742.0,484.0,Valid,Valid,Saccade
1670925660.512886,,Mouse,740.5,519.0,,,Saccade
1670925660.529541,,Eye Tracker,739.0,554.0,Valid,Valid,Saccade
1670925660.546196,,Mouse,740.0,561.5,,,Saccade
1670925660.562851,,Eye Tracker,741.0,569.0,Valid,Valid,Fixation
1670925660.579505,,Mouse,740.0,572.0,,,Fixation
1670925660.59616,,Eye Tracker,739.0,575.0,Valid,Valid,Fixation
1670925660.6128151,,Mouse,739.0,575.3333333333334,,,Fixation
1670925660.629469,,Mouse,739.0,575.6666666666666,,,Fixation
1670925660.6461241,,Eye Tracker,739.0,576.0,Valid,Valid,Fixation
1670925660.660645,,Eye Tracker,732.0,564.0,Valid,Valid,Fixation
1670925660.662779,,Eye Tracker,724.0,558.0,Valid,Valid,Fixation
1670925660.670697,,Eye Tracker,736.0,554.0,Valid,Invalid,Fixation
1670925660.679434,,Mouse,736.0,556.5,,,Fixation
1670925660.680746,,Eye Tracker,736.0,559.0,Valid,Valid,Fixation
1670925660.690808,,Mouse,733.5,559.5,,,Fixation
1670925660.696089,,Eye Tracker,731.0,560.0,Valid,Valid,Fixation
1670925660.712744,,Mouse,731.6666666666666,561.0,,,Fixation
1670925660.719773,,Mouse,732.3333333333334,562.0,,,Fixation
1670925660.729398,,Eye Tracker,733.0,563.0,Valid,Valid,Fixation
1670925660.740779,,Eye Tracker,739.0,558.0,Valid,Valid,Fixation
1670925660.746053,,Mouse,738.6666666666666,558.0,,,Fixation
1670925660.762708,,Mouse,738.3333333333334,558.0,,,Fixation
1670925660.770512,,Eye Tracker,738.0,558.0,Valid,Valid,Fixation
1670925660.779362,,Mouse,761.5,542.0,,,Fixation
1670925660.790734,,Eye Tracker,785.0,526.0,Valid,Invalid,Saccade
1670925660.796017,,Mouse,832.5,511.0,,,Saccade
1670925660.8126721,,Eye Tracker,880.0,496.0,Valid,Invalid,Saccade
1670925660.820726,,Mouse,921.6666666666666,478.6666666666667,,,Saccade
1670925660.829327,,Mouse,963.3333333333334,461.3333333333333,,,Saccade
1670925660.8459811,,Eye Tracker,1005.0,444.0,Valid,Invalid,Saccade
1670925660.862636,,Mouse,995.0,429.5,,,Saccade
1670925660.879291,,Eye Tracker,985.0,415.0,Valid,Valid,Saccade
1670925660.895945,,Eye Tracker,998.0,401.0,Valid,Valid,Fixation
1670925660.900532,,Mouse,1000.6666666666666,397.6666666666667,,,Fixation
1670925660.9126,,Mouse,1003.3333333333334,394.3333333333333,,,Fixation
1670925660.929255,,Eye Tracker,1006.0,391.0,Valid,Valid,Fixation
1670925660.945909,,Mouse,999.5,394.0,,,Fixation
1670925660.962564,,Eye Tracker,993.0,397.0,Valid,Valid,Fixation
1670925660.97922,,Mouse,993.0,397.0,,,Fixation
1670925660.995874,,Eye Tracker,993.0,397.0,Valid,Valid,Fixation
1670925661.0115151,,Mouse,990.9090909090909,400.54545454545456,,,Fixation
1670925661.0125291,,Eye Tracker,988.8181818181819,404.09090909090907,Invalid,Invalid,EyesNotFound
1670925661.029184,,Mouse,986.7272727272727,407.6363636363636,,,EyesNotFound
1670925661.031565,,Eye Tracker,984.6363636363636,411.1818181818182,Invalid,Invalid,EyesNotFound
1670925661.045838,,Mouse,982.5454545454545,414.72727272727275,,,EyesNotFound
1670925661.051538,,Eye Tracker,980.4545454545455,418.27272727272725,Invalid,Invalid,EyesNotFound
1670925661.062493,,Mouse,978.3636363636364,421.8181818181818,,,EyesNotFound
1670925661.079148,,Eye Tracker,976.2727272727273,425.3636363636364,Invalid,Invalid,EyesNotFound
1670925661.081582,,Mouse,974.1818181818181,428.90909090909093,,,EyesNotFound
1670925661.095803,,Eye Tracker,972.0909090909091,432.45454545454544,Invalid,Invalid,EyesNotFound
1670925661.101553,,Eye Tracker,970.0,436.0,Valid,Valid,Saccade
1670925661.112457,,Mouse,1014.5,431.0,,,Saccade
1670925661.112802,,Eye Tracker,1059.0,426.0,Valid,Valid,Saccade
1670925661.129112,,Mouse,1091.5,422.0,,,Saccade
1670925661.1326551,,Eye Tracker,1124.0,418.0,Valid,Valid,Saccade
1670925661.142775,,Mouse,1172.0,416.0,,,Saccade
1670925661.145767,,Eye Tracker,1220.0,414.0,Valid,Valid,Saccade
1670925661.162421,,Mouse,1219.5,414.5,,,Saccade
1670925661.162522,,Eye Tracker,1219.0,415.0,Valid,Valid,Fixation
1670925661.179076,,Mouse,1221.0,409.5,,,Fixation
1670925661.191518,,Eye Tracker,1223.0,404.0,Valid,Valid,Fixation
1670925661.195731,,Mouse,1226.0,402.0,,,Fixation
1670925661.212385,,Eye Tracker,1229.0,400.0,Valid,Valid,Fixation
1670925661.229041,,Mouse,1223.0,406.0,,,Fixation
1670925661.245696,,Eye Tracker,1217.0,412.0,Valid,Valid,Fixation
1670925661.26235,,Mouse,1211.5,413.0,,,Fixation
1670925661.27153,,Eye Tracker,1206.0,414.0,Valid,Valid,Fixation
1670925661.279005,,Mouse,1202.5,410.5,,,Fixation
1670925661.282579,,Eye Tracker,1199.0,407.0,Valid,Valid,Fixation
1670925661.29566,,Mouse,1199.5,405.5,,,Fixation
1670925661.312314,,Eye Tracker,1200.0,404.0,Valid,Valid,Fixation
1670925661.312654,,Mouse,1199.6666666666667,404.3333333333333,,,Fixation
1670925661.328969,,Mouse,1199.3333333333333,404.6666666666667,,,Fixation
1670925661.332558,,Eye Tracker,1199.0,405.0,Valid,Valid,Fixation
1670925661.342664,,Eye Tracker,1197.0,407.0,Valid,Valid,Fixation
1670925661.345624,,Mouse,1197.0,406.0,,,Fixation
1670925661.361502,,Mouse,1197.0,405.0,,,Fixation
1670925661.362279,,Eye Tracker,1197.0,404.0,Valid,Valid,Fixation
1670925661.372724,,Mouse,1198.0,402.0,,,Fixation
1670925661.378933,,Eye Tracker,1199.0,400.0,Valid,Valid,Fixation
1670925661.382818,,Mouse,1204.5,402.0,,,Fixation
1670925661.395588,,Eye Tracker,1210.0,404.0,Valid,Valid,Fixation
1670925661.401534,,Mouse,1223.5,403.5,,,Saccade
1670925661.4122431,,Eye Tracker,1237.0,403.0,Valid,Valid,Saccade
1670925661.4124491,,Eye Tracker,1327.0,389.0,Valid,Valid,Saccade
1670925661.4288971,,Mouse,1349.5,384.0,,,Saccade
1670925661.442555,,Eye Tracker,1372.0,379.0,Valid,Valid,Saccade
1670925661.445552,,Mouse,1380.5,380.0,,,Saccade
1670925661.453583,,Eye Tracker,1389.0,381.0,Valid,Valid,Fixation
1670925661.462207,,Mouse,1387.0,383.0,,,Fixation
1670925661.478861,,Eye Tracker,1385.0,385.0,Valid,Valid,Fixation
1670925661.483553,,Mouse,1384.5,387.0,,,Fixation
1670925661.495516,,Eye Tracker,1384.0,389.0,Valid,Valid,Fixation
1670925661.512171,,Mouse,1384.3333333333333,388.6666666666667,,,Fixation
1670925661.528826,,Mouse,1384.6666666666667,388.3333333333333,,,Fixation
1670925661.545481,,Eye Tracker,1385.0,388.0,Valid,Valid,Fixation
1670925661.562136,,Mouse,1382.0,389.0,,,Fixation
1670925661.57879,,Eye Tracker,1379.0,390.0,Valid,Valid,Fixation
1670925661.595445,,Mouse,1377.5,389.5,,,Fixation
1670925661.6121001,,Eye Tracker,1376.0,389.0,Valid,Valid,Fixation
1670925661.624556,,Mouse,1375.6666666666667,387.6666666666667,,,Fixation
1670925661.628755,,Mouse,1375.3333333333333,386.3333333333333,,,Fixation
1670925661.64506,,Eye Tracker,1375.0,385.0,Valid,Valid,Fixation
1670925661.64506,,Eye Tracker,1378.0,384.0,Valid,Valid,Fixation
1670925661.645409,,Mouse,1378.3333333333333,384.3333333333333,,,Fixation
1670925661.662064,,Mouse,1378.6666666666667,384.6666666666667,,,Fixation
1670925661.678719,,Eye Tracker,1379.0,385.0,Valid,Valid,Fixation
1670925661.695373,,Mouse,1380.5,383.0,,,Fixation
1670925661.712028,,Eye Tracker,1382.0,381.0,Valid,Valid,Fixation
1670925661.724581,,Mouse,1380.0,383.0,,,Fixation
1670925661.728683,,Eye Tracker,1378.0,385.0,Valid,Valid,Fixation
1670925661.745337,,Mouse,1377.3333333333333,385.3333333333333,,,Fixation
1670925661.754529,,Mouse,1376.6666666666667,385.6666666666667,,,Fixation
1670925661.761992,,Eye Tracker,1376.0,386.0,Valid,Valid,Fixation
1670925661.77481,,Mouse,1374.5,384.5,,,Fixation
1670925661.778647,,Eye Tracker,1373.0,383.0,Valid,Valid,Fixation
1670925661.794523,,Mouse,1373.0,381.5,,,Fixation
1670925661.795301,,Eye Tracker,1373.0,380.0,Valid,Valid,Fixation
1670925661.804792,,Mouse,1373.0,376.5,,,Fixation
1670925661.811956,,Eye Tracker,1373.0,373.0,Valid,Valid,Fixation
1670925661.824527,,Mouse,1374.0,373.0,,,Fixation
1670925661.828612,,Eye Tracker,1375.0,373.0,Valid,Valid,Fixation
1670925661.8447711,,Mouse,1375.5,374.0,,,Fixation
1670925661.845266,,Eye Tracker,1376.0,375.0,Valid,Valid,Fixation
1670925661.861921,,Mouse,1374.0,376.5,,,Fixation
1670925661.864665,,Eye Tracker,1372.0,378.0,Valid,Valid,Fixation
1670925661.878576,,Mouse,1376.0,379.0,,,Fixation
1670925661.884526,,Eye Tracker,1380.0,380.0,Valid,Valid,Fixation
1670925661.895231,,Mouse,1382.0,378.5,,,Fixation
1670925661.911885,,Eye Tracker,1384.0,377.0,Valid,Valid,Fixation
1670925661.913714,,Mouse,1385.5,373.5,,,Fixation
1670925661.92854,,Eye Tracker,1387.0,370.0,Valid,Valid,Fixation
1670925661.94481,,Mouse,1385.6666666666667,369.3333333333333,,,Fixation
1670925661.945195,,Mouse,1384.3333333333333,368.6666666666667,,,Fixation
1670925661.961849,,Eye Tracker,1383.0,368.0,Valid,Valid,Fixation
1670925661.965499,,Eye Tracker,1407.0,332.0,Valid,Valid,Saccade
1670925661.975672,,Mouse,1416.6666666666667,323.6666666666667,,,Saccade
1670925661.978504,,Mouse,1426.3333333333333,315.3333333333333,,,Saccade
1670925661.9951591,,Eye Tracker,1436.0,307.0,Valid,Valid,Saccade
1670925661.995591,,Mouse,1456.0,287.5,,,Saccade
1670925662.005992,,Eye Tracker,1476.0,268.0,Valid,Valid,Saccade
1670925662.011813,,Eye Tracker,1487.0,253.0,Valid,Valid,Fixation
1670925662.0257661,,Mouse,1486.5,258.5,,,Fixation
1670925662.0284681,,Eye Tracker,1486.0,264.0,Valid,Valid,Fixation
1670925662.045123,,Mouse,1486.0,263.5,,,Fixation
1670925662.045634,,Eye Tracker,1486.0,263.0,Valid,Valid,Fixation
1670925662.061777,,Mouse,1483.5,260.0,,,Fixation
1670925662.065672,,Eye Tracker,1481.0,257.0,Valid,Valid,Fixation
1670925662.0756721,,Mouse,1480.0,257.5,,,Fixation
1670925662.078432,,Eye Tracker,1479.0,258.0,Valid,Valid,Fixation
1670925662.095087,,Eye Tracker,1480.0,257.0,Valid,Valid,Fixation
1670925662.095546,,Eye Tracker,1485.0,257.0,Valid,Valid,Fixation
1670925662.1057,,Eye Tracker,1484.0,257.0,Valid,Valid,Fixation
1670925662.111741,,Eye Tracker,1486.0,255.0,Valid,Valid,Fixation
1670925662.12553,,Eye Tracker,1485.0,247.0,Valid,Valid,Fixation
1670925662.128397,,Eye Tracker,1484.0,243.0,Valid,Valid,Fixation
1670925662.136825,,Eye Tracker,1505.0,271.0,Valid,Valid,Saccade
1670925662.145052,,Eye Tracker,1549.0,299.0,Valid,Valid,Saccade
1670925662.1565,,Eye Tracker,1594.0,314.0,Valid,Valid,Saccade
1670925662.161707,,Eye Tracker,1600.0,314.0,Valid,Valid,Fixation
1670925662.166529,,Eye Tracker,1596.0,324.0,Valid,Valid,Fixation
1670925662.176948,,Eye Tracker,1592.0,323.0,Valid,Valid,Fixation
1670925662.178361,,Eye Tracker,1584.0,316.0,Valid,Valid,Fixation
1670925662.1950161,,Eye Tracker,1580.0,315.0,Valid,Valid,Fixation
1670925662.196677,,Mouse,1585.0,311.5,,,Fixation
1670925662.20669,,Eye Tracker,1590.0,308.0,Valid,Valid,Fixation
1670925662.211671,,Mouse,1591.5,308.5,,,Fixation
1670925662.226577,,Eye Tracker,1593.0,309.0,Valid,Valid,Fixation
1670925662.2283251,,Mouse,1595.5,307.5,,,Fixation
1670925662.236826,,Eye Tracker,1598.0,306.0,Valid,Valid,Fixation
1670925662.24498,,Mouse,1597.0,307.0,,,Fixation
1670925662.255524,,Mouse,1596.0,308.0,,,Fixation
1670925662.261635,,Eye Tracker,1595.0,309.0,Valid,Valid,Fixation
1670925662.266543,,Mouse,1583.5,280.5,,,Saccade
1670925662.276766,,Eye Tracker,1572.0,252.0,Valid,Valid,Saccade
1670925662.278289,,Eye Tracker,1563.0,191.0,Valid,Valid,Saccade
1670925662.294944,,Mouse,1564.5,165.5,,,Saccade
1670925662.295536,,Eye Tracker,1566.0,140.0,Valid,Valid,Saccade
1670925662.306791,,Mouse,1565.5,133.0,,,Saccade
1670925662.311599,,Eye Tracker,1565.0,126.0,Valid,Valid,Fixation
1670925662.326493,,Eye Tracker,1561.0,125.0,Valid,Valid,Fixation
1670925662.328253,,Eye Tracker,1565.0,120.0,Valid,Valid,Fixation
1670925662.336759,,Eye Tracker,1567.0,120.0,Valid,Valid,Fixation
1670925662.344908,,Eye Tracker,1573.0,126.0,Valid,Valid,Fixation
1670925662.356527,,Mouse,1572.0,127.66666666666667,,,Fixation
1670925662.361563,,Mouse,1571.0,129.33333333333334,,,Fixation
1670925662.366527,,Eye Tracker,1570.0,131.0,Valid,Valid,Fixation
1670925662.378217,,Eye Tracker,1568.0,135.0,Valid,Valid,Fixation
1670925662.394872,,Mouse,1566.0,132.0,,,Fixation
1670925662.40666,,Eye Tracker,1564.0,129.0,Valid,Valid,Fixation
1670925662.411527,,Mouse,1563.5,131.0,,,Fixation
1670925662.428183,,Eye Tracker,1563.0,133.0,Valid,Valid,Fixation
1670925662.444837,,Mouse,1563.5,132.0,,,Fixation
1670925662.461492,,Eye Tracker,1564.0,131.0,Valid,Valid,Fixation
1670925662.477643,,Mouse,1562.5,131.0,,,Fixation
1670925662.478147,,Eye Tracker,1561.0,131.0,Valid,Valid,Fixation
1670925662.494801,,Mouse,1561.3333333333333,132.0,,,Fixation
1670925662.4977841,,Mouse,1561.6666666666667,133.0,,,Fixation
1670925662.507822,,Eye Tracker,1562.0,134.0,Valid,Valid,Fixation
1670925662.511456,,Eye Tracker,1558.0,134.0,Valid,Valid,Fixation
1670925662.52761,,Mouse,1556.5,133.0,,,Fixation
1670925662.528111,,Eye Tracker,1555.0,132.0,Valid,Valid,Fixation
1670925662.537633,,Mouse,1554.6666666666667,131.66666666666666,,,Fixation
1670925662.544765,,Mouse,1554.3333333333333,131.33333333333334,,,Fixation
1670925662.557531,,Eye Tracker,1554.0,131.0,Valid,Valid,Fixation
1670925662.56142,,Mouse,1551.0,132.0,,,Fixation
1670925662.577526,,Eye Tracker,1548.0,133.0,Valid,Valid,Fixation
1670925662.578075,,Mouse,1547.6666666666667,132.33333333333334,,,Fixation
1670925662.5875351,,Mouse,1547.3333333333333,131.66666666666666,,,Fixation
1670925662.594729,,Eye Tracker,1547.0,131.0,Valid,Valid,Fixation
1670925662.607537,,Mouse,1543.0,134.0,,,Fixation
1670925662.611384,,Eye Tracker,1539.0,137.0,Valid,Valid,Fixation
1670925662.627655,,Mouse,1540.5,137.5,,,Fixation
1670925662.6280391,,Eye Tracker,1542.0,138.0,Valid,Valid,Fixation
1670925662.644694,,Mouse,1544.3333333333333,138.0,,,Fixation
1670925662.648552,,Mouse,1546.6666666666667,138.0,,,Fixation
1670925662.661349,,Eye Tracker,1549.0,138.0,Valid,Valid,Fixation
1670925662.668775,,Mouse,1547.0,137.5,,,Fixation
1670925662.678004,,Eye Tracker,1545.0,137.0,Valid,Valid,Fixation
1670925662.688535,,Mouse,1546.0,137.0,,,Fixation
1670925662.694659,,Eye Tracker,1547.0,137.0,Valid,Valid,Fixation
1670925662.698551,,Mouse,1545.0,137.5,,,Fixation
1670925662.711313,,Eye Tracker,1543.0,138.0,Valid,Valid,Fixation
1670925662.718523,,Mouse,1542.5,138.5,,,Fixation
1670925662.727969,,Eye Tracker,1542.0,139.0,Valid,Valid,Fixation
1670925662.738488,,Mouse,1542.5,140.5,,,Fixation
1670925662.7446241,,Eye Tracker,1543.0,142.0,Valid,Valid,Fixation
1670925662.748524,,Mouse,1542.5,140.0,,,Fixation
1670925662.758584,,Eye Tracker,1542.0,138.0,Valid,Valid,Fixation
1670925662.761278,,Mouse,1541.0,136.5,,,Fixation
1670925662.7779331,,Eye Tracker,1540.0,135.0,Valid,Valid,Fixation
1670925662.778523,,Mouse,1542.5,134.5,,,Fixation
1670925662.788796,,Eye Tracker,1545.0,134.0,Valid,Valid,Fixation
1670925662.794588,,Mouse,1545.0,135.0,,,Fixation
1670925662.798806,,Eye Tracker,1545.0,136.0,Valid,Valid,Fixation
1670925662.811242,,Mouse,1542.0,135.0,,,Fixation
1670925662.81853,,Eye Tracker,1539.0,134.0,Valid,Valid,Fixation
1670925662.827897,,Eye Tracker,1538.0,133.0,Valid,Valid,Fixation
1670925662.828535,,Mouse,1538.6666666666667,135.33333333333334,,,Fixation
1670925662.844552,,Mouse,1539.3333333333333,137.66666666666666,,,Fixation
1670925662.848533,,Eye Tracker,1540.0,140.0,Valid,Valid,Fixation
1670925662.858538,,Mouse,1538.0,140.0,,,Fixation
1670925662.861206,,Eye Tracker,1536.0,140.0,Valid,Valid,Fixation
1670925662.868748,,Mouse,1535.0,135.5,,,Fixation
1670925662.877861,,Eye Tracker,1534.0,131.0,Valid,Valid,Fixation
1670925662.8885841,,Mouse,1535.0,130.0,,,Fixation
1670925662.894516,,Eye Tracker,1536.0,129.0,Valid,Valid,Fixation
1670925662.908554,,Mouse,1537.3333333333333,129.33333333333334,,,Fixation
1670925662.91117,,Mouse,1538.6666666666667,129.66666666666666,,,Fixation
1670925662.927825,,Eye Tracker,1540.0,130.0,Valid,Valid,Fixation
1670925662.928546,,Eye Tracker,1546.0,130.0,Valid,Valid,Fixation
1670925662.94448,,Mouse,1549.6666666666667,128.0,,,Fixation
1670925662.948518,,Mouse,1553.3333333333333,126.0,,,Fixation
1670925662.958539,,Eye Tracker,1557.0,124.0,Valid,Valid,Fixation
1670925662.9611351,,Eye Tracker,1560.0,120.0,Valid,Valid,Fixation
1670925662.968739,,Mouse,1560.3333333333333,119.0,,,Fixation
1670925662.977789,,Mouse,1560.6666666666667,118.0,,,Fixation
1670925662.989805,,Eye Tracker,1561.0,117.0,Valid,Valid,Fixation
1670925662.9944441,,Mouse,1559.5,118.0,,,Fixation
1670925663.009487,,Eye Tracker,1558.0,119.0,Valid,Valid,Fixation
1670925663.0111,,Mouse,1558.5,118.0,,,Fixation
1670925663.019543,,Eye Tracker,1559.0,117.0,Valid,Valid,Fixation
1670925663.027754,,Mouse,1560.3333333333333,116.33333333333333,,,Fixation
1670925663.03957,,Mouse,1561.6666666666667,115.66666666666667,,,Fixation
1670925663.044409,,Eye Tracker,1563.0,115.0,Valid,Valid,Fixation
1670925663.060435,,Mouse,1562.5,113.5,,,Fixation
1670925663.061064,,Eye Tracker,1562.0,112.0,Valid,Valid,Fixation
1670925663.077718,,Eye Tracker,1560.0,111.0,Valid,Valid,Fixation
1670925663.079523,,Mouse,1561.0,109.0,,,Fixation
1670925663.089605,,Eye Tracker,1562.0,107.0,Valid,Valid,Fixation
1670925663.094373,,Mouse,1563.3333333333333,105.33333333333333,,,Fixation
1670925663.1085181,,Mouse,1564.6666666666667,103.66666666666667,,,Fixation
1670925663.111028,,Eye Tracker,1566.0,102.0,Valid,Valid,Fixation
1670925663.119787,,Mouse,1553.0,117.5,,,Fixation
1670925663.127682,,Eye Tracker,1540.0,133.0,Valid,Valid,Fixation
1670925663.139565,,Mouse,1541.0,130.5,,,Fixation
1670925663.144337,,Eye Tracker,1542.0,128.0,Valid,Valid,Fixation
1670925663.160567,,Mouse,1543.3333333333333,127.0,,,Fixation
1670925663.1609921,,Mouse,1544.6666666666667,126.0,,,Fixation
1670925663.177646,,Eye Tracker,1546.0,125.0,Valid,Valid,Fixation
1670925663.180532,,Mouse,1571.5,102.0,,,Fixation
1670925663.190556,,Eye Tracker,1597.0,79.0,Valid,Invalid,Fixation
1670925663.1943011,,Mouse,1595.0,72.0,,,Saccade
1670925663.200846,,Eye Tracker,1593.0,65.0,Valid,Valid,Saccade
1670925663.210956,,Mouse,1582.5,79.0,,,Fixation
1670925663.220588,,Eye Tracker,1572.0,93.0,Valid,Valid,Fixation
1670925663.227611,,Eye Tracker,1568.0,89.0,Valid,Valid,Fixation
1670925663.23067,,Mouse,1568.5,88.5,,,Fixation
1670925663.244265,,Eye Tracker,1569.0,88.0,Valid,Valid,Fixation
1670925663.250539,,Mouse,1571.0,84.0,,,Fixation
1670925663.26092,,Eye Tracker,1573.0,80.0,Valid,Valid,Fixation
1670925663.270559,,Mouse,1585.0,64.0,,,Fixation
1670925663.277575,,Eye Tracker,1597.0,48.0,Valid,Valid,Saccade
1670925663.290494,,Mouse,1597.5,49.0,,,Saccade
1670925663.294229,,Eye Tracker,1598.0,50.0,Valid,Valid,Fixation
1670925663.300576,,Mouse,1586.5,64.5,,,Fixation
1670925663.310885,,Eye Tracker,1575.0,79.0,Valid,Valid,Fixation
1670925663.31976,,Eye Tracker,1575.0,77.0,Valid,Valid,Fixation
1670925663.32754,,Mouse,1574.6666666666667,75.33333333333333,,,Fixation
1670925663.330857,,Mouse,1574.3333333333333,73.66666666666667,,,Fixation
1670925663.344194,,Eye Tracker,1574.0,72.0,Valid,Valid,Fixation
1670925663.350537,,Mouse,1574.0,66.5,,,Fixation
1670925663.3608491,,Eye Tracker,1574.0,61.0,Valid,Valid,Fixation
1670925663.3705401,,Eye Tracker,1573.0,62.0,Valid,Valid,Fixation
1670925663.377504,,Mouse,1576.0,61.0,,,Fixation
1670925663.390786,,Eye Tracker,1579.0,60.0,Valid,Valid,Fixation
1670925663.3941581,,Mouse,1580.6666666666667,59.0,,,Fixation
1670925663.410528,,Mouse,1582.3333333333333,58.0,,,Fixation
1670925663.410813,,Eye Tracker,1584.0,57.0,Valid,Valid,Fixation
1670925663.42054,,Mouse,1585.0,51.0,,,Fixation
1670925663.427468,,Eye Tracker,1586.0,45.0,Valid,Valid,Fixation
1670925663.430568,,Mouse,1588.5,42.0,,,Fixation
1670925663.4405751,,Eye Tracker,1591.0,39.0,Valid,Valid,Fixation
1670925663.444122,,Mouse,1590.0,40.5,,,Fixation
1670925663.46052,,Eye Tracker,1589.0,42.0,Valid,Valid,Fixation
1670925663.460777,,Eye Tracker,1589.0,42.0,Valid,Valid,Fixation
1670925663.470534,,Mouse,1590.5,40.5,,,Fixation
1670925663.477432,,Eye Tracker,1592.0,39.0,Valid,Valid,Fixation
1670925663.490582,,Eye Tracker,1590.0,38.0,Valid,Valid,Fixation
1670925663.494087,,Mouse,1588.0,39.0,,,Fixation
1670925663.5015001,,Eye Tracker,1586.0,40.0,Valid,Valid,Fixation
1670925663.510741,,Mouse,1587.3333333333333,40.333333333333336,,,Fixation
1670925663.511528,,Mouse,1588.6666666666667,40.666666666666664,,,Fixation
1670925663.527396,,Eye Tracker,1590.0,41.0,Valid,Valid,Fixation
1670925663.531573,,Mouse,1592.5,36.0,,,Fixation
1670925663.544051,,Eye Tracker,1595.0,31.0,Valid,Valid,Fixation
1670925663.551511,,Mouse,1606.0,12.5,,,Saccade
1670925663.560705,,Eye Tracker,1617.0,-6.0,Valid,Valid,Saccade
1670925663.561565,,Mouse,1615.0,-2.3333333333333335,,,Saccade
1670925663.57736,,Mouse,1613.0,1.333333333333333,,,Unclassified
1670925663.581609,,Eye Tracker,1611.0,5.0,Valid,Valid,Unclassified
1670925663.5940151,,Mouse,1605.0,18.5,,,Unclassified
1670925663.601453,,Eye Tracker,1599.0,32.0,Valid,Valid,Saccade
1670925663.61067,,Mouse,1599.5,34.5,,,Fixation
1670925663.611542,,Eye Tracker,1600.0,37.0,Valid,Valid,Fixation
1670925663.627325,,Eye Tracker,1598.0,34.0,Valid,Valid,Fixation
1670925663.6314871,,Eye Tracker,1594.0,35.0,Valid,Valid,Fixation
1670925663.641525,,Eye Tracker,1589.0,36.0,Valid,Valid,Fixation
1670925663.64398,,Mouse,1584.5,43.5,,,Fixation
1670925663.651765,,Eye Tracker,1580.0,51.0,Valid,Valid,Fixation
1670925663.660634,,Eye Tracker,1582.0,50.0,Valid,Valid,Fixation
1670925663.672534,,Mouse,1579.6666666666667,51.333333333333336,,,Fixation
1670925663.677289,,Mouse,1577.3333333333333,52.666666666666664,,,Fixation
1670925663.682547,,Eye Tracker,1575.0,54.0,Valid,Valid,Fixation
1670925663.692692,,Mouse,1574.0,52.0,,,Fixation
1670925663.693944,,Eye Tracker,1573.0,50.0,Valid,Valid,Fixation
1670925663.710598,,Eye Tracker,1561.0,43.0,Valid,Valid,Fixation
1670925663.712778,,Mouse,1558.0,42.0,,,Fixation
1670925663.727253,,Eye Tracker,1555.0,41.0,Valid,Valid,Fixation
1670925663.732538,,Mouse,1559.5,42.5,,,Fixation
1670925663.743908,,Eye Tracker,1564.0,44.0,Valid,Valid,Fixation
1670925663.752549,,Mouse,1566.0,46.0,,,Fixation
1670925663.7605631,,Eye Tracker,1568.0,48.0,Valid,Valid,Fixation
1670925663.7625551,,Mouse,1571.0,45.0,,,Fixation
1670925663.777217,,Eye Tracker,1574.0,42.0,Valid,Valid,Fixation
1670925663.7827601,,Mouse,1575.0,40.0,,,Fixation
1670925663.793872,,Mouse,1576.0,38.0,,,Fixation
1670925663.802545,,Eye Tracker,1577.0,36.0,Valid,Valid,Fixation
1670925663.810527,,Mouse,1577.0,41.0,,,Fixation
1670925663.822848,,Eye Tracker,1577.0,46.0,Valid,Valid,Fixation
1670925663.827181,,Eye Tracker,1575.0,48.0,Valid,Valid,Fixation
1670925663.842525,,Mouse,1572.6666666666667,46.333333333333336,,,Fixation
1670925663.843836,,Mouse,1570.3333333333333,44.666666666666664,,,Fixation
1670925663.852577,,Eye Tracker,1568.0,43.0,Valid,Valid,Fixation
1670925663.860491,,Eye Tracker,1570.0,43.0,Valid,Valid,Fixation
1670925663.872522,,Eye Tracker,1576.0,31.0,Valid,Valid,Fixation
1670925663.877145,,Eye Tracker,1573.0,30.0,Valid,Valid,Fixation
1670925663.882549,,Mouse,1571.5,35.0,,,Fixation
1670925663.89281,,Eye Tracker,1570.0,40.0,Valid,Valid,Fixation
1670925663.8938,,Mouse,1568.3333333333333,40.0,,,Fixation
1670925663.910456,,Mouse,1566.6666666666667,40.0,,,Fixation
1670925663.912784,,Eye Tracker,1565.0,40.0,Valid,Valid,Fixation
1670925663.92711,,Mouse,1561.0,37.5,,,Fixation
1670925663.932507,,Eye Tracker,1557.0,35.0,Valid,Valid,Fixation
1670925663.942532,,Mouse,1559.0,34.5,,,Fixation
1670925663.943765,,Eye Tracker,1561.0,34.0,Valid,Valid,Fixation
1670925663.952545,,Mouse,1567.5,33.5,,,Fixation
1670925663.9604201,,Eye Tracker,1574.0,33.0,Valid,Valid,Fixation
1670925663.972518,,Eye Tracker,1574.0,33.0,Valid,Valid,Fixation
1670925663.9770741,,Mouse,1568.0,33.0,,,Fixation
1670925663.98279,,Eye Tracker,1562.0,33.0,Valid,Valid,Fixation
1670925663.99288,,Mouse,1561.5,33.5,,,Fixation
1670925663.993729,,Eye Tracker,1561.0,34.0,Valid,Valid,Fixation
1670925664.010384,,Mouse,1562.0,37.0,,,Fixation
1670925664.013575,,Eye Tracker,1563.0,40.0,Valid,Valid,Fixation
1670925664.023797,,Eye Tracker,1565.0,36.0,Valid,Valid,Fixation
1670925664.027039,,Mouse,1567.5,35.0,,,Fixation
1670925664.043461,,Eye Tracker,1570.0,34.0,Valid,Valid,Fixation
1670925664.043693,,Eye Tracker,1565.0,39.0,Valid,Valid,Fixation
1670925664.060348,,Eye Tracker,1568.0,40.0,Valid,Valid,Fixation
1670925664.0635211,,Eye Tracker,1572.0,43.0,Valid,Valid,Fixation
1670925664.077003,,Eye Tracker,1563.0,37.0,Valid,Valid,Fixation
1670925664.08363,,Eye Tracker,1565.0,38.0,Valid,Valid,Fixation
1670925664.093657,,Eye Tracker,1574.0,47.0,Valid,Valid,Fixation
1670925664.1034951,,Eye Tracker,1570.0,42.0,Valid,Valid,Fixation
1670925664.110312,,Eye Tracker,1571.0,40.0,Valid,Valid,Fixation
1670925664.113774,,Eye Tracker,1574.0,40.0,Valid,Valid,Fixation
1670925664.126967,,Eye Tracker,1565.0,46.0,Valid,Valid,Fixation
1670925664.133524,,Eye Tracker,1560.0,47.0,Valid,Valid,Fixation
1670925664.143544,,Mouse,1567.0,47.0,,,Fixation
1670925664.143621,,Eye Tracker,1574.0,47.0,Valid,Valid,Fixation
1670925664.153552,,Mouse,1573.5,46.0,,,Fixation
1670925664.160276,,Eye Tracker,1573.0,45.0,Valid,Valid,Fixation
1670925664.173535,,Eye Tracker,1566.0,43.0,Valid,Valid,Fixation
1670925664.1769311,,Eye Tracker,1569.0,50.0,Valid,Valid,Fixation
1670925664.184806,,Eye Tracker,1567.0,54.0,Valid,Valid,Fixation
1670925664.193585,,Eye Tracker,1567.0,51.0,Valid,Valid,Fixation
1670925664.204523,,Eye Tracker,1570.0,40.0,Valid,Valid,Fixation
1670925664.210241,,Eye Tracker,1572.0,40.0,Valid,Valid,Fixation
1670925664.224566,,Eye Tracker,1566.0,41.0,Valid,Valid,Fixation
1670925664.226896,,Eye Tracker,1563.0,44.0,Valid,Valid,Fixation
1670925664.24355,,Eye Tracker,1566.0,52.0,Valid,Valid,Fixation
1670925664.244538,,Eye Tracker,1572.0,49.0,Valid,Valid,Fixation
1670925664.25465,,Eye Tracker,1574.0,52.0,Valid,Valid,Fixation
1670925664.260205,,Eye Tracker,1564.0,59.0,Valid,Valid,Fixation
1670925664.274539,,Eye Tracker,1567.0,49.0,Valid,Valid,Fixation
1670925664.27686,,Eye Tracker,1574.0,43.0,Valid,Valid,Fixation
1670925664.284786,,Eye Tracker,1575.0,50.0,Valid,Valid,Fixation
1670925664.293515,,Eye Tracker,1570.0,54.0,Valid,Valid,Fixation
1670925664.304532,MouseEvent,,1570.0,50.666666666666664,,,Fixation
1670925664.310169,,Mouse,1570.0,47.333333333333336,,,Fixation
1670925664.314742,,Eye Tracker,1570.0,44.0,Valid,Valid,Fixation
1670925664.326824,,Eye Tracker,1576.0,39.0,Valid,Valid,Fixation
1670925664.3345191,,Eye Tracker,1580.0,49.0,Valid,Valid,Fixation
1670925664.343479,,Mouse,1579.5,46.0,,,Fixation
1670925664.354786,,Eye Tracker,1579.0,43.0,Valid,Valid,Fixation
1670925664.360133,,Eye Tracker,1573.0,41.0,Valid,Valid,Fixation
1670925664.374634,,Eye Tracker,1560.0,51.0,Valid,Valid,Fixation
1670925664.3767881,,Eye Tracker,1476.0,114.0,Valid,Valid,Saccade
1670925664.393443,,Eye Tracker,1436.0,140.0,Valid,Valid,Saccade
1670925664.394486,,Eye Tracker,1417.0,138.0,Valid,Valid,Fixation
1670925664.4100971,,Eye Tracker,1411.0,145.0,Valid,Valid,Fixation
1670925664.4148111,,Eye Tracker,1409.0,158.0,Valid,Valid,Fixation
1670925664.426752,,Eye Tracker,1413.0,156.0,Valid,Valid,Fixation
1670925664.434522,,Mouse,1414.5,155.5,,,Fixation
1670925664.443407,,Eye Tracker,1416.0,155.0,Valid,Valid,Fixation
1670925664.444785,,Mouse,1417.5,154.0,,,Fixation
1670925664.460061,,Eye Tracker,1419.0,153.0,Valid,Valid,Fixation
1670925664.464525,,Mouse,1418.0,154.0,,,Fixation
1670925664.4745471,,Eye Tracker,1417.0,155.0,Valid,Valid,Fixation
1670925664.476716,,Mouse,1415.0,158.0,,,Fixation
1670925664.484657,,Mouse,1413.0,161.0,,,Fixation
1670925664.493371,,Eye Tracker,1411.0,164.0,Valid,Valid,Fixation
1670925664.504618,,Eye Tracker,1413.0,172.0,Valid,Valid,Fixation
1670925664.510026,,Mouse,1413.5,172.0,,,Fixation
1670925664.514767,,Eye Tracker,1414.0,172.0,Valid,Valid,Fixation
1670925664.525554,,Mouse,1417.5,173.5,,,Fixation
1670925664.526681,,Eye Tracker,1421.0,175.0,Valid,Valid,Fixation
1670925664.535562,,Eye Tracker,1416.0,178.0,Valid,Valid,Fixation
1670925664.543336,,Mouse,1414.0,176.33333333333334,,,Fixation
1670925664.5555491,,Mouse,1412.0,174.66666666666666,,,Fixation
1670925664.5599911,,Eye Tracker,1410.0,173.0,Valid,Valid,Fixation
1670925664.575634,,Mouse,1409.0,175.5,,,Fixation
1670925664.5766451,,Eye Tracker,1408.0,178.0,Valid,Valid,Fixation
1670925664.5933,,Mouse,1378.5,204.0,,,Saccade
1670925664.609955,,Eye Tracker,1349.0,230.0,Valid,Valid,Saccade
1670925664.626609,,Mouse,1320.5,250.5,,,Saccade
1670925664.643264,,Eye Tracker,1292.0,271.0,Valid,Valid,Saccade
1670925664.659919,,Mouse,1276.3333333333333,284.0,,,Saccade
1670925664.676573,,Mouse,1260.6666666666667,297.0,,,Saccade
1670925664.685802,,Eye Tracker,1245.0,310.0,Valid,Valid,Saccade
1670925664.693228,,Mouse,1237.0,318.0,,,Fixation
1670925664.709883,,Eye Tracker,1229.0,326.0,Valid,Valid,Fixation
1670925664.726537,,Mouse,1227.0,333.0,,,Fixation
1670925664.743192,,Eye Tracker,1225.0,340.0,Valid,Valid,Fixation
1670925664.759847,,Mouse,1227.5,341.5,,,Fixation
1670925664.766541,,Eye Tracker,1230.0,343.0,Valid,Valid,Fixation
1670925664.776501,,Mouse,1230.0,344.5,,,Fixation
1670925664.7931561,,Eye Tracker,1230.0,346.0,Valid,Valid,Fixation
1670925664.796535,,Mouse,1230.0,345.0,,,Fixation
1670925664.806561,,Eye Tracker,1230.0,344.0,Valid,Valid,Fixation
1670925664.809812,,Mouse,1230.5,340.5,,,Fixation
1670925664.816788,,Eye Tracker,1231.0,337.0,Valid,Valid,Fixation
1670925664.826467,,Mouse,1231.3333333333333,337.6666666666667,,,Fixation
1670925664.836804,,Mouse,1231.6666666666667,338.3333333333333,,,Fixation
1670925664.843121,,Eye Tracker,1232.0,339.0,Valid,Valid,Fixation
1670925664.855547,,Mouse,1231.0,343.5,,,Fixation
1670925664.859776,,Eye Tracker,1230.0,348.0,Valid,Valid,Fixation
1670925664.866525,,Mouse,1228.5,347.0,,,Fixation
1670925664.876431,,Eye Tracker,1227.0,346.0,Valid,Valid,Fixation
1670925664.876767,,Mouse,1231.5,346.0,,,Fixation
1670925664.893085,,Eye Tracker,1236.0,346.0,Valid,Valid,Fixation
1670925664.90974,,Mouse,1237.5,345.0,,,Fixation
1670925664.926395,,Eye Tracker,1239.0,344.0,Valid,Valid,Fixation
1670925664.943049,,Mouse,1243.5,343.0,,,Fixation
1670925664.959704,,Eye Tracker,1248.0,342.0,Valid,Valid,Fixation
1670925664.9763591,,Mouse,1247.0,344.5,,,Fixation
1670925664.9930131,,Eye Tracker,1246.0,347.0,Valid,Valid,Fixation
1670925665.009668,,Mouse,1241.5,347.5,,,Fixation
1670925665.026323,,Eye Tracker,1237.0,348.0,Valid,Valid,Fixation
1670925665.042977,,Eye Tracker,1238.0,346.0,Valid,Valid,Fixation
1670925665.059632,,Mouse,1237.5,340.0,,,Fixation
1670925665.076287,,Eye Tracker,1237.0,334.0,Valid,Valid,Fixation
1670925665.092943,,Mouse,1237.0,334.5,,,Fixation
1670925665.107687,,Eye Tracker,1237.0,335.0,Valid,Valid,Fixation
1670925665.109597,,Mouse,1236.5,339.0,,,Fixation
1670925665.126252,,Eye Tracker,1236.0,343.0,Valid,Valid,Fixation
1670925665.1377,,Mouse,1235.0,342.5,,,Fixation
1670925665.1429071,,Eye Tracker,1234.0,342.0,Valid,Valid,Fixation
1670925665.147782,,Mouse,1236.5,340.5,,,Fixation
1670925665.159561,,Eye Tracker,1239.0,339.0,Valid,Valid,Fixation
1670925665.1762161,,Mouse,1238.5,338.5,,,Fixation
1670925665.187548,,Eye Tracker,1238.0,338.0,Valid,Valid,Fixation
1670925665.192871,,Eye Tracker,1235.0,341.0,Valid,Valid,Fixation
1670925665.209525,,Eye Tracker,1235.0,339.0,Valid,Valid,Fixation
1670925665.22618,,Eye Tracker,1233.0,336.0,Valid,Valid,Fixation
1670925665.228491,,Mouse,1236.0,338.5,,,Fixation
1670925665.238746,,Eye Tracker,1239.0,341.0,Valid,Valid,Fixation
1670925665.242835,,Mouse,1232.0,349.0,,,Fixation
1670925665.258528,,Eye Tracker,1225.0,357.0,Valid,Valid,Fixation
1670925665.259489,,Mouse,1215.5,382.0,,,Saccade
1670925665.276144,,Eye Tracker,1206.0,407.0,Valid,Valid,Saccade
1670925665.292799,,Mouse,1200.0,458.0,,,Saccade
1670925665.309453,,Eye Tracker,1194.0,509.0,Valid,Valid,Saccade
1670925665.318756,,Mouse,1218.8333333333333,488.1666666666667,,,EyesNotFound
1670925665.326108,,Eye Tracker,1243.6666666666667,467.3333333333333,Invalid,Invalid,EyesNotFound
1670925665.338751,,Mouse,1268.5,446.5,,,EyesNotFound
1670925665.342763,,Eye Tracker,1293.3333333333333,425.6666666666667,Invalid,Invalid,EyesNotFound
1670925665.358516,,Mouse,1318.1666666666667,404.83333333333337,,,Saccade
1670925665.359418,,Eye Tracker,1343.0,384.0,Valid,Invalid,Saccade
1670925665.376072,,Mouse,1348.6666666666667,356.0,,,Saccade
1670925665.378424,,Mouse,1354.3333333333333,328.0,,,Saccade
1670925665.388516,,Eye Tracker,1360.0,300.0,Valid,Valid,Saccade
1670925665.392728,,Eye Tracker,1363.0,275.0,Valid,Valid,Saccade
1670925665.409383,,Mouse,1364.0,272.3333333333333,,,Saccade
1670925665.426037,,Mouse,1365.0,269.6666666666667,,,Fixation
1670925665.442692,,Eye Tracker,1366.0,267.0,Valid,Valid,Fixation
1670925665.459347,,Mouse,1365.5,267.5,,,Fixation
1670925665.468571,,Eye Tracker,1365.0,268.0,Valid,Valid,Fixation
1670925665.476001,,Mouse,1361.5,265.0,,,Fixation
1670925665.488542,,Eye Tracker,1358.0,262.0,Valid,Valid,Fixation
1670925665.492656,,Mouse,1357.3333333333333,260.6666666666667,,,Fixation
1670925665.498571,,Mouse,1356.6666666666667,259.3333333333333,,,Fixation
1670925665.508608,,Eye Tracker,1356.0,258.0,Valid,Valid,Fixation
1670925665.509311,,Mouse,1356.3333333333333,259.6666666666667,,,Fixation
1670925665.525965,,Mouse,1356.6666666666667,261.3333333333333,,,Fixation
1670925665.528517,,Eye Tracker,1357.0,263.0,Valid,Valid,Fixation
1670925665.538615,,Eye Tracker,1360.0,263.0,Valid,Valid,Fixation
1670925665.54262,,Mouse,1360.3333333333333,262.3333333333333,,,Fixation
1670925665.549514,,Mouse,1360.6666666666667,261.6666666666667,,,Fixation
1670925665.559275,,Eye Tracker,1361.0,261.0,Valid,Valid,Fixation
1670925665.569542,,Mouse,1360.5,261.5,,,Fixation
1670925665.569919,,Eye Tracker,1360.0,262.0,Valid,Valid,Fixation
1670925665.569919,,Mouse,1358.5,257.5,,,Fixation
1670925665.575929,,Eye Tracker,1357.0,253.0,Valid,Valid,Fixation
1670925665.589519,,Mouse,1357.5,255.5,,,Fixation
1670925665.5925841,,Eye Tracker,1358.0,258.0,Valid,Valid,Fixation
1670925665.599544,,Mouse,1357.0,259.5,,,Fixation
1670925665.609239,,Eye Tracker,1356.0,261.0,Valid,Valid,Fixation
1670925665.6095781,,Mouse,1356.0,260.5,,,Fixation
1670925665.625894,,Eye Tracker,1356.0,260.0,Valid,Valid,Fixation
1670925665.639757,,Mouse,1353.5,261.5,,,Fixation
1670925665.642548,,Eye Tracker,1351.0,263.0,Valid,Valid,Fixation
1670925665.659203,,Eye Tracker,1347.0,263.0,Valid,Valid,Fixation
1670925665.6595411,,Mouse,1345.5,265.0,,,Fixation
1670925665.675858,,Eye Tracker,1344.0,267.0,Valid,Valid,Fixation
1670925665.679526,,Mouse,1345.0,263.5,,,Fixation
1670925665.692513,,Eye Tracker,1346.0,260.0,Valid,Valid,Fixation
1670925665.699642,,Mouse,1343.5,259.5,,,Fixation
1670925665.709168,,Eye Tracker,1341.0,259.0,Valid,Valid,Fixation
1670925665.710516,,Mouse,1339.5,262.5,,,Fixation
1670925665.725823,,Eye Tracker,1338.0,266.0,Valid,Valid,Fixation
1670925665.730633,,Mouse,1337.0,267.5,,,Fixation
1670925665.742477,,Eye Tracker,1336.0,269.0,Valid,Valid,Fixation
1670925665.7505531,,Mouse,1337.0,267.5,,,Fixation
1670925665.7591321,,Eye Tracker,1338.0,266.0,Valid,Valid,Fixation
1670925665.760822,,Mouse,1336.5,262.0,,,Fixation
1670925665.775787,,Eye Tracker,1335.0,258.0,Valid,Valid,Fixation
1670925665.780541,,Mouse,1330.3333333333333,259.3333333333333,,,Fixation
1670925665.7924411,,Mouse,1325.6666666666667,260.6666666666667,,,Fixation
1670925665.800522,,Eye Tracker,1321.0,262.0,Valid,Valid,Fixation
1670925665.809096,,Mouse,1288.5,287.0,,,Saccade
1670925665.8207831,,Eye Tracker,1256.0,312.0,Valid,Valid,Saccade
1670925665.825751,,Eye Tracker,1207.0,346.0,Valid,Valid,Saccade
1670925665.8407621,,Mouse,1196.6666666666667,350.0,,,Saccade
1670925665.842405,,Mouse,1186.3333333333333,354.0,,,Saccade
1670925665.85906,,Eye Tracker,1176.0,358.0,Valid,Valid,Saccade
1670925665.875715,,Eye Tracker,1172.0,354.0,Valid,Valid,Fixation
1670925665.89237,,Mouse,1172.6666666666667,356.0,,,Fixation
1670925665.909024,,Mouse,1173.3333333333333,358.0,,,Fixation
1670925665.925679,,Eye Tracker,1174.0,360.0,Valid,Valid,Fixation
1670925665.942334,,Mouse,1175.5,360.5,,,Fixation
1670925665.958988,,Eye Tracker,1177.0,361.0,Valid,Valid,Fixation
1670925665.969898,,Mouse,1175.5,358.5,,,Fixation
1670925665.969898,,Eye Tracker,1174.0,356.0,Valid,Valid,Fixation
1670925665.975643,,Mouse,1173.0,356.5,,,Fixation
1670925665.992299,,Eye Tracker,1172.0,357.0,Valid,Valid,Fixation
1670925666.008953,,Eye Tracker,1173.0,353.0,Valid,Valid,Fixation
1670925666.025608,,Eye Tracker,1171.0,357.0,Valid,Valid,Fixation
1670925666.042263,,Mouse,1172.5,358.0,,,Fixation
1670925666.058917,,Eye Tracker,1174.0,359.0,Valid,Valid,Fixation
1670925666.075572,,Mouse,1178.0,356.5,,,Fixation
1670925666.092227,,Eye Tracker,1182.0,354.0,Valid,Valid,Fixation
1670925666.108881,,Mouse,1182.5,355.0,,,Fixation
1670925666.121534,,Eye Tracker,1183.0,356.0,Valid,Valid,Fixation
1670925666.125536,,Mouse,1182.0,356.0,,,Fixation
1670925666.1315541,,Eye Tracker,1181.0,356.0,Valid,Valid,Fixation
1670925666.142191,,Mouse,1182.3333333333333,355.3333333333333,,,Fixation
1670925666.1588461,,Mouse,1183.6666666666667,354.6666666666667,,,Fixation
1670925666.1755,,Eye Tracker,1185.0,354.0,Valid,Valid,Fixation
1670925666.181548,,Eye Tracker,1184.0,360.0,Valid,Valid,Fixation
1670925666.1921551,,Mouse,1183.0,361.5,,,Fixation
1670925666.201752,,Eye Tracker,1182.0,363.0,Valid,Valid,Fixation
1670925666.20881,,Mouse,1181.0,362.3333333333333,,,Fixation
1670925666.222752,,Mouse,1180.0,361.6666666666667,,,Fixation
1670925666.225464,,Eye Tracker,1179.0,361.0,Valid,Valid,Fixation
1670925666.242119,,Eye Tracker,1183.0,356.0,Valid,Valid,Fixation
1670925666.242513,,Mouse,1183.0,355.5,,,Fixation
1670925666.252516,,Eye Tracker,1183.0,355.0,Valid,Valid,Fixation
1670925666.258774,,Mouse,1181.5,358.5,,,Fixation
1670925666.263793,,Eye Tracker,1180.0,362.0,Valid,Valid,Fixation
1670925666.275428,,Mouse,1179.0,362.0,,,Fixation
1670925666.282794,,Eye Tracker,1178.0,362.0,Valid,Valid,Fixation
1670925666.292084,,Mouse,1179.0,362.3333333333333,,,Fixation
1670925666.3025491,,Mouse,1180.0,362.6666666666667,,,Fixation
1670925666.308739,,Eye Tracker,1181.0,363.0,Valid,Valid,Fixation
1670925666.312567,,Mouse,1183.0,364.5,,,Fixation
1670925666.322799,,Eye Tracker,1185.0,366.0,Valid,Valid,Fixation
1670925666.325393,,Mouse,1184.0,363.0,,,Fixation
1670925666.342048,,Eye Tracker,1183.0,360.0,Valid,Valid,Fixation
1670925666.342513,,Mouse,1182.0,360.5,,,Fixation
1670925666.352716,,Eye Tracker,1181.0,361.0,Valid,Valid,Fixation
1670925666.3587031,,Mouse,1179.0,364.0,,,Fixation
1670925666.372483,,Eye Tracker,1177.0,367.0,Valid,Valid,Fixation
1670925666.375357,,Mouse,1175.5,366.0,,,Fixation
1670925666.382536,,Eye Tracker,1174.0,365.0,Valid,Valid,Fixation
1670925666.3920121,,Mouse,1177.0,359.0,,,Fixation
1670925666.392623,,Eye Tracker,1180.0,353.0,Valid,Valid,Fixation
1670925666.408667,,Mouse,1181.5,353.0,,,Fixation
1670925666.412698,,Eye Tracker,1183.0,353.0,Valid,Valid,Fixation
1670925666.425322,,Mouse,1179.5,359.0,,,Fixation
1670925666.433782,,Eye Tracker,1176.0,365.0,Valid,Valid,Fixation
1670925666.441976,,Mouse,1174.5,363.0,,,Fixation
1670925666.452497,,Eye Tracker,1173.0,361.0,Valid,Valid,Fixation
1670925666.458631,,Mouse,1173.3333333333333,360.6666666666667,,,Fixation
1670925666.472503,,Mouse,1173.6666666666667,360.3333333333333,,,Fixation
1670925666.475286,,Eye Tracker,1174.0,360.0,Valid,Valid,Fixation
1670925666.482565,,Mouse,1173.5,364.5,,,Fixation
1670925666.49194,,Eye Tracker,1173.0,369.0,Valid,Valid,Fixation
1670925666.49257,,Mouse,1173.5,368.5,,,Fixation
1670925666.508595,,Eye Tracker,1174.0,368.0,Valid,Valid,Fixation
1670925666.512522,,Mouse,1174.5,366.0,,,Fixation
1670925666.52282,,Eye Tracker,1175.0,364.0,Valid,Valid,Fixation
1670925666.52525,,Mouse,1140.5,375.5,,,Saccade
1670925666.541904,,Eye Tracker,1106.0,387.0,Valid,Valid,Saccade
1670925666.5425491,,Mouse,1072.0,400.5,,,Saccade
1670925666.552752,,Eye Tracker,1038.0,414.0,Valid,Valid,Saccade
1670925666.558559,,Mouse,1023.5,416.5,,,Saccade
1670925666.563469,,Eye Tracker,1009.0,419.0,Valid,Valid,Saccade
1670925666.573517,,Mouse,1007.0,418.0,,,Fixation
1670925666.5752141,,Eye Tracker,1005.0,417.0,Valid,Valid,Fixation
1670925666.583548,,Mouse,1004.0,418.0,,,Fixation
1670925666.591869,,Mouse,1003.0,419.0,,,Fixation
1670925666.5936341,,Eye Tracker,1002.0,420.0,Valid,Valid,Fixation
1670925666.604517,,Mouse,1000.0,420.5,,,Fixation
1670925666.608524,,Eye Tracker,998.0,421.0,Valid,Valid,Fixation
1670925666.623863,,Mouse,999.5,419.0,,,Fixation
1670925666.625179,,Eye Tracker,1001.0,417.0,Valid,Valid,Fixation
1670925666.641833,,Mouse,1003.0,414.6666666666667,,,Fixation
1670925666.644535,,Mouse,1005.0,412.3333333333333,,,Fixation
1670925666.658488,,Eye Tracker,1007.0,410.0,Valid,Valid,Fixation
1670925666.663798,,Mouse,1005.5,410.0,,,Fixation
1670925666.675143,,Eye Tracker,1004.0,410.0,Valid,Valid,Fixation
1670925666.683773,,Mouse,1003.0,412.5,,,Fixation
1670925666.691798,,Eye Tracker,1002.0,415.0,Valid,Valid,Fixation
1670925666.703543,,Mouse,1004.5,408.0,,,Fixation
1670925666.708452,,Eye Tracker,1007.0,401.0,Valid,Valid,Fixation
1670925666.723731,,Mouse,1007.0,399.0,,,Fixation
1670925666.725107,,Eye Tracker,1007.0,397.0,Valid,Valid,Fixation
1670925666.734545,,Mouse,1007.0,401.3333333333333,,,Fixation
1670925666.741762,,Mouse,1007.0,405.6666666666667,,,Fixation
1670925666.744575,,Eye Tracker,1007.0,410.0,Valid,Valid,Fixation
1670925666.7547941,,Mouse,1008.5,411.0,,,Fixation
1670925666.758416,,Eye Tracker,1010.0,412.0,Valid,Valid,Fixation
1670925666.7648,,Mouse,1012.5,410.0,,,Fixation
1670925666.7750711,,Eye Tracker,1015.0,408.0,Valid,Valid,Fixation
1670925666.775496,,Mouse,1015.5,406.0,,,Fixation
1670925666.791726,,Eye Tracker,1016.0,404.0,Valid,Valid,Fixation
1670925666.794502,,Mouse,1012.3333333333334,403.0,,,Fixation
1670925666.8083801,,Mouse,1008.6666666666666,402.0,,,Fixation
1670925666.8155751,,Eye Tracker,1005.0,401.0,Valid,Valid,Fixation
1670925666.825035,,Mouse,1004.0,402.5,,,Fixation
1670925666.834513,,Eye Tracker,1003.0,404.0,Valid,Valid,Fixation
1670925666.84169,,Mouse,1004.5,408.5,,,Fixation
1670925666.844551,,Eye Tracker,1006.0,413.0,Valid,Valid,Fixation
1670925666.854612,,Mouse,1005.5,413.5,,,Fixation
1670925666.858344,,Eye Tracker,1005.0,414.0,Valid,Valid,Fixation
1670925666.8646321,,Mouse,1005.5,416.0,,,Fixation
1670925666.874999,,Eye Tracker,1006.0,418.0,Valid,Valid,Fixation
1670925666.884447,,Mouse,1007.5,417.5,,,Fixation
1670925666.891655,,Eye Tracker,1009.0,417.0,Valid,Valid,Fixation
1670925666.894594,,Mouse,1005.5,416.5,,,Fixation
1670925666.908309,,Eye Tracker,1002.0,416.0,Valid,Valid,Fixation
1670925666.914788,,Mouse,1001.0,416.5,,,Fixation
1670925666.924964,,Eye Tracker,1000.0,417.0,Valid,Valid,Fixation
1670925666.934547,,Mouse,1000.6666666666666,418.6666666666667,,,Fixation
1670925666.941619,,Mouse,1001.3333333333334,420.3333333333333,,,Fixation
1670925666.945508,,Eye Tracker,1002.0,422.0,Valid,Valid,Fixation
1670925666.9582741,,Mouse,1001.5,419.5,,,Fixation
1670925666.96448,,Eye Tracker,1001.0,417.0,Valid,Valid,Fixation
1670925666.9745271,,Mouse,998.0,413.5,,,Fixation
1670925666.9749281,,Eye Tracker,995.0,410.0,Valid,Valid,Fixation
1670925666.985823,,Mouse,996.5,414.5,,,Fixation
1670925666.991583,,Eye Tracker,998.0,419.0,Valid,Valid,Fixation
1670925667.004525,,Mouse,1001.0,421.0,,,Fixation
1670925667.008238,,Eye Tracker,1004.0,423.0,Valid,Valid,Fixation
1670925667.014621,,Mouse,1004.0,423.0,,,Fixation
1670925667.024892,,Eye Tracker,1004.0,423.0,Valid,Valid,Fixation
1670925667.034514,,Mouse,1004.0,423.5,,,Fixation
1670925667.041547,,Eye Tracker,1004.0,424.0,Valid,Valid,Fixation
1670925667.044569,,Mouse,1004.3333333333334,426.0,,,Fixation
1670925667.054756,,Mouse,1004.6666666666666,428.0,,,Fixation
1670925667.058202,,Eye Tracker,1005.0,430.0,Valid,Valid,Fixation
1670925667.074856,,Mouse,1001.0,430.0,,,Fixation
1670925667.075761,,Eye Tracker,997.0,430.0,Valid,Valid,Fixation
1670925667.085793,,Mouse,997.5,431.5,,,Fixation
1670925667.091511,,Eye Tracker,998.0,433.0,Valid,Valid,Fixation
1670925667.105726,,Mouse,998.5,435.5,,,Fixation
1670925667.108166,,Eye Tracker,999.0,438.0,Valid,Valid,Fixation
1670925667.116472,,Eye Tracker,997.0,439.0,Valid,Valid,Fixation
1670925667.12482,,Mouse,999.0,440.3333333333333,,,Fixation
1670925667.135547,,Mouse,1001.0,441.6666666666667,,,Fixation
1670925667.141475,,Eye Tracker,1003.0,443.0,Valid,Valid,Fixation
1670925667.1456351,,Eye Tracker,1002.0,439.0,Valid,Valid,Fixation
1670925667.1565971,,Mouse,1001.0,440.6666666666667,,,Fixation
1670925667.15813,,Mouse,1000.0,442.3333333333333,,,Fixation
1670925667.1747851,,Eye Tracker,999.0,444.0,Valid,Valid,Fixation
1670925667.175537,,Mouse,998.5,444.0,,,Fixation
1670925667.185646,,Eye Tracker,998.0,444.0,Valid,Valid,Fixation
1670925667.19144,,Mouse,1017.0,442.0,,,Fixation
1670925667.20552,,Eye Tracker,1036.0,440.0,Valid,Valid,Saccade
1670925667.208095,,Mouse,1047.0,444.0,,,Saccade
1670925667.215646,,Eye Tracker,1058.0,448.0,Valid,Valid,Saccade
1670925667.22475,,Mouse,1059.0,452.5,,,Fixation
1670925667.225789,,Eye Tracker,1060.0,457.0,Valid,Valid,Fixation
1670925667.241404,,Eye Tracker,1064.0,455.0,Valid,Valid,Fixation
1670925667.246436,,Mouse,1063.0,455.6666666666667,,,Fixation
1670925667.256785,,Mouse,1062.0,456.3333333333333,,,Fixation
1670925667.258059,,Eye Tracker,1061.0,457.0,Valid,Valid,Fixation
1670925667.274714,,Mouse,1054.5,458.5,,,Fixation
1670925667.276604,,Eye Tracker,1048.0,460.0,Valid,Valid,Fixation
1670925667.287794,,Mouse,1045.0,464.0,,,Fixation
1670925667.291368,,Eye Tracker,1042.0,468.0,Valid,Valid,Fixation
1670925667.306493,,Mouse,1040.0,467.0,,,Fixation
1670925667.308023,,Eye Tracker,1038.0,466.0,Valid,Valid,Fixation
1670925667.316811,,Mouse,1036.0,467.0,,,Fixation
1670925667.324678,,Eye Tracker,1034.0,468.0,Valid,Valid,Fixation
1670925667.3275511,,Mouse,1035.5,471.5,,,Fixation
1670925667.341332,,Eye Tracker,1037.0,475.0,Valid,Valid,Fixation
1670925667.346646,,Mouse,1036.6666666666667,470.6666666666667,,,Fixation
1670925667.356657,,Mouse,1036.3333333333333,466.3333333333333,,,Fixation
1670925667.357987,,Eye Tracker,1036.0,462.0,Valid,Valid,Fixation
1670925667.367511,,Mouse,1035.5,461.5,,,Fixation
1670925667.3746421,,Eye Tracker,1035.0,461.0,Valid,Valid,Fixation
1670925667.3865461,,Mouse,1035.0,462.0,,,Fixation
1670925667.3912961,,Eye Tracker,1035.0,463.0,Valid,Valid,Fixation
1670925667.406768,,Mouse,1033.3333333333333,464.3333333333333,,,Fixation
1670925667.407951,,Mouse,1031.6666666666667,465.6666666666667,,,Fixation
1670925667.424606,,Eye Tracker,1030.0,467.0,Valid,Valid,Fixation
1670925667.42657,,Mouse,1027.5,465.5,,,Fixation
1670925667.44126,,Eye Tracker,1025.0,464.0,Valid,Valid,Fixation
1670925667.446746,,Mouse,1016.0,465.5,,,Fixation
1670925667.457683,,Eye Tracker,1007.0,467.0,Valid,Valid,Fixation
1670925667.457915,,Mouse,983.0,497.0,,,Fixation
1670925667.474571,,Eye Tracker,959.0,527.0,Valid,Valid,Saccade
1670925667.476457,,Mouse,944.0,544.6666666666666,,,Saccade
1670925667.486577,,Mouse,929.0,562.3333333333334,,,Saccade
1670925667.491226,,Eye Tracker,914.0,580.0,Valid,Valid,Saccade
1670925667.4975061,,Mouse,899.5,589.5,,,Saccade
1670925667.50788,,Eye Tracker,885.0,599.0,Valid,Valid,Saccade
1670925667.516659,,Mouse,886.0,600.0,,,Fixation
1670925667.524535,,Eye Tracker,887.0,601.0,Valid,Valid,Fixation
1670925667.537802,,Mouse,888.0,602.3333333333334,,,Fixation
1670925667.5411901,,Mouse,889.0,603.6666666666666,,,Fixation
1670925667.557844,,Eye Tracker,890.0,605.0,Valid,Valid,Fixation
1670925667.566509,,Mouse,892.5,606.5,,,Fixation
1670925667.5744991,,Eye Tracker,895.0,608.0,Valid,Valid,Fixation
1670925667.576776,,Mouse,895.5,608.5,,,Fixation
1670925667.587784,,Eye Tracker,896.0,609.0,Valid,Valid,Fixation
1670925667.591154,,Mouse,895.6666666666666,609.3333333333334,,,Fixation
1670925667.607808,,Mouse,895.3333333333334,609.6666666666666,,,Fixation
1670925667.624463,,Eye Tracker,895.0,610.0,Valid,Valid,Fixation
1670925667.628536,,Eye Tracker,899.0,613.0,Valid,Valid,Fixation
1670925667.641118,,Mouse,898.6666666666666,611.3333333333334,,,Fixation
1670925667.647778,,Mouse,898.3333333333334,609.6666666666666,,,Fixation
1670925667.657772,,Eye Tracker,898.0,608.0,Valid,Valid,Fixation
1670925667.668585,,Mouse,891.5,607.0,,,Fixation
1670925667.674427,,Eye Tracker,885.0,606.0,Valid,Valid,Fixation
1670925667.68775,,Mouse,883.0,609.0,,,Fixation
1670925667.691082,,Eye Tracker,881.0,612.0,Valid,Valid,Fixation
1670925667.707735,,Mouse,860.0,629.0,,,Fixation
1670925667.7086391,,Eye Tracker,839.0,646.0,Valid,Valid,Saccade
1670925667.72439,,Mouse,826.3333333333334,655.3333333333334,,,Saccade
1670925667.727543,,Mouse,813.6666666666666,664.6666666666666,,,Saccade
1670925667.73778,,Eye Tracker,801.0,674.0,Valid,Valid,Saccade
1670925667.741045,,Eye Tracker,789.0,683.0,Valid,Valid,Fixation
1670925667.7577,,Mouse,786.6666666666666,685.0,,,Fixation
1670925667.758532,,Mouse,784.3333333333334,687.0,,,Fixation
1670925667.774355,,Eye Tracker,782.0,689.0,Valid,Valid,Fixation
1670925667.778534,,Mouse,784.5,685.5,,,Fixation
1670925667.7910101,,Eye Tracker,787.0,682.0,Valid,Valid,Fixation
1670925667.799642,,Mouse,789.0,681.0,,,Fixation
1670925667.807665,,Eye Tracker,791.0,680.0,Valid,Valid,Fixation
1670925667.8185081,,Mouse,789.0,677.0,,,Fixation
1670925667.8243191,,Eye Tracker,787.0,674.0,Valid,Valid,Fixation
1670925667.828515,,Mouse,787.0,672.5,,,Fixation
1670925667.839817,,Eye Tracker,787.0,671.0,Valid,Valid,Fixation
1670925667.840974,,Mouse,786.0,675.0,,,Fixation
1670925667.857629,,Eye Tracker,785.0,679.0,Valid,Valid,Fixation
1670925667.858548,,Mouse,785.0,679.0,,,Fixation
1670925667.868637,,Mouse,785.0,679.0,,,Fixation
1670925667.874283,,Eye Tracker,785.0,679.0,Valid,Valid,Fixation
1670925667.879637,,Mouse,792.0,677.0,,,Fixation
1670925667.890938,,Eye Tracker,799.0,675.0,Valid,Valid,Fixation
1670925667.898525,,Mouse,800.0,675.0,,,Fixation
1670925667.907593,,Eye Tracker,801.0,675.0,Valid,Valid,Fixation
1670925667.908748,,Mouse,801.5,676.0,,,Fixation
1670925667.91972,,Eye Tracker,802.0,677.0,Valid,Valid,Fixation
1670925667.924247,,Mouse,802.0,676.5,,,Fixation
1670925667.938616,,Eye Tracker,802.0,676.0,Valid,Valid,Fixation
1670925667.940902,,Mouse,800.5,674.5,,,Fixation
1670925667.948674,,Eye Tracker,799.0,673.0,Valid,Valid,Fixation
1670925667.957557,,Mouse,799.0,673.6666666666666,,,Fixation
1670925667.974211,,Mouse,799.0,674.3333333333334,,,Fixation
1670925667.9785411,,Eye Tracker,799.0,675.0,Valid,Valid,Fixation
1670925667.990866,,Mouse,798.5,677.0,,,Fixation
1670925667.998536,,Eye Tracker,798.0,679.0,Valid,Valid,Fixation
1670925668.007521,,Mouse,797.5,680.0,,,Fixation
1670925668.0096571,,Eye Tracker,797.0,681.0,Valid,Valid,Fixation
1670925668.024175,,Mouse,797.0,682.5,,,Fixation
1670925668.028438,,Eye Tracker,797.0,684.0,Valid,Valid,Fixation
1670925668.038783,,Mouse,796.6666666666666,683.6666666666666,,,Fixation
1670925668.040829,,Mouse,796.3333333333334,683.3333333333334,,,Fixation
1670925668.049494,,Eye Tracker,796.0,683.0,Valid,Valid,Fixation
1670925668.057484,,Mouse,793.0,681.0,,,Fixation
1670925668.06873,,Eye Tracker,790.0,679.0,Valid,Valid,Fixation
1670925668.07414,,Mouse,791.5,678.0,,,Fixation
1670925668.090794,,Eye Tracker,793.0,677.0,Valid,Valid,Fixation
1670925668.0994961,,Mouse,796.0,675.5,,,Fixation
1670925668.107449,,Eye Tracker,799.0,674.0,Valid,Valid,Fixation
1670925668.109718,,Mouse,798.5,674.0,,,Fixation
1670925668.124104,,Eye Tracker,798.0,674.0,Valid,Valid,Fixation
1670925668.140758,,Mouse,796.5,677.0,,,Fixation
1670925668.157413,,Eye Tracker,795.0,680.0,Valid,Valid,Fixation
1670925668.174068,,Mouse,796.5,680.5,,,Fixation
1670925668.190722,,Eye Tracker,798.0,681.0,Valid,Valid,Fixation
1670925668.207377,,Mouse,796.0,681.3333333333334,,,Fixation
1670925668.224032,,Mouse,794.0,681.6666666666666,,,Fixation
1670925668.240686,,Eye Tracker,792.0,682.0,Valid,Valid,Fixation
1670925668.2573411,,Mouse,790.0,683.0,,,Fixation
1670925668.273996,,Eye Tracker,788.0,684.0,Valid,Valid,Fixation
1670925668.2906501,,Mouse,788.0,685.5,,,Fixation
1670925668.301519,,Eye Tracker,788.0,687.0,Valid,Valid,Fixation
1670925668.3073041,,Mouse,788.0,686.0,,,Fixation
1670925668.32396,,Eye Tracker,788.0,685.0,Valid,Valid,Fixation
1670925668.340614,,Mouse,788.6666666666666,685.3333333333334,,,Fixation
1670925668.357268,,Mouse,789.3333333333334,685.6666666666666,,,Fixation
1670925668.359629,,Eye Tracker,790.0,686.0,Valid,Valid,Fixation
1670925668.359629,,Mouse,792.0,687.0,,,Fixation
1670925668.373924,,Eye Tracker,794.0,688.0,Valid,Valid,Fixation
1670925668.390579,,Mouse,794.5,690.5,,,Fixation
1670925668.407233,,Eye Tracker,795.0,693.0,Valid,Valid,Fixation
1670925668.423888,,Mouse,794.3333333333334,693.6666666666666,,,Fixation
1670925668.440543,,Mouse,793.6666666666666,694.3333333333334,,,Fixation
1670925668.457197,,Eye Tracker,793.0,695.0,Valid,Valid,Fixation
1670925668.473852,,Eye Tracker,789.0,689.0,Valid,Valid,Fixation
1670925668.481533,,Mouse,788.3333333333334,689.3333333333334,,,Fixation
1670925668.4905071,,Mouse,787.6666666666666,689.6666666666666,,,Fixation
1670925668.5071611,,Eye Tracker,787.0,690.0,Valid,Valid,Fixation
1670925668.51077,,Mouse,789.3333333333334,691.3333333333334,,,Fixation
1670925668.523816,,Mouse,791.6666666666666,692.6666666666666,,,Fixation
1670925668.530741,,Eye Tracker,794.0,694.0,Valid,Valid,Fixation
1670925668.540471,,Eye Tracker,797.0,694.0,Valid,Valid,Fixation
1670925668.550524,,Mouse,795.6666666666666,691.3333333333334,,,Fixation
1670925668.557126,,Mouse,794.3333333333334,688.6666666666666,,,Fixation
1670925668.570561,,Eye Tracker,793.0,686.0,Valid,Valid,Fixation
1670925668.57378,,Mouse,794.0,685.5,,,Fixation
1670925668.580642,,Eye Tracker,795.0,685.0,Valid,Valid,Fixation
1670925668.590434,,Mouse,798.5,688.0,,,Fixation
1670925668.60155,,Eye Tracker,802.0,691.0,Valid,Valid,Fixation
1670925668.607089,,Mouse,801.3333333333334,690.6666666666666,,,Fixation
1670925668.621546,,Mouse,800.6666666666666,690.3333333333334,,,Fixation
1670925668.623743,,Eye Tracker,800.0,690.0,Valid,Valid,Fixation
1670925668.640398,,Mouse,799.0,691.5,,,Fixation
1670925668.642683,,Eye Tracker,798.0,693.0,Valid,Valid,Fixation
1670925668.657053,,Mouse,798.0,695.5,,,Fixation
1670925668.661485,,Eye Tracker,798.0,698.0,Valid,Valid,Fixation
1670925668.671549,,Mouse,799.0,697.0,,,Fixation
1670925668.673708,,Eye Tracker,800.0,696.0,Valid,Valid,Fixation
1670925668.690363,,Mouse,800.5,697.0,,,Fixation
1670925668.692449,,Eye Tracker,801.0,698.0,Valid,Valid,Fixation
1670925668.7070181,,Mouse,805.0,704.0,,,Fixation
1670925668.711611,,Eye Tracker,809.0,710.0,Valid,Valid,Fixation
1670925668.723672,,Eye Tracker,808.0,708.0,Valid,Valid,Fixation
1670925668.731621,,Mouse,807.3333333333334,704.6666666666666,,,Fixation
1670925668.7403271,,Mouse,806.6666666666666,701.3333333333334,,,Fixation
1670925668.751537,,Eye Tracker,806.0,698.0,Valid,Valid,Fixation
1670925668.756982,,Eye Tracker,790.0,700.0,Valid,Valid,Fixation
1670925668.772648,,Eye Tracker,785.0,697.0,Valid,Valid,Fixation
1670925668.773636,,Mouse,784.5,696.0,,,Fixation
1670925668.790291,,Eye Tracker,784.0,695.0,Valid,Valid,Fixation
1670925668.792462,,Eye Tracker,777.0,685.0,Valid,Valid,Fixation
1670925668.80262,,Mouse,776.5,684.5,,,Fixation
1670925668.806946,,Eye Tracker,776.0,684.0,Valid,Valid,Fixation
1670925668.823505,,Eye Tracker,773.0,687.0,Valid,Valid,Fixation
1670925668.823601,,Eye Tracker,774.0,689.0,Valid,Valid,Fixation
1670925668.840255,,Eye Tracker,776.0,697.0,Valid,Valid,Fixation
1670925668.842462,,Eye Tracker,776.0,696.0,Valid,Valid,Fixation
1670925668.852536,,Mouse,779.0,693.0,,,Fixation
1670925668.85691,,Eye Tracker,782.0,690.0,Valid,Valid,Fixation
1670925668.863768,,Eye Tracker,786.0,691.0,Valid,Valid,Fixation
1670925668.873565,,Eye Tracker,778.0,686.0,Valid,Valid,Fixation
1670925668.882523,,Eye Tracker,780.0,685.0,Valid,Valid,Fixation
1670925668.890218,,Mouse,778.5,686.0,,,Fixation
1670925668.902533,,Eye Tracker,777.0,687.0,Valid,Valid,Fixation
1670925668.906873,,Eye Tracker,774.0,683.0,Valid,Valid,Fixation
1670925668.922503,,Eye Tracker,773.0,680.0,Valid,Valid,Fixation
1670925668.923528,,Mouse,772.0,680.5,,,Fixation
1670925668.932563,,Eye Tracker,771.0,681.0,Valid,Valid,Fixation
1670925668.940182,,Eye Tracker,769.0,682.0,Valid,Valid,Fixation
1670925668.952528,,Mouse,768.5,682.0,,,Fixation
1670925668.956837,,Eye Tracker,768.0,682.0,Valid,Valid,Fixation
1670925668.9728,,Eye Tracker,768.0,681.0,Valid,Valid,Fixation
1670925668.973493,,Mouse,769.5,680.5,,,Fixation
1670925668.990147,,Eye Tracker,771.0,680.0,Valid,Valid,Fixation
1670925668.993514,,Eye Tracker,775.0,677.0,Valid,Valid,Fixation
1670925669.006802,,Mouse,775.5,675.5,,,Fixation
1670925669.0125241,,Eye Tracker,776.0,674.0,Valid,Valid,Fixation
1670925669.023457,,Eye Tracker,770.0,674.0,Valid,Valid,Fixation
1670925669.032523,,Eye Tracker,770.0,675.0,Valid,Valid,Fixation
1670925669.040111,,Mouse,770.0,676.5,,,Fixation
1670925669.042703,,Eye Tracker,770.0,678.0,Valid,Valid,Fixation
1670925669.056766,,Eye Tracker,770.0,677.0,Valid,Valid,Fixation
1670925669.062746,,Eye Tracker,771.0,675.0,Valid,Valid,Fixation
1670925669.073421,,Eye Tracker,769.0,671.0,Valid,Valid,Fixation
1670925669.082511,,Mouse,770.0,671.0,,,Fixation
1670925669.090076,,Eye Tracker,771.0,671.0,Valid,Valid,Fixation
1670925669.092537,,Mouse,773.0,671.5,,,Fixation
1670925669.10673,,Eye Tracker,775.0,672.0,Valid,Valid,Fixation
1670925669.112503,,Mouse,773.5,670.5,,,Fixation
1670925669.123385,,Eye Tracker,772.0,669.0,Valid,Valid,Fixation
1670925669.123507,,Eye Tracker,770.0,672.0,Valid,Valid,Fixation
1670925669.133643,,Mouse,770.5,668.5,,,Fixation
1670925669.14004,,Eye Tracker,771.0,665.0,Valid,Valid,Fixation
1670925669.15351,,Eye Tracker,775.0,667.0,Valid,Valid,Fixation
1670925669.156694,,Eye Tracker,779.0,668.0,Valid,Valid,Fixation
1670925669.1645281,,Mouse,777.5,668.0,,,Fixation
1670925669.173348,,Eye Tracker,776.0,668.0,Valid,Valid,Fixation
1670925669.183516,,Mouse,774.5,669.0,,,Fixation
1670925669.190003,,Eye Tracker,773.0,670.0,Valid,Valid,Fixation
1670925669.203511,,Eye Tracker,773.0,670.0,Valid,Valid,Fixation
1670925669.206657,,Mouse,773.0,670.5,,,Fixation
1670925669.2233121,,Eye Tracker,773.0,671.0,Valid,Valid,Fixation
1670925669.223536,,Eye Tracker,773.0,670.0,Valid,Valid,Fixation
1670925669.239967,,Eye Tracker,775.0,671.0,Valid,Valid,Fixation
1670925669.2435381,,Mouse,775.5,670.5,,,Fixation
1670925669.256622,,Eye Tracker,776.0,670.0,Valid,Valid,Fixation
1670925669.263765,,Mouse,776.0,669.0,,,Fixation
1670925669.273277,,Eye Tracker,776.0,668.0,Valid,Valid,Fixation
1670925669.2835171,,Eye Tracker,774.0,673.0,Valid,Valid,Fixation
1670925669.289932,,Eye Tracker,767.0,671.0,Valid,Valid,Fixation
1670925669.294528,,Mouse,770.0,670.0,,,Fixation
1670925669.3046181,,Eye Tracker,773.0,669.0,Valid,Valid,Fixation
1670925669.306586,,Eye Tracker,770.0,670.0,Valid,Valid,Fixation
1670925669.323241,,Mouse,769.0,669.0,,,Fixation
1670925669.324774,,Eye Tracker,768.0,668.0,Valid,Valid,Fixation
1670925669.335773,,Eye Tracker,775.0,661.0,Valid,Valid,Fixation
1670925669.339896,,Eye Tracker,775.0,659.0,Valid,Valid,Fixation
1670925669.354511,,Mouse,772.5,663.5,,,Fixation
1670925669.356551,,Eye Tracker,770.0,668.0,Valid,Valid,Fixation
1670925669.364552,,Mouse,770.0,669.0,,,Fixation
1670925669.373205,,Eye Tracker,770.0,670.0,Valid,Valid,Fixation
1670925669.384506,,Eye Tracker,768.0,677.0,Valid,Valid,Fixation
1670925669.38986,,Mouse,769.0,679.0,,,Fixation
1670925669.394552,,Eye Tracker,770.0,681.0,Valid,Valid,Fixation
1670925669.404728,,Eye Tracker,777.0,678.0,Valid,Valid,Fixation
1670925669.4065151,,Mouse,775.5,673.0,,,Fixation
1670925669.4231691,,Eye Tracker,774.0,668.0,Valid,Valid,Fixation
1670925669.424524,,Eye Tracker,777.0,666.0,Valid,Valid,Fixation
1670925669.439824,,Mouse,776.5,669.0,,,Fixation
1670925669.444503,,Eye Tracker,776.0,672.0,Valid,Valid,Fixation
1670925669.454778,,Eye Tracker,769.0,665.0,Valid,Valid,Fixation
1670925669.456479,,Eye Tracker,772.0,670.0,Valid,Valid,Fixation
1670925669.4731321,,Eye Tracker,779.0,672.0,Valid,Valid,Fixation
1670925669.474535,,Eye Tracker,780.0,670.0,Valid,Valid,Fixation
1670925669.489787,,Eye Tracker,769.0,671.0,Valid,Valid,Fixation
1670925669.494778,,Eye Tracker,768.0,670.0,Valid,Valid,Fixation
1670925669.505525,,Eye Tracker,780.0,668.0,Valid,Valid,Fixation
1670925669.506442,,Mouse,781.0,668.0,,,Fixation
1670925669.523096,,Eye Tracker,782.0,668.0,Valid,Valid,Fixation
1670925669.524417,,Mouse,776.0,668.0,,,Fixation
1670925669.534441,,Eye Tracker,770.0,668.0,Valid,Valid,Fixation
1670925669.539751,,Eye Tracker,772.0,666.0,Valid,Valid,Fixation
1670925669.544516,,Mouse,775.0,669.5,,,Fixation
1670925669.554528,,Eye Tracker,778.0,673.0,Valid,Valid,Fixation
1670925669.556407,,Eye Tracker,778.0,678.0,Valid,Valid,Fixation
1670925669.573061,,Mouse,780.0,678.5,,,Fixation
1670925669.574483,,Eye Tracker,782.0,679.0,Valid,Valid,Fixation
1670925669.584518,,Eye Tracker,778.0,674.0,Valid,Valid,Fixation
1670925669.589716,,Mouse,776.0,670.0,,,Fixation
1670925669.594662,,Eye Tracker,774.0,666.0,Valid,Valid,Fixation
1670925669.606371,,Mouse,774.75,665.25,,,Fixation
1670925669.614513,MouseEvent,,775.5,664.5,,,Fixation
1670925669.6230261,,Mouse,776.25,663.75,,,Fixation
1670925669.624536,,Eye Tracker,777.0,663.0,Valid,Valid,Fixation
1670925669.635552,,Mouse,776.5,663.5,,,Fixation
1670925669.6396801,,Eye Tracker,776.0,664.0,Valid,Valid,Fixation
1670925669.655558,,Mouse,778.0,666.5,,,Fixation
1670925669.656334,,Eye Tracker,780.0,669.0,Valid,Valid,Fixation
1670925669.67299,,Mouse,782.5,667.0,,,Fixation
1670925669.6764991,,Eye Tracker,785.0,665.0,Valid,Valid,Fixation
1670925669.689644,,Eye Tracker,779.0,665.0,Valid,Valid,Fixation
1670925669.695511,,Mouse,779.0,667.0,,,Fixation
1670925669.705547,,Eye Tracker,779.0,669.0,Valid,Valid,Fixation
1670925669.706299,,Eye Tracker,779.0,669.0,Valid,Valid,Fixation
1670925669.722954,,Mouse,778.6666666666666,669.6666666666666,,,Fixation
1670925669.725766,,Mouse,778.3333333333334,670.3333333333334,,,Fixation
1670925669.739608,,Eye Tracker,778.0,671.0,Valid,Valid,Fixation
1670925669.745533,,Eye Tracker,777.0,669.0,Valid,Valid,Fixation
1670925669.7555501,,Mouse,777.0,673.0,,,Fixation
1670925669.756263,,Eye Tracker,777.0,677.0,Valid,Valid,Fixation
1670925669.765778,,Mouse,777.5,675.5,,,Fixation
1670925669.772917,,Eye Tracker,778.0,674.0,Valid,Valid,Fixation
1670925669.785661,,Eye Tracker,777.0,678.0,Valid,Valid,Fixation
1670925669.789571,,Eye Tracker,779.0,679.0,Valid,Valid,Fixation
1670925669.806226,,Mouse,777.0,676.0,,,Fixation
1670925669.806506,,Eye Tracker,775.0,673.0,Valid,Valid,Fixation
1670925669.816509,,Eye Tracker,779.0,676.0,Valid,Valid,Fixation
1670925669.822881,,Eye Tracker,776.0,673.0,Valid,Valid,Fixation
1670925669.826764,,Eye Tracker,775.0,670.0,Valid,Valid,Fixation
1670925669.839535,,Mouse,778.0,668.0,,,Fixation
1670925669.8475041,,Eye Tracker,781.0,666.0,Valid,Valid,Fixation
1670925669.856191,,Eye Tracker,782.0,664.0,Valid,Valid,Fixation
1670925669.866654,,Eye Tracker,781.0,674.0,Valid,Valid,Fixation
1670925669.8728461,,Eye Tracker,827.0,655.0,Valid,Valid,Saccade
1670925669.886502,,Eye Tracker,979.0,590.0,Valid,Valid,Saccade
1670925669.889501,MouseEvent,,1009.0,575.6666666666666,,,Saccade
1670925669.896554,,Mouse,1039.0,561.3333333333334,,,Saccade
1670925669.906155,,Eye Tracker,1069.0,547.0,Valid,Valid,Saccade
1670925669.916575,,Eye Tracker,1134.0,518.0,Valid,Valid,Saccade
1670925669.9228091,,Eye Tracker,1141.0,516.0,Valid,Valid,Fixation
1670925669.9364831,,Eye Tracker,1141.0,508.0,Valid,Valid,Fixation
1670925669.939464,,Eye Tracker,1141.0,512.0,Valid,Valid,Fixation
1670925669.946513,,Mouse,1137.6666666666667,516.3333333333334,,,Fixation
1670925669.956118,,Mouse,1134.3333333333333,520.6666666666666,,,Fixation
1670925669.956656,,Eye Tracker,1131.0,525.0,Valid,Valid,Fixation
1670925669.972773,,Mouse,1127.0,524.5,,,Fixation
1670925669.976471,,Eye Tracker,1123.0,524.0,Valid,Valid,Fixation
1670925669.986564,,Mouse,1121.5,523.5,,,Fixation
1670925669.989428,,Eye Tracker,1120.0,523.0,Valid,Valid,Fixation
1670925670.006082,,Mouse,1118.0,526.5,,,Fixation
1670925670.006493,,Eye Tracker,1116.0,530.0,Valid,Valid,Fixation
1670925670.017508,,Mouse,1117.5,528.0,,,Fixation
1670925670.022738,,Eye Tracker,1119.0,526.0,Valid,Valid,Fixation
1670925670.036528,,Mouse,1120.5,527.0,,,Fixation
1670925670.039393,,Eye Tracker,1122.0,528.0,Valid,Valid,Fixation
1670925670.056046,,Mouse,1122.3333333333333,528.0,,,Fixation
1670925670.056817,,Mouse,1122.6666666666667,528.0,,,Fixation
1670925670.072701,,Eye Tracker,1123.0,528.0,Valid,Valid,Fixation
1670925670.076461,,Mouse,1122.5,523.5,,,Fixation
1670925670.089356,,Eye Tracker,1122.0,519.0,Valid,Valid,Fixation
1670925670.096537,,Eye Tracker,1092.0,518.0,Valid,Valid,Saccade
1670925670.10601,,Eye Tracker,1027.0,500.0,Valid,Valid,Saccade
1670925670.116518,,Eye Tracker,938.0,462.0,Valid,Valid,Saccade
1670925670.122665,,Eye Tracker,907.0,460.0,Valid,Valid,Saccade
1670925670.126748,,Eye Tracker,896.0,459.0,Valid,Valid,Fixation
1670925670.1393201,,Eye Tracker,898.0,459.0,Valid,Valid,Fixation
1670925670.147481,,Eye Tracker,903.0,462.0,Valid,Valid,Fixation
1670925670.155976,,Eye Tracker,904.0,464.0,Valid,Valid,Fixation
1670925670.157774,,Eye Tracker,908.0,467.0,Valid,Valid,Fixation
1670925670.17263,,Eye Tracker,910.0,466.0,Valid,Valid,Fixation
1670925670.177504,,Eye Tracker,915.0,459.0,Valid,Valid,Fixation
1670925670.188495,,Eye Tracker,914.0,455.0,Valid,Valid,Fixation
1670925670.189285,,Eye Tracker,909.0,460.0,Valid,Valid,Fixation
1670925670.205939,,Mouse,914.0,462.5,,,Fixation
1670925670.2074711,,Eye Tracker,919.0,465.0,Valid,Valid,Fixation
1670925670.217503,,Eye Tracker,974.0,478.0,Valid,Valid,Saccade
1670925670.222593,,Mouse,997.0,485.6666666666667,,,Saccade
1670925670.228573,,Mouse,1020.0,493.3333333333333,,,Saccade
1670925670.239248,,Eye Tracker,1043.0,501.0,Valid,Valid,Saccade
1670925670.247791,,Mouse,1062.0,508.0,,,Saccade
1670925670.255903,,Mouse,1081.0,515.0,,,Saccade
1670925670.267517,,Eye Tracker,1100.0,522.0,Valid,Valid,Saccade
1670925670.272557,,Mouse,1103.5,524.5,,,Fixation
1670925670.2875361,,Eye Tracker,1107.0,527.0,Valid,Valid,Fixation
1670925670.289212,,Mouse,1103.0,528.0,,,Fixation
1670925670.305867,,Eye Tracker,1099.0,529.0,Valid,Valid,Fixation
1670925670.307493,,Mouse,1098.6666666666667,527.3333333333334,,,Fixation
1670925670.318763,,Mouse,1098.3333333333333,525.6666666666666,,,Fixation
1670925670.322521,,Eye Tracker,1098.0,524.0,Valid,Valid,Fixation
1670925670.338515,,Eye Tracker,1102.0,517.0,Valid,Valid,Fixation
1670925670.339176,,Mouse,1099.6666666666667,516.3333333333334,,,Fixation
1670925670.3558311,,Mouse,1097.3333333333333,515.6666666666666,,,Fixation
1670925670.35956,,Eye Tracker,1095.0,515.0,Valid,Valid,Fixation
1670925670.372485,,Mouse,1094.5,513.0,,,Fixation
1670925670.378537,,Eye Tracker,1094.0,511.0,Valid,Valid,Fixation
1670925670.3887281,,Eye Tracker,1094.0,508.0,Valid,Valid,Fixation
1670925670.3891401,,Mouse,1093.0,502.5,,,Fixation
1670925670.399481,,Eye Tracker,1092.0,497.0,Valid,Valid,Fixation
1670925670.405795,,Mouse,1094.0,495.0,,,Fixation
1670925670.418728,,Eye Tracker,1096.0,493.0,Valid,Valid,Fixation
1670925670.42245,,Mouse,1089.0,503.5,,,Fixation
1670925670.438474,,Eye Tracker,1082.0,514.0,Valid,Valid,Fixation
1670925670.439104,,Eye Tracker,1115.0,514.0,Valid,Valid,Fixation
1670925670.448716,,Mouse,1178.5,504.0,,,Fixation
1670925670.45576,,Eye Tracker,1242.0,494.0,Valid,Valid,Saccade
1670925670.4587731,,Mouse,1285.5,485.0,,,Saccade
1670925670.472415,,Eye Tracker,1329.0,476.0,Valid,Valid,Saccade
1670925670.478482,,Mouse,1347.5,471.0,,,Saccade
1670925670.488702,,Eye Tracker,1366.0,466.0,Valid,Valid,Saccade
1670925670.489068,,Eye Tracker,1373.0,465.0,Valid,Valid,Fixation
1670925670.505723,,Mouse,1374.5,464.5,,,Fixation
1670925670.508439,,Eye Tracker,1376.0,464.0,Valid,Valid,Fixation
1670925670.518562,,Mouse,1373.6666666666667,464.6666666666667,,,Fixation
1670925670.522378,,Mouse,1371.3333333333333,465.3333333333333,,,Fixation
1670925670.5294971,,Eye Tracker,1369.0,466.0,Valid,Valid,Fixation
1670925670.539032,,Mouse,1367.5,473.0,,,Fixation
1670925670.548501,,Eye Tracker,1366.0,480.0,Valid,Valid,Fixation
1670925670.555687,,Mouse,1365.5,480.0,,,Fixation
1670925670.558532,,Eye Tracker,1365.0,480.0,Valid,Valid,Fixation
1670925670.569504,,Mouse,1366.6666666666667,478.0,,,Fixation
1670925670.572342,,Mouse,1368.3333333333333,476.0,,,Fixation
1670925670.588996,,Eye Tracker,1370.0,474.0,Valid,Valid,Fixation
1670925670.598478,,Mouse,1377.0,469.0,,,Fixation
1670925670.6056511,,Eye Tracker,1384.0,464.0,Valid,Valid,Fixation
1670925670.608539,,Mouse,1402.0,453.5,,,Saccade
1670925670.618558,,Eye Tracker,1420.0,443.0,Valid,Valid,Saccade
1670925670.622306,,Mouse,1428.3333333333333,439.6666666666667,,,Saccade
1670925670.6385,,Mouse,1436.6666666666667,436.3333333333333,,,Saccade
1670925670.6389601,,Eye Tracker,1445.0,433.0,Valid,Valid,Saccade
1670925670.648778,,Eye Tracker,1450.0,420.0,Valid,Valid,Fixation
1670925670.655615,,Mouse,1449.3333333333333,419.3333333333333,,,Fixation
1670925670.659524,,Mouse,1448.6666666666667,418.6666666666667,,,Fixation
1670925670.67227,,Eye Tracker,1448.0,418.0,Valid,Valid,Fixation
1670925670.679485,,Mouse,1448.5,419.0,,,Fixation
1670925670.688925,,Eye Tracker,1449.0,420.0,Valid,Valid,Fixation
1670925670.689796,,Mouse,1446.5,422.0,,,Fixation
1670925670.7005231,,Eye Tracker,1444.0,424.0,Valid,Valid,Fixation
1670925670.705579,,Mouse,1442.6666666666667,425.3333333333333,,,Fixation
1670925670.71978,,Mouse,1441.3333333333333,426.6666666666667,,,Fixation
1670925670.722234,,Eye Tracker,1440.0,428.0,Valid,Valid,Fixation
1670925670.738889,,Mouse,1438.5,427.5,,,Fixation
1670925670.740444,,Eye Tracker,1437.0,427.0,Valid,Valid,Fixation
1670925670.755543,,Mouse,1436.0,428.0,,,Fixation
1670925670.759517,,Eye Tracker,1435.0,429.0,Valid,Valid,Fixation
1670925670.772198,,Mouse,1435.5,427.0,,,Fixation
1670925670.779592,,Eye Tracker,1436.0,425.0,Valid,Valid,Fixation
1670925670.788853,,Mouse,1438.0,421.5,,,Fixation
1670925670.789668,,Eye Tracker,1440.0,418.0,Valid,Valid,Fixation
1670925670.805507,,Mouse,1439.0,416.5,,,Fixation
1670925670.809516,,Eye Tracker,1438.0,415.0,Valid,Valid,Fixation
1670925670.81984,,Mouse,1436.0,409.5,,,Fixation
1670925670.822162,,Eye Tracker,1434.0,404.0,Valid,Valid,Fixation
1670925670.830544,,Mouse,1435.3333333333333,405.3333333333333,,,Fixation
1670925670.8388171,,Mouse,1436.6666666666667,406.6666666666667,,,Fixation
1670925670.850518,,Eye Tracker,1438.0,408.0,Valid,Valid,Fixation
1670925670.8554711,,Mouse,1436.5,412.5,,,Fixation
1670925670.871459,,Eye Tracker,1435.0,417.0,Valid,Valid,Fixation
1670925670.872126,,Mouse,1431.5,415.0,,,Fixation
1670925670.888781,,Eye Tracker,1428.0,413.0,Valid,Valid,Fixation
1670925670.890541,,Mouse,1429.0,413.0,,,Fixation
1670925670.905435,,Mouse,1430.0,413.0,,,Fixation
1670925670.9115071,,Eye Tracker,1431.0,413.0,Valid,Valid,Fixation
1670925670.92209,,Mouse,1429.5,412.5,,,Fixation
1670925670.93049,,Eye Tracker,1428.0,412.0,Valid,Valid,Fixation
1670925670.938745,,Mouse,1427.5,412.0,,,Fixation
1670925670.950786,,Eye Tracker,1427.0,412.0,Valid,Valid,Fixation
1670925670.9554,,Mouse,1428.5,415.0,,,Fixation
1670925670.970509,,Eye Tracker,1430.0,418.0,Valid,Valid,Fixation
1670925670.972054,,Mouse,1428.5,416.0,,,Fixation
1670925670.980544,,Eye Tracker,1427.0,414.0,Valid,Valid,Fixation
1670925670.988709,,Mouse,1428.0,411.0,,,Fixation
1670925671.000497,,Eye Tracker,1429.0,408.0,Valid,Valid,Fixation
1670925671.005364,,Mouse,1432.0,408.5,,,Fixation
1670925671.010513,,Eye Tracker,1435.0,409.0,Valid,Valid,Fixation
1670925671.020793,,Mouse,1432.5,411.0,,,Fixation
1670925671.022018,,Eye Tracker,1430.0,413.0,Valid,Valid,Fixation
1670925671.038673,,Mouse,1429.3333333333333,417.6666666666667,,,Fixation
1670925671.041567,,Mouse,1428.6666666666667,422.3333333333333,,,Fixation
1670925671.0553281,,Eye Tracker,1428.0,427.0,Valid,Valid,Fixation
1670925671.060474,,Mouse,1428.5,424.5,,,Fixation
1670925671.070485,,Eye Tracker,1429.0,422.0,Valid,Valid,Fixation
1670925671.0719821,,Mouse,1429.0,415.0,,,Fixation
1670925671.081762,,Eye Tracker,1429.0,408.0,Valid,Valid,Fixation
1670925671.088637,,Mouse,1429.5,408.0,,,Fixation
1670925671.100504,,Eye Tracker,1430.0,408.0,Valid,Valid,Fixation
1670925671.105292,,Mouse,1431.5,408.0,,,Fixation
1670925671.11083,,Eye Tracker,1433.0,408.0,Valid,Valid,Fixation
1670925671.120924,,Mouse,1430.5,407.0,,,Fixation
1670925671.121946,,Eye Tracker,1428.0,406.0,Valid,Valid,Fixation
1670925671.138601,,Mouse,1427.0,406.0,,,Fixation
1670925671.140634,,Eye Tracker,1426.0,406.0,Valid,Valid,Fixation
1670925671.1506891,,Mouse,1429.0,407.5,,,Fixation
1670925671.155256,,Eye Tracker,1432.0,409.0,Valid,Valid,Fixation
1670925671.17149,,Mouse,1430.0,415.0,,,Fixation
1670925671.17191,,Eye Tracker,1428.0,421.0,Valid,Valid,Fixation
1670925671.188565,,Mouse,1427.5,422.5,,,Fixation
1670925671.191469,,Eye Tracker,1427.0,424.0,Valid,Valid,Fixation
1670925671.2014961,,Mouse,1428.5,420.0,,,Fixation
1670925671.20522,,Eye Tracker,1430.0,416.0,Valid,Valid,Fixation
1670925671.212605,,Mouse,1430.3333333333333,414.3333333333333,,,Fixation
1670925671.221875,,Mouse,1430.6666666666667,412.6666666666667,,,Fixation
1670925671.2315001,,Eye Tracker,1431.0,411.0,Valid,Valid,Fixation
1670925671.238529,,Mouse,1434.0,410.5,,,Fixation
1670925671.241784,,Eye Tracker,1437.0,410.0,Valid,Valid,Fixation
1670925671.252527,,Mouse,1434.5,411.0,,,Fixation
1670925671.255184,,Eye Tracker,1432.0,412.0,Valid,Valid,Fixation
1670925671.271511,,Mouse,1428.0,412.0,,,Fixation
1670925671.2718391,,Eye Tracker,1424.0,412.0,Valid,Valid,Fixation
1670925671.288493,,Mouse,1424.6666666666667,412.3333333333333,,,Fixation
1670925671.2914941,,Mouse,1425.3333333333333,412.6666666666667,,,Fixation
1670925671.3051481,,Eye Tracker,1426.0,413.0,Valid,Valid,Fixation
1670925671.311466,,Eye Tracker,1425.0,420.0,Valid,Valid,Fixation
1670925671.3218021,,Mouse,1425.3333333333333,418.6666666666667,,,Fixation
1670925671.331494,,Mouse,1425.6666666666667,417.3333333333333,,,Fixation
1670925671.338457,,Eye Tracker,1426.0,416.0,Valid,Valid,Fixation
1670925671.342683,,Mouse,1428.0,412.5,,,Fixation
1670925671.355112,,Eye Tracker,1430.0,409.0,Valid,Valid,Fixation
1670925671.3625,,Eye Tracker,1428.0,413.0,Valid,Valid,Fixation
1670925671.371767,,Mouse,1427.0,410.0,,,Fixation
1670925671.372586,,Eye Tracker,1426.0,407.0,Valid,Valid,Fixation
1670925671.383505,,Mouse,1426.6666666666667,405.3333333333333,,,Fixation
1670925671.388421,,Mouse,1427.3333333333333,403.6666666666667,,,Fixation
1670925671.4025111,,Eye Tracker,1428.0,402.0,Valid,Valid,Fixation
1670925671.405076,,Eye Tracker,1444.0,400.0,Valid,Valid,Fixation
1670925671.41271,,Mouse,1448.3333333333333,398.6666666666667,,,Fixation
1670925671.421731,,Mouse,1452.6666666666667,397.3333333333333,,,Fixation
1670925671.423528,,Eye Tracker,1457.0,396.0,Valid,Valid,Fixation
1670925671.438385,,Eye Tracker,1459.0,389.0,Valid,Valid,Fixation
1670925671.442779,,Eye Tracker,1454.0,393.0,Valid,Valid,Fixation
1670925671.45504,,Eye Tracker,1462.0,396.0,Valid,Valid,Fixation
1670925671.462472,,Mouse,1465.0,395.5,,,Fixation
1670925671.471695,,Eye Tracker,1468.0,395.0,Valid,Valid,Fixation
1670925671.472491,,Mouse,1465.5,397.0,,,Fixation
1670925671.482562,,Eye Tracker,1463.0,399.0,Valid,Valid,Fixation
1670925671.48835,,Mouse,1462.3333333333333,398.6666666666667,,,Fixation
1670925671.5026321,,Mouse,1461.6666666666667,398.3333333333333,,,Fixation
1670925671.505004,,Eye Tracker,1461.0,398.0,Valid,Valid,Fixation
1670925671.5216591,,Mouse,1464.0,397.5,,,Fixation
1670925671.5224981,,Eye Tracker,1467.0,397.0,Valid,Valid,Fixation
1670925671.538314,,Mouse,1468.5,399.0,,,Fixation
1670925671.5425231,,Eye Tracker,1470.0,401.0,Valid,Valid,Fixation
1670925671.553525,,Mouse,1463.5,399.5,,,Fixation
1670925671.554968,,Eye Tracker,1457.0,398.0,Valid,Valid,Fixation
1670925671.571623,,Mouse,1455.6666666666667,397.0,,,Fixation
1670925671.572767,,Mouse,1454.3333333333333,396.0,,,Fixation
1670925671.588278,,Eye Tracker,1453.0,395.0,Valid,Valid,Fixation
1670925671.593489,,Eye Tracker,1458.0,403.0,Valid,Valid,Fixation
1670925671.604931,,Mouse,1458.6666666666667,403.6666666666667,,,Fixation
1670925671.612536,,Mouse,1459.3333333333333,404.3333333333333,,,Fixation
1670925671.621586,,Eye Tracker,1460.0,405.0,Valid,Valid,Fixation
1670925671.632572,,Mouse,1460.3333333333333,402.6666666666667,,,Fixation
1670925671.638242,,Mouse,1460.6666666666667,400.3333333333333,,,Fixation
1670925671.642772,,Eye Tracker,1461.0,398.0,Valid,Valid,Fixation
1670925671.654895,,Eye Tracker,1458.0,402.0,Valid,Valid,Fixation
1670925671.6625001,,Mouse,1455.6666666666667,400.6666666666667,,,Fixation
1670925671.67155,,Mouse,1453.3333333333333,399.3333333333333,,,Fixation
1670925671.672513,,Eye Tracker,1451.0,398.0,Valid,Valid,Fixation
1670925671.683538,,Mouse,1444.5,396.0,,,Fixation
1670925671.688205,,Eye Tracker,1438.0,394.0,Valid,Valid,Fixation
1670925671.7037401,,Mouse,1435.0,398.0,,,Fixation
1670925671.70486,,Eye Tracker,1432.0,402.0,Valid,Valid,Fixation
1670925671.721515,,Mouse,1431.3333333333333,402.3333333333333,,,Fixation
1670925671.7244961,,Mouse,1430.6666666666667,402.6666666666667,,,Fixation
1670925671.7381701,,Eye Tracker,1430.0,403.0,Valid,Valid,Fixation
1670925671.74373,,Mouse,1430.5,398.5,,,Fixation
1670925671.754825,,Eye Tracker,1431.0,394.0,Valid,Valid,Fixation
1670925671.7647681,,Eye Tracker,1434.0,389.0,Valid,Valid,Fixation
1670925671.7714791,,Mouse,1433.0,393.3333333333333,,,Fixation
1670925671.783518,,Mouse,1432.0,397.6666666666667,,,Fixation
1670925671.788134,,Eye Tracker,1431.0,402.0,Valid,Valid,Fixation
1670925671.803492,,Mouse,1430.5,401.5,,,Fixation
1670925671.804789,,Eye Tracker,1430.0,401.0,Valid,Valid,Fixation
1670925671.813782,,Mouse,1428.5,402.5,,,Fixation
1670925671.821443,,Eye Tracker,1427.0,404.0,Valid,Valid,Fixation
1670925671.8334801,,Mouse,1426.5,405.0,,,Fixation
1670925671.838098,,Eye Tracker,1426.0,406.0,Valid,Valid,Fixation
1670925671.843777,,Mouse,1427.0,402.5,,,Fixation
1670925671.854517,,Eye Tracker,1428.0,399.0,Valid,Valid,Fixation
1670925671.854753,,Mouse,1429.0,398.5,,,Fixation
1670925671.871406,,Eye Tracker,1430.0,398.0,Valid,Valid,Fixation
1670925671.874717,,Mouse,1429.5,404.0,,,Fixation
1670925671.888061,,Eye Tracker,1429.0,410.0,Valid,Valid,Fixation
1670925671.895485,,Eye Tracker,1427.0,406.0,Valid,Valid,Fixation
1670925671.904716,,Mouse,1423.5,399.0,,,Fixation
1670925671.914525,,Eye Tracker,1420.0,392.0,Valid,Valid,Fixation
1670925671.92137,,Mouse,1420.0,393.0,,,Fixation
1670925671.935445,,Eye Tracker,1420.0,394.0,Valid,Valid,Fixation
1670925671.938025,,Eye Tracker,1410.0,393.0,Valid,Valid,Fixation
1670925671.954464,,Eye Tracker,1408.0,394.0,Valid,Valid,Fixation
1670925671.95468,,Eye Tracker,1409.0,392.0,Valid,Valid,Fixation
1670925671.964508,,Eye Tracker,1408.0,389.0,Valid,Valid,Fixation
1670925671.971334,,Eye Tracker,1409.0,391.0,Valid,Valid,Fixation
1670925671.974673,,Eye Tracker,1408.0,393.0,Valid,Valid,Fixation
1670925671.987989,,Eye Tracker,1408.0,395.0,Valid,Valid,Fixation
1670925671.994528,,Eye Tracker,1407.0,400.0,Valid,Valid,Fixation
1670925672.004546,,Eye Tracker,1411.0,401.0,Valid,Valid,Fixation
1670925672.004644,,Mouse,1410.5,403.0,,,Fixation
1670925672.0212991,,Eye Tracker,1410.0,405.0,Valid,Valid,Fixation
1670925672.024432,,Mouse,1409.5,404.0,,,Fixation
1670925672.034631,,Eye Tracker,1409.0,403.0,Valid,Valid,Fixation
1670925672.037954,,Mouse,1411.5,400.0,,,Fixation
1670925672.044655,,Eye Tracker,1414.0,397.0,Valid,Valid,Fixation
1670925672.054609,,Mouse,1415.5,396.5,,,Fixation
1670925672.065489,,Eye Tracker,1417.0,396.0,Valid,Valid,Fixation
1670925672.071264,,Mouse,1415.5,396.5,,,Fixation
1670925672.084505,,Eye Tracker,1414.0,397.0,Valid,Valid,Fixation
1670925672.087918,,Mouse,1411.3333333333333,400.3333333333333,,,Fixation
1670925672.0945911,,Mouse,1408.6666666666667,403.6666666666667,,,Fixation
1670925672.104573,,Eye Tracker,1406.0,407.0,Valid,Valid,Fixation
1670925672.105765,,Mouse,1406.5,407.5,,,Fixation
1670925672.121228,,Eye Tracker,1407.0,408.0,Valid,Valid,Fixation
1670925672.124418,,Mouse,1406.5,409.0,,,Fixation
1670925672.134491,,Eye Tracker,1406.0,410.0,Valid,Valid,Fixation
1670925672.137882,,Mouse,1406.0,410.5,,,Fixation
1670925672.14454,,Eye Tracker,1406.0,411.0,Valid,Valid,Fixation
1670925672.154536,,Mouse,1405.0,411.5,,,Fixation
1670925672.164476,,Eye Tracker,1404.0,412.0,Valid,Valid,Fixation
1670925672.171191,,Mouse,1402.0,413.5,,,Fixation
1670925672.1747541,,Eye Tracker,1400.0,415.0,Valid,Valid,Fixation
1670925672.187845,,Eye Tracker,1406.0,412.0,Valid,Valid,Fixation
1670925672.195471,,Eye Tracker,1406.0,413.0,Valid,Valid,Fixation
1670925672.2045,,Mouse,1407.5,413.0,,,Fixation
1670925672.205771,,Eye Tracker,1409.0,413.0,Valid,Valid,Fixation
1670925672.221155,,Mouse,1409.3333333333333,414.3333333333333,,,Fixation
1670925672.225499,,Mouse,1409.6666666666667,415.6666666666667,,,Fixation
1670925672.236756,,Eye Tracker,1410.0,417.0,Valid,Valid,Fixation
1670925672.237809,,Mouse,1411.0,415.0,,,Fixation
1670925672.2544641,,Eye Tracker,1412.0,413.0,Valid,Valid,Fixation
1670925672.25542,,Mouse,1411.6666666666667,411.3333333333333,,,Fixation
1670925672.265496,,Mouse,1411.3333333333333,409.6666666666667,,,Fixation
1670925672.271119,,Eye Tracker,1411.0,408.0,Valid,Valid,Fixation
1670925672.276807,,Eye Tracker,1403.0,408.0,Valid,Valid,Fixation
1670925672.287774,,Eye Tracker,1406.0,406.0,Valid,Valid,Fixation
1670925672.29563,,Mouse,1410.5,406.5,,,Fixation
1670925672.304428,,Eye Tracker,1415.0,407.0,Valid,Valid,Fixation
1670925672.315504,,Mouse,1414.5,408.5,,,Fixation
1670925672.321083,,Eye Tracker,1414.0,410.0,Valid,Valid,Fixation
1670925672.325582,,Mouse,1412.5,412.0,,,Fixation
1670925672.337738,,Eye Tracker,1411.0,414.0,Valid,Valid,Fixation
1670925672.345521,,Mouse,1410.5,412.5,,,Fixation
1670925672.354392,,Eye Tracker,1410.0,411.0,Valid,Valid,Fixation
1670925672.366447,,Mouse,1412.0,411.0,,,Fixation
1670925672.371047,,Mouse,1414.0,411.0,,,Fixation
1670925672.386501,,Eye Tracker,1416.0,411.0,Valid,Valid,Fixation
1670925672.387703,,Eye Tracker,1416.0,413.0,Valid,Valid,Fixation
1670925672.404357,,Eye Tracker,1417.0,412.0,Valid,Valid,Fixation
1670925672.421012,,Eye Tracker,1420.0,412.0,Valid,Valid,Fixation
1670925672.436764,,Eye Tracker,1414.0,413.0,Valid,Valid,Fixation
1670925672.437666,,Eye Tracker,1412.0,408.0,Valid,Valid,Fixation
1670925672.447525,,Eye Tracker,1410.0,414.0,Valid,Valid,Fixation
1670925672.45432,,Mouse,1410.0,416.0,,,Fixation
1670925672.466665,,Eye Tracker,1410.0,418.0,Valid,Valid,Fixation
1670925672.470975,,Eye Tracker,1414.0,413.0,Valid,Valid,Fixation
1670925672.486464,,Eye Tracker,1413.0,414.0,Valid,Valid,Fixation
1670925672.4876301,,Eye Tracker,1418.0,415.0,Valid,Valid,Fixation
1670925672.5042841,,Eye Tracker,1420.0,414.0,Valid,Valid,Fixation
1670925672.516503,,Mouse,1419.0,412.0,,,Fixation
1670925672.520939,,Eye Tracker,1418.0,410.0,Valid,Valid,Fixation
1670925672.53678,,Eye Tracker,1418.0,408.0,Valid,Valid,Fixation
1670925672.537594,,Eye Tracker,1411.0,409.0,Valid,Valid,Fixation
1670925672.554249,,Eye Tracker,1410.0,408.0,Valid,Valid,Fixation
1670925672.556862,,Eye Tracker,1413.0,412.0,Valid,Valid,Fixation
1670925672.570903,,Mouse,1413.0,411.0,,,Fixation
1670925672.5775201,,Eye Tracker,1413.0,410.0,Valid,Valid,Fixation
1670925672.587558,,Mouse,1413.0,411.5,,,Fixation
1670925672.596538,,Eye Tracker,1413.0,413.0,Valid,Valid,Fixation
1670925672.604213,,Eye Tracker,1413.0,416.0,Valid,Valid,Fixation
1670925672.617431,,Mouse,1411.5,416.0,,,Fixation
1670925672.620867,,Eye Tracker,1410.0,416.0,Valid,Valid,Fixation
1670925672.636555,,Mouse,1411.0,415.5,,,Fixation
1670925672.637522,,Eye Tracker,1412.0,415.0,Valid,Valid,Fixation
1670925672.654177,,Mouse,1412.0,412.5,,,Fixation
1670925672.656511,,Eye Tracker,1412.0,410.0,Valid,Valid,Fixation
1670925672.666605,,Mouse,1411.0,408.5,,,Fixation
1670925672.670831,,Eye Tracker,1410.0,407.0,Valid,Valid,Fixation
1670925672.686736,,Eye Tracker,1419.0,405.0,Valid,Valid,Fixation
1670925672.687486,,Eye Tracker,1422.0,411.0,Valid,Valid,Fixation
1670925672.7041411,,Eye Tracker,1420.0,407.0,Valid,Valid,Fixation
1670925672.717511,,Mouse,1420.0,406.5,,,Fixation
1670925672.720796,,Eye Tracker,1420.0,406.0,Valid,Valid,Fixation
1670925672.737451,,Eye Tracker,1421.0,407.0,Valid,Valid,Fixation
1670925672.748523,,Eye Tracker,1423.0,403.0,Valid,Valid,Fixation
1670925672.754106,,Eye Tracker,1420.0,404.0,Valid,Valid,Fixation
1670925672.767742,,Eye Tracker,1398.0,412.0,Valid,Valid,Fixation
1670925672.77076,,Eye Tracker,1374.0,412.0,Valid,Valid,Saccade
1670925672.787415,,Eye Tracker,1374.0,415.0,Valid,Valid,Fixation
1670925672.78851,,Eye Tracker,1369.0,418.0,Valid,Valid,Fixation
1670925672.80407,,Mouse,1370.0,419.5,,,Fixation
1670925672.808906,,Eye Tracker,1371.0,421.0,Valid,Valid,Fixation
1670925672.820725,,Mouse,1372.5,416.0,,,Fixation
1670925672.828526,,Eye Tracker,1374.0,411.0,Valid,Valid,Fixation
1670925672.837379,,Mouse,1374.0,411.3333333333333,,,Fixation
1670925672.847503,,Mouse,1374.0,411.6666666666667,,,Fixation
1670925672.854034,,Eye Tracker,1374.0,412.0,Valid,Valid,Fixation
1670925672.857506,,Mouse,1371.5,419.0,,,Fixation
1670925672.870689,,Eye Tracker,1369.0,426.0,Valid,Valid,Fixation
1670925672.887343,,Mouse,1368.0,424.0,,,Fixation
1670925672.9039981,,Eye Tracker,1367.0,422.0,Valid,Valid,Fixation
1670925672.920653,,Mouse,1369.5,421.5,,,Fixation
1670925672.928447,,Eye Tracker,1372.0,421.0,Valid,Valid,Fixation
1670925672.9373071,,Mouse,1371.0,423.5,,,Fixation
1670925672.948524,,Eye Tracker,1370.0,426.0,Valid,Valid,Fixation
1670925672.953962,,Eye Tracker,1374.0,428.0,Valid,Valid,Fixation
1670925672.968586,,Eye Tracker,1376.0,420.0,Valid,Valid,Fixation
1670925672.970617,,Eye Tracker,1371.0,416.0,Valid,Valid,Fixation
1670925672.987271,,Eye Tracker,1368.0,420.0,Valid,Valid,Fixation
1670925672.988784,,Eye Tracker,1368.0,422.0,Valid,Valid,Fixation
1670925673.003926,,Eye Tracker,1371.0,424.0,Valid,Valid,Fixation
1670925673.018769,,Eye Tracker,1372.0,421.0,Valid,Valid,Fixation
1670925673.020581,,Eye Tracker,1369.0,421.0,Valid,Valid,Fixation
1670925673.037235,,Eye Tracker,1367.0,425.0,Valid,Valid,Fixation
1670925673.0385041,,Eye Tracker,1366.0,424.0,Valid,Valid,Fixation
1670925673.053891,,Eye Tracker,1393.0,446.0,Valid,Valid,Saccade
1670925673.0685341,,Eye Tracker,1414.0,449.0,Valid,Valid,Fixation
1670925673.070546,,Eye Tracker,1414.0,444.0,Valid,Valid,Fixation
1670925673.087201,,Eye Tracker,1414.0,444.0,Valid,Valid,Fixation
1670925673.089757,,Eye Tracker,1415.0,440.0,Valid,Valid,Fixation
1670925673.1038551,,Eye Tracker,1415.0,438.0,Valid,Valid,Fixation
1670925673.108531,,Eye Tracker,1413.0,438.0,Valid,Valid,Fixation
1670925673.12051,,Eye Tracker,1412.0,442.0,Valid,Valid,Fixation
1670925673.129638,,Eye Tracker,1420.0,443.0,Valid,Valid,Fixation
1670925673.137165,,Eye Tracker,1419.0,439.0,Valid,Valid,Fixation
1670925673.148514,,Eye Tracker,1416.0,443.0,Valid,Valid,Fixation
1670925673.153819,,Eye Tracker,1418.0,446.0,Valid,Valid,Fixation
1670925673.15883,,Eye Tracker,1415.0,445.0,Valid,Valid,Fixation
1670925673.16973,,Eye Tracker,1412.0,446.0,Valid,Valid,Fixation
1670925673.170474,,Eye Tracker,1412.0,442.0,Valid,Valid,Fixation
1670925673.187129,,Eye Tracker,1411.0,441.0,Valid,Valid,Fixation
1670925673.203783,,Eye Tracker,1413.0,433.0,Valid,Valid,Fixation
1670925673.220438,,Eye Tracker,1416.0,434.0,Valid,Valid,Fixation
1670925673.229688,,Eye Tracker,1415.0,442.0,Valid,Valid,Fixation
1670925673.237093,,Eye Tracker,1417.0,439.0,Valid,Valid,Fixation
1670925673.253747,,Eye Tracker,1416.0,441.0,Valid,Valid,Fixation
1670925673.2694921,,Eye Tracker,1423.0,436.0,Valid,Valid,Fixation
1670925673.270402,,Eye Tracker,1435.0,429.0,Valid,Valid,Fixation
1670925673.287057,,Eye Tracker,1431.0,431.0,Valid,Valid,Fixation
1670925673.303711,,Eye Tracker,1426.0,436.0,Valid,Valid,Fixation
1670925673.3203661,,Eye Tracker,1425.0,438.0,Valid,Valid,Fixation
1670925673.337021,,Eye Tracker,1423.0,433.0,Valid,Valid,Fixation
1670925673.353676,,Eye Tracker,1427.0,430.0,Valid,Valid,Fixation
1670925673.359598,,Eye Tracker,1425.0,433.0,Valid,Valid,Fixation
1670925673.37033,,Eye Tracker,1421.0,437.0,Valid,Valid,Fixation
1670925673.386985,,Eye Tracker,1425.0,439.0,Valid,Valid,Fixation
1670925673.390526,,Eye Tracker,1428.0,440.0,Valid,Valid,Fixation
1670925673.403641,,Eye Tracker,1423.0,442.0,Valid,Valid,Fixation
1670925673.4104571,,Mouse,1421.3333333333333,440.6666666666667,,,Fixation
1670925673.420295,,Mouse,1419.6666666666667,439.3333333333333,,,Fixation
1670925673.42078,,Eye Tracker,1418.0,438.0,Valid,Valid,Fixation
1670925673.4315321,,Mouse,1415.5,438.0,,,Fixation
1670925673.43695,,Eye Tracker,1413.0,438.0,Valid,Valid,Fixation
1670925673.450497,,Mouse,1413.5,439.0,,,Fixation
1670925673.453605,,Eye Tracker,1414.0,440.0,Valid,Valid,Fixation
1670925673.46053,,Mouse,1413.0,437.5,,,Fixation
1670925673.470259,,Eye Tracker,1412.0,435.0,Valid,Valid,Fixation
1670925673.471497,,Mouse,1410.5,435.0,,,Fixation
1670925673.486914,,Eye Tracker,1409.0,435.0,Valid,Valid,Fixation
1670925673.500497,,Mouse,1409.0,436.5,,,Fixation
1670925673.5035691,,Eye Tracker,1409.0,438.0,Valid,Valid,Fixation
1670925673.511502,,Eye Tracker,1407.0,440.0,Valid,Valid,Fixation
1670925673.5202231,,Eye Tracker,1407.0,432.0,Valid,Valid,Fixation
1670925673.53051,,Eye Tracker,1408.0,435.0,Valid,Valid,Fixation
1670925673.536878,,Eye Tracker,1415.0,439.0,Valid,Valid,Fixation
1670925673.5405161,,Eye Tracker,1414.0,437.0,Valid,Valid,Fixation
1670925673.5410671,,Eye Tracker,1407.0,437.0,Valid,Valid,Fixation
1670925673.5410671,,Eye Tracker,1407.0,436.0,Valid,Valid,Fixation
1670925673.550659,,Mouse,1407.0,435.5,,,Fixation
1670925673.553533,,Eye Tracker,1407.0,435.0,Valid,Valid,Fixation
1670925673.570187,,Eye Tracker,1406.0,431.0,Valid,Valid,Fixation
1670925673.570488,,Eye Tracker,1404.0,431.0,Valid,Valid,Fixation
1670925673.580501,,Eye Tracker,1403.0,433.0,Valid,Valid,Fixation
1670925673.586842,,Eye Tracker,1406.0,431.0,Valid,Valid,Fixation
1670925673.590622,,Eye Tracker,1408.0,432.0,Valid,Valid,Fixation
1670925673.603497,,Mouse,1409.5,435.5,,,Fixation
1670925673.620152,,Eye Tracker,1411.0,439.0,Valid,Valid,Fixation
1670925673.620609,,Mouse,1410.0,439.0,,,Fixation
1670925673.636806,,Eye Tracker,1409.0,439.0,Valid,Valid,Fixation
1670925673.641455,,Mouse,1407.5,438.5,,,Fixation
1670925673.653461,,Eye Tracker,1406.0,438.0,Valid,Valid,Fixation
1670925673.660768,,Mouse,1406.0,438.6666666666667,,,Fixation
1670925673.670116,,Mouse,1406.0,439.3333333333333,,,Fixation
1670925673.681471,,Eye Tracker,1406.0,440.0,Valid,Valid,Fixation
1670925673.68677,,Mouse,1407.0,439.5,,,Fixation
1670925673.700416,,Eye Tracker,1408.0,439.0,Valid,Valid,Fixation
1670925673.703425,,Mouse,1409.5,437.5,,,Fixation
1670925673.71048,,Eye Tracker,1411.0,436.0,Valid,Valid,Fixation
1670925673.7200801,,Mouse,1410.5,435.5,,,Fixation
1670925673.7207181,,Eye Tracker,1410.0,435.0,Valid,Valid,Fixation
1670925673.731513,,Mouse,1409.6666666666667,434.6666666666667,,,Fixation
1670925673.736735,,Mouse,1409.3333333333333,434.3333333333333,,,Fixation
1670925673.7515001,,Eye Tracker,1409.0,434.0,Valid,Valid,Fixation
1670925673.75339,,Mouse,1408.0,438.0,,,Fixation
1670925673.770045,,Eye Tracker,1407.0,442.0,Valid,Valid,Fixation
1670925673.772506,,Mouse,1405.5,440.5,,,Fixation
1670925673.786699,,Eye Tracker,1404.0,439.0,Valid,Valid,Fixation
1670925673.803354,,Mouse,1403.0,438.0,,,Fixation
1670925673.820009,,Eye Tracker,1402.0,437.0,Valid,Valid,Fixation
1670925673.836663,,Mouse,1403.5,438.0,,,Fixation
1670925673.853318,,Eye Tracker,1405.0,439.0,Valid,Valid,Fixation
1670925673.869973,,Mouse,1404.0,436.5,,,Fixation
1670925673.886628,,Eye Tracker,1403.0,434.0,Valid,Valid,Fixation
1670925673.891666,,Eye Tracker,1402.0,434.0,Valid,Valid,Fixation
1670925673.891666,,Eye Tracker,1401.0,443.0,Valid,Valid,Fixation
1670925673.903282,,Eye Tracker,1403.0,442.0,Valid,Valid,Fixation
1670925673.9199371,,Eye Tracker,1405.0,436.0,Valid,Valid,Fixation
1670925673.936592,,Eye Tracker,1404.0,435.0,Valid,Valid,Fixation
1670925673.953246,,Eye Tracker,1406.0,430.0,Valid,Valid,Fixation
1670925673.969901,,Eye Tracker,1404.0,431.0,Valid,Valid,Fixation
1670925673.986556,,Eye Tracker,1399.0,436.0,Valid,Valid,Fixation
1670925674.002538,,Eye Tracker,1402.0,434.0,Valid,Valid,Fixation
1670925674.00321,,Eye Tracker,1403.0,436.0,Valid,Valid,Fixation
1670925674.012631,,Eye Tracker,1402.0,444.0,Valid,Valid,Fixation
1670925674.019865,,Eye Tracker,1405.0,442.0,Valid,Valid,Fixation
1670925674.023704,,Eye Tracker,1404.0,440.0,Valid,Valid,Fixation
1670925674.03652,,Eye Tracker,1402.0,443.0,Valid,Valid,Fixation
1670925674.042503,,Eye Tracker,1376.0,449.0,Valid,Valid,Saccade
1670925674.052516,MouseEvent,,1348.3333333333333,455.0,,,Saccade
1670925674.053174,,Mouse,1320.6666666666667,461.0,,,Saccade
1670925674.06252,,Eye Tracker,1293.0,467.0,Valid,Valid,Saccade
1670925674.06983,,Eye Tracker,1266.0,474.0,Valid,Valid,Saccade
1670925674.072702,,Eye Tracker,1255.0,478.0,Valid,Valid,Fixation
1670925674.0864851,,Eye Tracker,1253.0,475.0,Valid,Valid,Fixation
1670925674.092485,,Eye Tracker,1256.0,472.0,Valid,Valid,Fixation
1670925674.103139,,Eye Tracker,1256.0,477.0,Valid,Valid,Fixation
1670925674.113751,,Eye Tracker,1260.0,478.0,Valid,Valid,Fixation
1670925674.1197941,,Eye Tracker,1261.0,479.0,Valid,Valid,Fixation
1670925674.132512,,Mouse,1258.5,480.0,,,Fixation
1670925674.136449,,Eye Tracker,1256.0,481.0,Valid,Valid,Fixation
1670925674.142744,,Mouse,1257.5,479.5,,,Fixation
1670925674.153104,,Eye Tracker,1259.0,478.0,Valid,Valid,Fixation
1670925674.153676,,Mouse,1260.0,476.5,,,Fixation
1670925674.169758,,Eye Tracker,1261.0,475.0,Valid,Valid,Fixation
1670925674.172502,,Mouse,1259.5,476.0,,,Fixation
1670925674.182517,,Eye Tracker,1258.0,477.0,Valid,Valid,Fixation
1670925674.186413,,Mouse,1259.3333333333333,477.3333333333333,,,Fixation
1670925674.203068,,Mouse,1260.6666666666667,477.6666666666667,,,Fixation
1670925674.219722,,Eye Tracker,1262.0,478.0,Valid,Valid,Fixation
1670925674.236377,,Mouse,1261.0,477.5,,,Fixation
1670925674.243484,,Eye Tracker,1260.0,477.0,Valid,Valid,Fixation
1670925674.253032,,Mouse,1265.0,475.0,,,Fixation
1670925674.253685,,Eye Tracker,1270.0,473.0,Valid,Valid,Fixation
1670925674.269686,,Mouse,1276.5,466.5,,,Fixation
1670925674.273749,,Eye Tracker,1283.0,460.0,Valid,Valid,Fixation
1670925674.284687,,Mouse,1301.0,449.0,,,Fixation
1670925674.286341,,Eye Tracker,1319.0,438.0,Valid,Valid,Saccade
1670925674.302996,,Mouse,1323.6666666666667,438.0,,,Saccade
1670925674.303513,,Mouse,1328.3333333333333,438.0,,,Fixation
1670925674.313613,,Eye Tracker,1333.0,438.0,Valid,Valid,Fixation
1670925674.31965,,Eye Tracker,1329.0,437.0,Valid,Valid,Fixation
1670925674.32451,,Mouse,1329.5,436.0,,,Fixation
1670925674.3363051,,Eye Tracker,1330.0,435.0,Valid,Valid,Fixation
1670925674.343493,,Mouse,1330.3333333333333,433.6666666666667,,,Fixation
1670925674.35296,,Mouse,1330.6666666666667,432.3333333333333,,,Fixation
1670925674.353753,,Eye Tracker,1331.0,431.0,Valid,Valid,Fixation
1670925674.364497,,Mouse,1329.0,430.0,,,Fixation
1670925674.3696141,,Eye Tracker,1327.0,429.0,Valid,Valid,Fixation
1670925674.3837671,,Mouse,1328.0,431.5,,,Fixation
1670925674.386269,,Eye Tracker,1329.0,434.0,Valid,Valid,Fixation
1670925674.402924,,Mouse,1329.0,434.3333333333333,,,Fixation
1670925674.403767,,Mouse,1329.0,434.6666666666667,,,Fixation
1670925674.414783,,Eye Tracker,1329.0,435.0,Valid,Valid,Fixation
1670925674.41958,,Eye Tracker,1296.0,423.0,Valid,Valid,Saccade
1670925674.434547,,Mouse,1275.3333333333333,424.0,,,Saccade
1670925674.436234,,Mouse,1254.6666666666667,425.0,,,Saccade
1670925674.444749,,Eye Tracker,1234.0,426.0,Valid,Valid,Saccade
1670925674.452889,,Mouse,1205.0,427.0,,,Saccade
1670925674.45553,,Eye Tracker,1176.0,428.0,Valid,Valid,Saccade
1670925674.469544,,Eye Tracker,1164.0,426.0,Valid,Valid,Fixation
1670925674.474661,,Mouse,1164.0,422.5,,,Fixation
1670925674.486198,,Eye Tracker,1164.0,419.0,Valid,Valid,Fixation
1670925674.495516,,Mouse,1164.5,418.5,,,Fixation
1670925674.502853,,Eye Tracker,1165.0,418.0,Valid,Valid,Fixation
1670925674.5146601,,Mouse,1166.0,420.5,,,Fixation
1670925674.5195081,,Eye Tracker,1167.0,423.0,Valid,Valid,Fixation
1670925674.535589,,Mouse,1169.5,422.5,,,Fixation
1670925674.5361621,,Eye Tracker,1172.0,422.0,Valid,Valid,Fixation
1670925674.552817,,Mouse,1173.0,419.6666666666667,,,Fixation
1670925674.5544841,,Mouse,1174.0,417.3333333333333,,,Fixation
1670925674.569472,,Eye Tracker,1175.0,415.0,Valid,Valid,Fixation
1670925674.575566,,Mouse,1176.0,412.5,,,Fixation
1670925674.586126,,Eye Tracker,1177.0,410.0,Valid,Valid,Fixation
1670925674.594496,,Mouse,1177.0,408.5,,,Fixation
1670925674.602781,,Eye Tracker,1177.0,407.0,Valid,Valid,Fixation
1670925674.604724,,Mouse,1176.3333333333333,407.3333333333333,,,Fixation
1670925674.619436,,Mouse,1175.6666666666667,407.6666666666667,,,Fixation
1670925674.625426,,Eye Tracker,1175.0,408.0,Valid,Valid,Fixation
1670925674.63609,,Eye Tracker,1173.0,415.0,Valid,Valid,Fixation
1670925674.64464,,Mouse,1172.5,414.0,,,Fixation
1670925674.652745,,Eye Tracker,1172.0,413.0,Valid,Valid,Fixation
1670925674.665586,,Mouse,1172.0,411.6666666666667,,,Fixation
1670925674.6694,,Mouse,1172.0,410.3333333333333,,,Fixation
1670925674.684479,,Eye Tracker,1172.0,409.0,Valid,Valid,Fixation
1670925674.686055,,Mouse,1173.5,409.5,,,Fixation
1670925674.694493,,Eye Tracker,1175.0,410.0,Valid,Valid,Fixation
1670925674.702709,,Mouse,1171.5,408.5,,,Fixation
1670925674.70574,,Eye Tracker,1168.0,407.0,Valid,Valid,Fixation
1670925674.719364,,Mouse,1167.6666666666667,406.3333333333333,,,Fixation
1670925674.724528,,Mouse,1167.3333333333333,405.6666666666667,,,Fixation
1670925674.734632,,Eye Tracker,1167.0,405.0,Valid,Valid,Fixation
1670925674.7360191,,Eye Tracker,1144.0,416.0,Valid,Valid,Saccade
1670925674.752674,,Mouse,1122.6666666666667,419.0,,,Saccade
1670925674.755482,,Mouse,1101.3333333333333,422.0,,,Saccade
1670925674.765503,,Eye Tracker,1080.0,425.0,Valid,Valid,Saccade
1670925674.769329,,Mouse,1039.0,425.5,,,Saccade
1670925674.785451,,Eye Tracker,998.0,426.0,Valid,Valid,Saccade
1670925674.785984,,Mouse,992.0,426.5,,,Fixation
1670925674.796587,,Eye Tracker,986.0,427.0,Valid,Valid,Fixation
1670925674.802638,,Mouse,984.0,428.6666666666667,,,Fixation
1670925674.815627,,Mouse,982.0,430.3333333333333,,,Fixation
1670925674.819293,,Eye Tracker,980.0,432.0,Valid,Valid,Fixation
1670925674.835948,,Mouse,978.5,430.5,,,Fixation
1670925674.836742,,Eye Tracker,977.0,429.0,Valid,Valid,Fixation
1670925674.852602,,Mouse,977.0,424.0,,,Fixation
1670925674.85571,,Eye Tracker,977.0,419.0,Valid,Valid,Fixation
1670925674.869257,,Mouse,966.5,416.5,,,Fixation
1670925674.8765981,,Eye Tracker,956.0,414.0,Valid,Valid,Fixation
1670925674.885912,,Mouse,940.0,415.5,,,Saccade
1670925674.895463,,Eye Tracker,924.0,417.0,Valid,Valid,Saccade
1670925674.902566,,Mouse,803.5,373.0,,,Saccade
1670925674.905562,,Eye Tracker,683.0,329.0,Valid,Valid,Saccade
1670925674.916452,,Mouse,678.5,321.5,,,Saccade
1670925674.919221,,Eye Tracker,674.0,314.0,Valid,Valid,Fixation
1670925674.926597,,Mouse,669.5,315.0,,,Fixation
1670925674.9358761,,Eye Tracker,665.0,316.0,Valid,Valid,Fixation
1670925674.936619,,Mouse,667.6666666666666,318.0,,,Fixation
1670925674.952531,,Mouse,670.3333333333334,320.0,,,Fixation
1670925674.95649,,Eye Tracker,673.0,322.0,Valid,Valid,Fixation
1670925674.9677331,,Mouse,673.5,318.5,,,Fixation
1670925674.969185,,Eye Tracker,674.0,315.0,Valid,Valid,Fixation
1670925674.98584,,Mouse,678.0,313.0,,,Fixation
1670925674.98652,,Eye Tracker,682.0,311.0,Valid,Valid,Fixation
1670925674.996612,,Mouse,685.0,310.5,,,Fixation
1670925675.002495,,Eye Tracker,688.0,310.0,Valid,Valid,Fixation
1670925675.007642,,Mouse,687.0,312.0,,,Fixation
1670925675.019149,,Eye Tracker,686.0,314.0,Valid,Valid,Fixation
1670925675.026494,,Eye Tracker,689.0,315.0,Valid,Valid,Fixation
1670925675.035804,,Mouse,689.5,309.0,,,Fixation
1670925675.036761,,Eye Tracker,690.0,303.0,Valid,Valid,Fixation
1670925675.047653,,Mouse,689.6666666666666,302.0,,,Fixation
1670925675.052459,,Mouse,689.3333333333334,301.0,,,Fixation
1670925675.066492,,Eye Tracker,689.0,300.0,Valid,Valid,Fixation
1670925675.069113,,Eye Tracker,689.0,303.0,Valid,Valid,Fixation
1670925675.076629,,Mouse,682.0,304.3333333333333,,,Fixation
1670925675.085769,,Mouse,675.0,305.6666666666667,,,Fixation
1670925675.087495,,Eye Tracker,668.0,307.0,Valid,Valid,Fixation
1670925675.1024241,,Mouse,643.3333333333334,307.3333333333333,,,Fixation
1670925675.106576,,Mouse,618.6666666666666,307.6666666666667,,,Saccade
1670925675.119078,,Eye Tracker,594.0,308.0,Valid,Valid,Saccade
1670925675.126491,,Eye Tracker,487.0,291.0,Valid,Valid,Saccade
1670925675.1357331,,Mouse,483.3333333333333,286.3333333333333,,,Saccade
1670925675.137894,,Mouse,479.6666666666667,281.6666666666667,,,Fixation
1670925675.152388,,Eye Tracker,476.0,277.0,Valid,Valid,Fixation
1670925675.156698,,Mouse,474.5,274.5,,,Fixation
1670925675.169042,,Eye Tracker,473.0,272.0,Valid,Valid,Fixation
1670925675.177608,,Eye Tracker,471.0,275.0,Valid,Valid,Fixation
1670925675.185697,,Mouse,471.5,274.5,,,Fixation
1670925675.1964471,,Eye Tracker,472.0,274.0,Valid,Valid,Fixation
1670925675.202352,,Mouse,475.0,277.5,,,Fixation
1670925675.206552,,Eye Tracker,478.0,281.0,Valid,Valid,Fixation
1670925675.217451,,Mouse,479.5,280.5,,,Fixation
1670925675.219007,,Eye Tracker,481.0,280.0,Valid,Valid,Fixation
1670925675.235661,,Mouse,484.6666666666667,276.6666666666667,,,Fixation
1670925675.236685,,Mouse,488.3333333333333,273.3333333333333,,,Fixation
1670925675.246741,,Eye Tracker,492.0,270.0,Valid,Valid,Fixation
1670925675.252316,,Mouse,492.5,274.5,,,Fixation
1670925675.267671,,Eye Tracker,493.0,279.0,Valid,Valid,Fixation
1670925675.268971,,Mouse,491.0,297.5,,,Fixation
1670925675.285625,,Eye Tracker,489.0,316.0,Valid,Valid,Saccade
1670925675.287518,,Mouse,487.5,473.0,,,Saccade
1670925675.30228,,Eye Tracker,486.0,630.0,Valid,Valid,Saccade
1670925675.308569,,Mouse,482.6666666666667,627.3333333333334,,,Saccade
1670925675.318935,,Mouse,479.3333333333333,624.6666666666666,,,Fixation
1670925675.327758,,Eye Tracker,476.0,622.0,Valid,Valid,Fixation
1670925675.335589,,Eye Tracker,474.0,630.0,Valid,Valid,Fixation
1670925675.34854,,Mouse,480.5,629.0,,,Fixation
1670925675.3522441,,Eye Tracker,487.0,628.0,Valid,Valid,Fixation
1670925675.368899,,Mouse,486.6666666666667,625.0,,,Fixation
1670925675.3855531,,Mouse,486.3333333333333,622.0,,,Fixation
1670925675.402208,,Eye Tracker,486.0,619.0,Valid,Valid,Fixation
1670925675.418863,,Eye Tracker,485.0,622.0,Valid,Valid,Fixation
1670925675.435518,,Mouse,484.0,618.5,,,Fixation
1670925675.452173,,Eye Tracker,483.0,615.0,Valid,Valid,Fixation
1670925675.468828,,Mouse,482.0,612.3333333333334,,,Fixation
1670925675.485483,,Mouse,481.0,609.6666666666666,,,Fixation
1670925675.502137,,Eye Tracker,480.0,607.0,Valid,Valid,Fixation
1670925675.518792,,Eye Tracker,475.0,606.0,Valid,Valid,Fixation
1670925675.5354471,,Mouse,471.0,606.3333333333334,,,Fixation
1670925675.5521011,,Mouse,467.0,606.6666666666666,,,Fixation
1670925675.568756,,Eye Tracker,463.0,607.0,Valid,Valid,Fixation
1670925675.585411,,Mouse,551.75,586.25,,,Fixation
1670925675.599762,,Eye Tracker,640.5,565.5,Invalid,Invalid,EyesNotFound
1670925675.602065,,Mouse,729.25,544.75,,,Fixation
1670925675.618501,,Eye Tracker,818.0,524.0,Valid,Valid,Fixation
1670925675.61872,,Mouse,821.5,523.0,,,Fixation
1670925675.6285331,,Eye Tracker,825.0,522.0,Valid,Valid,Fixation
1670925675.635375,,Mouse,824.5,520.5,,,Fixation
1670925675.638775,,Eye Tracker,824.0,519.0,Valid,Valid,Fixation
1670925675.649503,,Mouse,824.5,519.5,,,Fixation
1670925675.652029,,Eye Tracker,825.0,520.0,Valid,Valid,Fixation
1670925675.668557,,Eye Tracker,824.0,518.0,Valid,Valid,Fixation
1670925675.668684,,Mouse,820.5,520.0,,,Fixation
1670925675.685339,,Eye Tracker,817.0,522.0,Valid,Valid,Fixation
1670925675.689474,,Mouse,821.0,520.0,,,Fixation
1670925675.701993,,Eye Tracker,825.0,518.0,Valid,Valid,Fixation
1670925675.708524,,Mouse,834.0,513.5,,,Fixation
1670925675.718648,,Eye Tracker,843.0,509.0,Valid,Valid,Fixation
1670925675.735303,,Mouse,891.0,486.0,,,Fixation
1670925675.7519581,,Eye Tracker,939.0,463.0,Valid,Valid,Saccade
1670925675.768613,,Mouse,947.5,456.5,,,Saccade
1670925675.785268,,Eye Tracker,956.0,450.0,Valid,Valid,Saccade
1670925675.789505,,Eye Tracker,960.0,445.0,Valid,Valid,Fixation
1670925675.799673,,Eye Tracker,959.0,442.0,Valid,Valid,Fixation
1670925675.801923,,Mouse,955.0,444.0,,,Fixation
1670925675.818577,,Eye Tracker,951.0,446.0,Valid,Valid,Fixation
1670925675.820467,,Eye Tracker,945.0,447.0,Valid,Valid,Fixation
1670925675.835232,,Eye Tracker,945.0,450.0,Valid,Valid,Fixation
1670925675.839925,,Eye Tracker,940.0,452.0,Valid,Valid,Fixation
1670925675.851887,,Eye Tracker,955.0,444.0,Valid,Valid,Fixation
1670925675.860716,,Mouse,967.5,439.5,,,Fixation
1670925675.868541,,Eye Tracker,980.0,435.0,Valid,Valid,Saccade
1670925675.879504,,Eye Tracker,990.0,430.0,Valid,Valid,Fixation
1670925675.885196,,Eye Tracker,996.0,434.0,Valid,Valid,Fixation
1670925675.889563,,Mouse,995.5,433.5,,,Fixation
1670925675.900786,,Eye Tracker,995.0,433.0,Valid,Valid,Fixation
1670925675.901851,,Eye Tracker,989.0,427.0,Valid,Valid,Fixation
1670925675.918505,,Mouse,988.6666666666666,427.3333333333333,,,Fixation
1670925675.919637,,Mouse,988.3333333333334,427.6666666666667,,,Fixation
1670925675.93516,,Eye Tracker,988.0,428.0,Valid,Valid,Fixation
1670925675.9404821,,Eye Tracker,993.0,439.0,Valid,Valid,Fixation
1670925675.950501,,Mouse,992.3333333333334,442.6666666666667,,,Fixation
1670925675.9518151,,Mouse,991.6666666666666,446.3333333333333,,,Fixation
1670925675.9605021,,Eye Tracker,991.0,450.0,Valid,Valid,Fixation
1670925675.9684691,,Mouse,990.0,448.0,,,Fixation
1670925675.970771,,Eye Tracker,989.0,446.0,Valid,Valid,Fixation
1670925675.9814851,,Mouse,991.0,444.5,,,Fixation
1670925675.985124,,Eye Tracker,993.0,443.0,Valid,Valid,Fixation
1670925676.00049,,Mouse,992.0,440.5,,,Fixation
1670925676.001779,,Eye Tracker,991.0,438.0,Valid,Valid,Fixation
1670925676.010493,,Mouse,989.6666666666666,437.6666666666667,,,Fixation
1670925676.018434,,Mouse,988.3333333333334,437.3333333333333,,,Fixation
1670925676.020494,,Eye Tracker,987.0,437.0,Valid,Valid,Fixation
1670925676.031625,,Mouse,988.0,437.5,,,Fixation
1670925676.035088,,Eye Tracker,989.0,438.0,Valid,Valid,Fixation
1670925676.050478,,Mouse,990.0,439.3333333333333,,,Fixation
1670925676.051743,,Mouse,991.0,440.6666666666667,,,Fixation
1670925676.060719,,Eye Tracker,992.0,442.0,Valid,Valid,Fixation
1670925676.068398,,Eye Tracker,991.0,448.0,Valid,Valid,Fixation
1670925676.071435,,Mouse,991.5,447.0,,,Fixation
1670925676.085052,,Eye Tracker,992.0,446.0,Valid,Valid,Fixation
1670925676.090607,,Mouse,992.0,446.0,,,Fixation
1670925676.101708,,Eye Tracker,992.0,446.0,Valid,Valid,Fixation
1670925676.111445,,Mouse,991.0,445.0,,,Fixation
1670925676.1183631,,Eye Tracker,990.0,444.0,Valid,Valid,Fixation
1670925676.130618,,Mouse,990.5,442.0,,,Fixation
1670925676.135017,,Eye Tracker,991.0,440.0,Valid,Valid,Fixation
1670925676.150451,,Mouse,989.5,442.0,,,Fixation
1670925676.1516721,,Eye Tracker,988.0,444.0,Valid,Valid,Fixation
1670925676.161597,,Mouse,988.5,445.0,,,Fixation
1670925676.168327,,Eye Tracker,989.0,446.0,Valid,Valid,Fixation
1670925676.18068,,Eye Tracker,989.0,447.0,Valid,Valid,Fixation
1670925676.184981,,Mouse,986.5,449.0,,,Fixation
1670925676.201489,,Eye Tracker,984.0,451.0,Valid,Valid,Fixation
1670925676.201636,,Mouse,984.5,450.5,,,Fixation
1670925676.218291,,Eye Tracker,985.0,450.0,Valid,Valid,Fixation
1670925676.220501,,Mouse,985.5,446.5,,,Fixation
1670925676.2306151,,Eye Tracker,986.0,443.0,Valid,Valid,Fixation
1670925676.234945,,Mouse,985.0,441.0,,,Fixation
1670925676.241514,,Mouse,984.0,439.0,,,Fixation
1670925676.2516,,Eye Tracker,983.0,437.0,Valid,Valid,Fixation
1670925676.26051,,Mouse,982.5,438.0,,,Fixation
1670925676.268255,,Eye Tracker,982.0,439.0,Valid,Valid,Fixation
1670925676.28147,,Mouse,984.0,440.0,,,Fixation
1670925676.28491,,Eye Tracker,986.0,441.0,Valid,Valid,Fixation
1670925676.291486,,Mouse,968.5,448.5,,,Saccade
1670925676.301487,,Eye Tracker,951.0,456.0,Valid,Valid,Saccade
1670925676.301564,,Mouse,906.0,468.0,,,Saccade
1670925676.318219,,Eye Tracker,861.0,480.0,Valid,Valid,Saccade
1670925676.321479,,Mouse,821.5,497.0,,,Saccade
1670925676.332446,,Eye Tracker,782.0,514.0,Valid,Valid,Saccade
1670925676.334874,,Mouse,778.5,513.0,,,Saccade
1670925676.351528,,Eye Tracker,775.0,512.0,Valid,Valid,Fixation
1670925676.351531,,Mouse,774.3333333333334,511.3333333333333,,,Fixation
1670925676.361734,,Mouse,773.6666666666666,510.6666666666667,,,Fixation
1670925676.3681831,,Eye Tracker,773.0,510.0,Valid,Valid,Fixation
1670925676.372507,,Mouse,773.5,509.5,,,Fixation
1670925676.384838,,Eye Tracker,774.0,509.0,Valid,Valid,Fixation
1670925676.391504,,Mouse,776.5,506.5,,,Fixation
1670925676.401492,,Eye Tracker,779.0,504.0,Valid,Valid,Fixation
1670925676.40153,,Mouse,782.0,505.5,,,Fixation
1670925676.412508,,Eye Tracker,785.0,507.0,Valid,Valid,Fixation
1670925676.418147,,Mouse,786.0,507.0,,,Fixation
1670925676.431612,,Eye Tracker,787.0,507.0,Valid,Valid,Fixation
1670925676.434802,,Mouse,788.3333333333334,508.3333333333333,,,Fixation
1670925676.451457,,Mouse,789.6666666666666,509.6666666666667,,,Fixation
1670925676.45254,,Eye Tracker,791.0,511.0,Valid,Valid,Fixation
1670925676.468112,,Mouse,791.0,512.5,,,Fixation
1670925676.47249,,Eye Tracker,791.0,514.0,Valid,Valid,Fixation
1670925676.482507,,Mouse,787.0,513.0,,,Fixation
1670925676.484767,,Eye Tracker,783.0,512.0,Valid,Valid,Fixation
1670925676.492577,,Mouse,782.0,513.3333333333334,,,Fixation
1670925676.501421,,Mouse,781.0,514.6666666666666,,,Fixation
1670925676.503486,,Eye Tracker,780.0,516.0,Valid,Valid,Fixation
1670925676.518076,,Mouse,785.5,519.5,,,Fixation
1670925676.522432,,Eye Tracker,791.0,523.0,Valid,Valid,Fixation
1670925676.532479,,Mouse,791.0,523.5,,,Fixation
1670925676.5347311,,Eye Tracker,791.0,524.0,Valid,Valid,Fixation
1670925676.543481,,Mouse,789.0,522.5,,,Fixation
1670925676.551386,,Eye Tracker,787.0,521.0,Valid,Valid,Fixation
1670925676.562495,,Mouse,787.5,519.5,,,Fixation
1670925676.5680401,,Eye Tracker,788.0,518.0,Valid,Valid,Fixation
1670925676.583612,,Mouse,788.3333333333334,519.6666666666666,,,Fixation
1670925676.584695,,Mouse,788.6666666666666,521.3333333333334,,,Fixation
1670925676.60135,,Eye Tracker,789.0,523.0,Valid,Valid,Fixation
1670925676.602475,,Mouse,789.5,524.0,,,Fixation
1670925676.618004,,Eye Tracker,790.0,525.0,Valid,Valid,Fixation
1670925676.623632,,Eye Tracker,788.0,513.0,Valid,Valid,Fixation
1670925676.634659,,Mouse,787.3333333333334,511.3333333333333,,,Fixation
1670925676.642387,,Mouse,786.6666666666666,509.6666666666667,,,Fixation
1670925676.651314,,Eye Tracker,786.0,508.0,Valid,Valid,Fixation
1670925676.652597,,Mouse,785.5,513.0,,,Fixation
1670925676.667968,,Eye Tracker,785.0,518.0,Valid,Valid,Fixation
1670925676.673494,,Mouse,786.0,518.0,,,Fixation
1670925676.684623,,Eye Tracker,787.0,518.0,Valid,Valid,Fixation
1670925676.701278,,Mouse,788.6666666666666,519.0,,,Fixation
1670925676.702503,,Mouse,790.3333333333334,520.0,,,Fixation
1670925676.7134871,,Eye Tracker,792.0,521.0,Valid,Valid,Fixation
1670925676.717932,,Mouse,791.5,521.0,,,Fixation
1670925676.732476,,Eye Tracker,791.0,521.0,Valid,Valid,Fixation
1670925676.734587,,Mouse,786.5,520.5,,,Fixation
1670925676.751242,,Eye Tracker,782.0,520.0,Valid,Valid,Fixation
1670925676.753578,,Mouse,774.0,533.5,,,Saccade
1670925676.767896,,Eye Tracker,766.0,547.0,Valid,Valid,Saccade
1670925676.772479,,Mouse,758.0,567.6666666666666,,,Saccade
1670925676.78264,,Mouse,750.0,588.3333333333334,,,Saccade
1670925676.784552,,Eye Tracker,742.0,609.0,Valid,Valid,Saccade
1670925676.793698,,Eye Tracker,724.0,627.0,Valid,Valid,Saccade
1670925676.801207,,Mouse,721.5,631.0,,,Saccade
1670925676.813505,,Eye Tracker,719.0,635.0,Valid,Valid,Fixation
1670925676.817862,,Mouse,718.6666666666666,634.6666666666666,,,Fixation
1670925676.82356,,Mouse,718.3333333333334,634.3333333333334,,,Fixation
1670925676.834516,,Eye Tracker,718.0,634.0,Valid,Valid,Fixation
1670925676.851171,,Eye Tracker,717.0,631.0,Valid,Valid,Fixation
1670925676.863511,,Mouse,717.3333333333334,631.6666666666666,,,Fixation
1670925676.867826,,Mouse,717.6666666666666,632.3333333333334,,,Fixation
1670925676.88448,,Eye Tracker,718.0,633.0,Valid,Valid,Fixation
1670925676.88473,,Mouse,716.0,629.5,,,Fixation
1670925676.901135,,Eye Tracker,714.0,626.0,Valid,Valid,Fixation
1670925676.903512,,Mouse,715.0,623.5,,,Fixation
1670925676.913736,,Eye Tracker,716.0,621.0,Valid,Valid,Fixation
1670925676.91779,,Mouse,718.3333333333334,621.0,,,Fixation
1670925676.924552,,Mouse,720.6666666666666,621.0,,,Fixation
1670925676.934444,,Eye Tracker,723.0,621.0,Valid,Valid,Fixation
1670925676.943482,,Mouse,722.0,621.5,,,Fixation
1670925676.951099,,Eye Tracker,721.0,622.0,Valid,Valid,Fixation
1670925676.953771,,Mouse,717.5,620.5,,,Fixation
1670925676.964502,,Eye Tracker,714.0,619.0,Valid,Valid,Fixation
1670925676.9677541,,Mouse,713.0,619.0,,,Fixation
1670925676.974629,,Mouse,712.0,619.0,,,Fixation
1670925676.9844081,,Eye Tracker,711.0,619.0,Valid,Valid,Fixation
1670925676.994714,,Mouse,708.5,621.0,,,Fixation
1670925677.001063,,Eye Tracker,706.0,623.0,Valid,Valid,Fixation
1670925677.017718,,Mouse,705.5,622.0,,,Fixation
1670925677.034372,,Eye Tracker,705.0,621.0,Valid,Valid,Fixation
1670925677.051027,,Mouse,705.5,622.0,,,Fixation
1670925677.064703,,Eye Tracker,706.0,623.0,Valid,Valid,Fixation
1670925677.067682,,Mouse,706.6666666666666,622.0,,,Fixation
1670925677.084337,,Mouse,707.3333333333334,621.0,,,Fixation
1670925677.084558,,Eye Tracker,708.0,620.0,Valid,Valid,Fixation
1670925677.095447,,Mouse,692.5,617.0,,,Saccade
1670925677.100991,,Eye Tracker,677.0,614.0,Valid,Valid,Saccade
1670925677.1147711,,Mouse,639.0,631.0,,,Saccade
1670925677.117647,,Eye Tracker,601.0,648.0,Valid,Valid,Saccade
1670925677.1343021,,Mouse,593.3333333333334,645.0,,,Saccade
1670925677.144494,,Mouse,585.6666666666666,642.0,,,Saccade
1670925677.150956,,Eye Tracker,578.0,639.0,Valid,Valid,Saccade
1670925677.15452,,Mouse,575.5,635.0,,,Fixation
1670925677.1676111,,Eye Tracker,573.0,631.0,Valid,Valid,Fixation
1670925677.174756,,Mouse,574.5,633.0,,,Fixation
1670925677.184266,,Eye Tracker,576.0,635.0,Valid,Valid,Fixation
1670925677.185635,,Mouse,576.5,635.0,,,Fixation
1670925677.20092,,Eye Tracker,577.0,635.0,Valid,Valid,Fixation
1670925677.20449,,Mouse,577.5,636.0,,,Fixation
1670925677.214693,,Eye Tracker,578.0,637.0,Valid,Valid,Fixation
1670925677.217575,,Mouse,578.6666666666666,637.0,,,Fixation
1670925677.225524,,Mouse,579.3333333333334,637.0,,,Fixation
1670925677.23423,,Eye Tracker,580.0,637.0,Valid,Valid,Fixation
1670925677.250884,,Eye Tracker,585.0,636.0,Valid,Valid,Fixation
1670925677.254695,,Mouse,585.0,636.5,,,Fixation
1670925677.265482,,Eye Tracker,585.0,637.0,Valid,Valid,Fixation
1670925677.267539,,Mouse,583.0,634.5,,,Fixation
1670925677.284194,,Eye Tracker,581.0,632.0,Valid,Valid,Fixation
1670925677.300848,,Mouse,579.0,630.5,,,Fixation
1670925677.317503,,Eye Tracker,577.0,629.0,Valid,Valid,Fixation
1670925677.32548,,Mouse,579.0,629.0,,,Fixation
1670925677.334158,,Eye Tracker,581.0,629.0,Valid,Valid,Fixation
1670925677.335485,,Mouse,594.5,631.0,,,Fixation
1670925677.346603,,Eye Tracker,608.0,633.0,Valid,Valid,Saccade
1670925677.350813,,Mouse,626.0,636.0,,,Saccade
1670925677.356632,,Eye Tracker,644.0,639.0,Valid,Valid,Saccade
1670925677.367467,,Mouse,647.0,638.0,,,Fixation
1670925677.375626,,Eye Tracker,650.0,637.0,Valid,Valid,Fixation
1670925677.3841221,,Mouse,648.0,637.0,,,Fixation
1670925677.396449,,Eye Tracker,646.0,637.0,Valid,Valid,Fixation
1670925677.400777,,Eye Tracker,640.0,636.0,Valid,Valid,Fixation
1670925677.417431,,Mouse,636.0,636.5,,,Fixation
1670925677.4257631,,Eye Tracker,632.0,637.0,Valid,Valid,Fixation
1670925677.434086,,Mouse,630.5,638.5,,,Fixation
1670925677.436521,,Eye Tracker,629.0,640.0,Valid,Valid,Fixation
1670925677.450742,,Mouse,627.0,636.5,,,Fixation
1670925677.455703,,Eye Tracker,625.0,633.0,Valid,Valid,Fixation
1670925677.467396,,Mouse,627.0,633.0,,,Fixation
1670925677.484051,,Eye Tracker,629.0,633.0,Valid,Valid,Fixation
1670925677.486675,,Mouse,631.5,635.5,,,Fixation
1670925677.500706,,Eye Tracker,634.0,638.0,Valid,Valid,Fixation
1670925677.51736,,Mouse,632.5,637.0,,,Fixation
1670925677.534015,,Eye Tracker,631.0,636.0,Valid,Valid,Fixation
1670925677.5506701,,Mouse,628.0,637.5,,,Fixation
1670925677.567324,,Eye Tracker,625.0,639.0,Valid,Valid,Fixation
1670925677.5839791,,Mouse,624.6666666666666,639.3333333333334,,,Fixation
1670925677.600634,,Mouse,624.3333333333334,639.6666666666666,,,Fixation
1670925677.617289,,Eye Tracker,624.0,640.0,Valid,Valid,Fixation
1670925677.633943,,Eye Tracker,614.0,645.0,Valid,Valid,Fixation
1670925677.650598,,Mouse,611.0,648.0,,,Fixation
1670925677.667253,,Eye Tracker,608.0,651.0,Valid,Valid,Fixation
1670925677.683907,,Mouse,611.0,653.5,,,Fixation
1670925677.687513,,Eye Tracker,614.0,656.0,Valid,Valid,Fixation
1670925677.700562,,Mouse,612.5,656.5,,,Fixation
1670925677.706687,,Eye Tracker,611.0,657.0,Valid,Valid,Fixation
1670925677.717217,,Mouse,611.0,656.0,,,Fixation
1670925677.733871,,Eye Tracker,611.0,655.0,Valid,Valid,Fixation
1670925677.750526,,Mouse,609.0,655.0,,,Fixation
1670925677.767181,,Mouse,607.0,655.0,,,Fixation
1670925677.783835,,Eye Tracker,605.0,655.0,Valid,Valid,Fixation
1670925677.800491,,Eye Tracker,591.0,662.0,Valid,Valid,Fixation
1670925677.817146,,Mouse,589.6666666666666,662.0,,,Fixation
1670925677.8338,,Mouse,588.3333333333334,662.0,,,Fixation
1670925677.850455,,Eye Tracker,587.0,662.0,Valid,Valid,Fixation
1670925677.86711,,Mouse,582.5,657.5,,,Fixation
1670925677.883765,,Eye Tracker,578.0,653.0,Valid,Valid,Fixation
1670925677.900419,,Mouse,580.5,654.0,,,Fixation
1670925677.917074,,Eye Tracker,583.0,655.0,Valid,Valid,Fixation
1670925677.933729,,Mouse,582.5,657.0,,,Fixation
1670925677.950383,,Eye Tracker,582.0,659.0,Valid,Valid,Fixation
1670925677.967038,,Mouse,580.5,663.5,,,Fixation
1670925677.9836931,,Eye Tracker,579.0,668.0,Valid,Valid,Fixation
1670925677.99857,,Mouse,578.0,668.0,,,Fixation
1670925677.99857,,Eye Tracker,577.0,668.0,Valid,Valid,Fixation
1670925678.0003471,,Mouse,575.5,667.5,,,Fixation
1670925678.017002,,Eye Tracker,574.0,667.0,Valid,Valid,Fixation
1670925678.033657,,Mouse,567.5,668.0,,,Fixation
1670925678.039498,,Eye Tracker,561.0,669.0,Valid,Valid,Fixation
1670925678.050311,,Mouse,563.0,666.0,,,Fixation
1670925678.066966,,Eye Tracker,565.0,663.0,Valid,Valid,Fixation
1670925678.083621,,Mouse,581.0,657.0,,,Fixation
1670925678.100275,,Eye Tracker,597.0,651.0,Valid,Invalid,Fixation
1670925678.11693,,Mouse,593.6666666666666,652.3333333333334,,,Fixation
1670925678.133586,,Mouse,590.3333333333334,653.6666666666666,,,Fixation
1670925678.1502411,,Eye Tracker,587.0,655.0,Valid,Invalid,Fixation
1670925678.166895,,Eye Tracker,584.0,668.0,Valid,Invalid,Fixation
1670925678.1835501,,Mouse,581.5,685.5,,,Fixation
1670925678.199489,,Eye Tracker,579.0,703.0,Valid,Valid,Fixation
1670925678.200205,,Mouse,573.0,695.5,,,Fixation
1670925678.209536,,Eye Tracker,567.0,688.0,Valid,Valid,Fixation
1670925678.216859,,Mouse,560.0,685.0,,,Fixation
1670925678.228519,,Eye Tracker,553.0,682.0,Valid,Valid,Fixation
1670925678.233514,,Mouse,554.0,682.0,,,Fixation
1670925678.238576,,Eye Tracker,555.0,682.0,Valid,Valid,Fixation
1670925678.249443,,Mouse,555.0,683.6666666666666,,,Fixation
1670925678.250169,,Mouse,555.0,685.3333333333334,,,Fixation
1670925678.266823,,Eye Tracker,555.0,687.0,Valid,Valid,Fixation
1670925678.2684941,,Eye Tracker,554.0,688.0,Valid,Valid,Fixation
1670925678.283478,,Mouse,551.5,685.5,,,Fixation
1670925678.289467,,Eye Tracker,549.0,683.0,Valid,Valid,Fixation
1670925678.300133,,Mouse,541.5,685.5,,,Fixation
1670925678.316787,,Eye Tracker,534.0,688.0,Valid,Valid,Fixation
1670925678.318483,,Mouse,538.5,691.0,,,Fixation
1670925678.329473,,Eye Tracker,543.0,694.0,Valid,Valid,Fixation
1670925678.333442,,Mouse,541.5,694.5,,,Fixation
1670925678.339544,,Eye Tracker,540.0,695.0,Valid,Valid,Fixation
1670925678.350097,,Mouse,538.6666666666666,694.0,,,Fixation
1670925678.359484,,Mouse,537.3333333333334,693.0,,,Fixation
1670925678.366751,,Eye Tracker,536.0,692.0,Valid,Valid,Fixation
1670925678.37073,,Mouse,532.0,701.0,,,Fixation
1670925678.383406,,Eye Tracker,528.0,710.0,Valid,Valid,Fixation
1670925678.389463,,Mouse,521.6666666666666,713.6666666666666,,,Fixation
1670925678.399524,,Mouse,515.3333333333334,717.3333333333334,,,Saccade
1670925678.4000611,,Eye Tracker,509.0,721.0,Valid,Valid,Saccade
1670925678.409753,,Eye Tracker,489.0,732.0,Valid,Valid,Saccade
1670925678.416716,,Mouse,485.6666666666667,733.6666666666666,,,Saccade
1670925678.420512,,Mouse,482.3333333333333,735.3333333333334,,,Fixation
1670925678.43337,,Eye Tracker,479.0,737.0,Valid,Valid,Fixation
1670925678.439785,,Mouse,478.0,742.0,,,Fixation
1670925678.450025,,Eye Tracker,477.0,747.0,Valid,Valid,Fixation
1670925678.460479,,Mouse,474.0,748.0,,,Fixation
1670925678.466681,,Eye Tracker,471.0,749.0,Valid,Valid,Fixation
1670925678.479434,,Mouse,471.0,748.5,,,Fixation
1670925678.483335,,Eye Tracker,471.0,748.0,Valid,Valid,Fixation
1670925678.489448,,Mouse,474.5,747.5,,,Fixation
1670925678.49999,,Eye Tracker,478.0,747.0,Valid,Valid,Fixation
1670925678.5004811,,Mouse,475.0,747.5,,,Fixation
1670925678.510781,,Eye Tracker,472.0,748.0,Valid,Valid,Fixation
1670925678.516645,,Mouse,473.3333333333333,747.0,,,Fixation
1670925678.530487,,Mouse,474.6666666666667,746.0,,,Fixation
1670925678.533299,,Eye Tracker,476.0,745.0,Valid,Valid,Fixation
1670925678.541721,,Mouse,475.0,744.5,,,Fixation
1670925678.549954,,Eye Tracker,474.0,744.0,Valid,Valid,Fixation
1670925678.5604591,,Eye Tracker,466.0,748.0,Valid,Valid,Fixation
1670925678.5666091,,Mouse,463.0,751.0,,,Fixation
1670925678.570602,,Eye Tracker,460.0,754.0,Valid,Valid,Fixation
1670925678.583264,,Mouse,457.6666666666667,755.3333333333334,,,Fixation
1670925678.591478,,Mouse,455.3333333333333,756.6666666666666,,,Fixation
1670925678.599919,,Eye Tracker,453.0,758.0,Valid,Valid,Fixation
1670925678.610635,,Eye Tracker,436.0,766.0,Valid,Valid,Fixation
1670925678.616574,,Mouse,431.3333333333333,767.3333333333334,,,Fixation
1670925678.631491,,Mouse,426.6666666666667,768.6666666666666,,,Fixation
1670925678.633228,,Eye Tracker,422.0,770.0,Valid,Valid,Fixation
1670925678.649883,,Mouse,414.5,771.5,,,Fixation
1670925678.650512,,Eye Tracker,407.0,773.0,Valid,Valid,Fixation
1670925678.666538,,Mouse,403.5,771.5,,,Fixation
1670925678.671459,,Eye Tracker,400.0,770.0,Valid,Valid,Fixation
1670925678.683193,,Mouse,400.6666666666667,769.3333333333334,,,Fixation
1670925678.690481,,Mouse,401.3333333333333,768.6666666666666,,,Fixation
1670925678.699847,,Eye Tracker,402.0,768.0,Valid,Valid,Fixation
1670925678.71152,,Mouse,404.0,770.5,,,Fixation
1670925678.716502,,Eye Tracker,406.0,773.0,Valid,Valid,Fixation
1670925678.730462,,Eye Tracker,406.0,772.0,Valid,Valid,Fixation
1670925678.733157,,Mouse,403.3333333333333,772.6666666666666,,,Fixation
1670925678.740578,,Mouse,400.6666666666667,773.3333333333334,,,Fixation
1670925678.749811,,Eye Tracker,398.0,774.0,Valid,Valid,Fixation
1670925678.7664661,,Mouse,386.5,776.0,,,Saccade
1670925678.783121,,Eye Tracker,375.0,778.0,Valid,Valid,Saccade
1670925678.7997751,,Mouse,373.0,779.5,,,Fixation
1670925678.81073,,Eye Tracker,371.0,781.0,Valid,Valid,Fixation
1670925678.816431,,Mouse,371.0,784.0,,,Fixation
1670925678.830445,,Eye Tracker,371.0,787.0,Valid,Valid,Fixation
1670925678.833086,,Mouse,370.0,783.5,,,Fixation
1670925678.841582,,Eye Tracker,369.0,780.0,Valid,Valid,Fixation
1670925678.84974,,Eye Tracker,367.0,778.0,Valid,Valid,Fixation
1670925678.861541,,Mouse,369.0,780.0,,,Fixation
1670925678.866395,,Eye Tracker,371.0,782.0,Valid,Valid,Fixation
1670925678.882472,,Mouse,371.0,783.0,,,Fixation
1670925678.88305,,Mouse,371.0,784.0,,,Fixation
1670925678.8924801,,Eye Tracker,371.0,785.0,Valid,Valid,Fixation
1670925678.899704,,Mouse,370.0,782.5,,,Fixation
1670925678.911478,,Eye Tracker,369.0,780.0,Valid,Valid,Fixation
1670925678.916359,,Mouse,369.0,781.5,,,Fixation
1670925678.92148,,Eye Tracker,369.0,783.0,Valid,Valid,Fixation
1670925678.932489,,Mouse,367.0,783.6666666666666,,,Fixation
1670925678.933014,,Mouse,365.0,784.3333333333334,,,Fixation
1670925678.9496691,,Eye Tracker,363.0,785.0,Valid,Valid,Fixation
1670925678.951481,,Eye Tracker,363.0,785.0,Valid,Valid,Fixation
1670925678.961536,,Mouse,361.6666666666667,784.6666666666666,,,Fixation
1670925678.9663231,,Mouse,360.3333333333333,784.3333333333334,,,Fixation
1670925678.972455,,Eye Tracker,359.0,784.0,Valid,Valid,Fixation
1670925678.982978,,Eye Tracker,355.0,779.0,Valid,Valid,Fixation
1670925678.991472,,Mouse,353.5,780.0,,,Fixation
1670925678.999633,,Eye Tracker,352.0,781.0,Valid,Valid,Fixation
1670925679.00174,,Mouse,350.6666666666667,782.6666666666666,,,Fixation
1670925679.0124571,,Mouse,349.3333333333333,784.3333333333334,,,Fixation
1670925679.016287,,Eye Tracker,348.0,786.0,Valid,Valid,Fixation
1670925679.022476,,Mouse,346.5,785.0,,,Fixation
1670925679.032733,,Eye Tracker,345.0,784.0,Valid,Valid,Fixation
1670925679.032942,,Mouse,343.0,783.5,,,Fixation
1670925679.049597,,Eye Tracker,341.0,783.0,Valid,Valid,Fixation
1670925679.053445,,Mouse,343.0,785.0,,,Fixation
1670925679.0634701,,Eye Tracker,345.0,787.0,Valid,Valid,Fixation
1670925679.066251,,Mouse,341.5,789.5,,,Fixation
1670925679.0825,,Eye Tracker,338.0,792.0,Valid,Valid,Fixation
1670925679.082906,,Mouse,338.6666666666667,791.3333333333334,,,Fixation
1670925679.0934901,,Mouse,339.3333333333333,790.6666666666666,,,Fixation
1670925679.099561,,Eye Tracker,340.0,790.0,Valid,Valid,Fixation
1670925679.1125,,Mouse,341.0,791.5,,,Fixation
1670925679.116215,,Eye Tracker,342.0,793.0,Valid,Valid,Fixation
1670925679.132551,,Eye Tracker,324.0,795.0,Valid,Valid,Fixation
1670925679.13287,,Mouse,300.0,794.0,,,Fixation
1670925679.143512,,Eye Tracker,276.0,793.0,Valid,Valid,Saccade
1670925679.1495261,,Mouse,263.5,798.5,,,Saccade
1670925679.162554,,Eye Tracker,251.0,804.0,Valid,Valid,Saccade
1670925679.1661801,,Mouse,247.0,804.5,,,Saccade
1670925679.182835,,Eye Tracker,243.0,805.0,Valid,Valid,Fixation
1670925679.183485,,Mouse,241.0,806.0,,,Fixation
1670925679.19949,,Eye Tracker,239.0,807.0,Valid,Valid,Fixation
1670925679.202738,,Mouse,236.66666666666666,808.6666666666666,,,Fixation
1670925679.216145,,Mouse,234.33333333333334,810.3333333333334,,,Fixation
1670925679.223767,,Eye Tracker,232.0,812.0,Valid,Valid,Fixation
1670925679.232799,,Mouse,230.0,811.0,,,Fixation
1670925679.2424731,,Eye Tracker,228.0,810.0,Valid,Valid,Fixation
1670925679.249454,,Mouse,228.0,813.0,,,Fixation
1670925679.252491,,Eye Tracker,228.0,816.0,Valid,Valid,Fixation
1670925679.266109,,Mouse,228.33333333333334,815.0,,,Fixation
1670925679.27371,,Mouse,228.66666666666666,814.0,,,Fixation
1670925679.282763,,Eye Tracker,229.0,813.0,Valid,Valid,Fixation
1670925679.292646,,Eye Tracker,232.0,810.0,Valid,Valid,Fixation
1670925679.299418,,Mouse,231.0,810.0,,,Fixation
1670925679.302743,,Eye Tracker,230.0,810.0,Valid,Valid,Fixation
1670925679.3135011,,Mouse,228.0,810.6666666666666,,,Fixation
1670925679.316073,,Mouse,226.0,811.3333333333334,,,Fixation
1670925679.332509,,Eye Tracker,224.0,812.0,Valid,Valid,Fixation
1670925679.3327281,,Mouse,224.5,811.5,,,Fixation
1670925679.349383,,Eye Tracker,225.0,811.0,Valid,Valid,Fixation
1670925679.353556,,Mouse,225.0,810.5,,,Fixation
1670925679.36373,,Eye Tracker,225.0,810.0,Valid,Valid,Fixation
1670925679.366038,,Mouse,227.5,811.0,,,Fixation
1670925679.382692,,Eye Tracker,230.0,812.0,Valid,Valid,Fixation
1670925679.38348,,Mouse,232.0,812.5,,,Fixation
1670925679.394718,,Eye Tracker,234.0,813.0,Valid,Valid,Fixation
1670925679.399347,,Mouse,233.0,812.5,,,Fixation
1670925679.413459,,Eye Tracker,232.0,812.0,Valid,Valid,Fixation
1670925679.416002,,Mouse,233.0,810.6666666666666,,,Fixation
1670925679.423747,,Mouse,234.0,809.3333333333334,,,Fixation
1670925679.432656,,Eye Tracker,235.0,808.0,Valid,Valid,Fixation
1670925679.4345531,,Mouse,233.5,807.5,,,Fixation
1670925679.449311,,Eye Tracker,232.0,807.0,Valid,Valid,Fixation
1670925679.465966,,Mouse,222.0,812.5,,,Fixation
1670925679.4826221,,Eye Tracker,212.0,818.0,Valid,Valid,Saccade
1670925679.484436,,Mouse,204.0,819.5,,,Saccade
1670925679.499276,,Eye Tracker,196.0,821.0,Valid,Valid,Fixation
1670925679.513441,,Mouse,191.5,814.0,,,Fixation
1670925679.5159311,,Eye Tracker,187.0,807.0,Valid,Valid,Fixation
1670925679.524503,,Mouse,187.5,809.0,,,Fixation
1670925679.532586,,Eye Tracker,188.0,811.0,Valid,Valid,Fixation
1670925679.534668,,Mouse,188.0,812.0,,,Fixation
1670925679.54924,,Eye Tracker,188.0,813.0,Valid,Valid,Fixation
1670925679.55475,,Eye Tracker,188.0,815.0,Valid,Valid,Fixation
1670925679.565876,,Mouse,189.5,816.5,,,Fixation
1670925679.565895,,Eye Tracker,191.0,818.0,Valid,Valid,Fixation
1670925679.58255,,Mouse,192.0,816.0,,,Fixation
1670925679.584609,,Eye Tracker,193.0,814.0,Valid,Valid,Fixation
1670925679.599204,,Mouse,194.0,815.5,,,Fixation
1670925679.604476,,Eye Tracker,195.0,817.0,Valid,Valid,Fixation
1670925679.615437,,Mouse,195.5,817.5,,,Fixation
1670925679.615859,,Eye Tracker,196.0,818.0,Valid,Valid,Fixation
1670925679.632514,,Mouse,197.0,817.0,,,Fixation
1670925679.634641,,Eye Tracker,198.0,816.0,Valid,Valid,Fixation
1670925679.649168,,Mouse,198.5,815.5,,,Fixation
1670925679.655518,,Eye Tracker,199.0,815.0,Valid,Valid,Fixation
1670925679.665823,,Mouse,198.5,817.5,,,Fixation
1670925679.674513,,Eye Tracker,198.0,820.0,Valid,Valid,Fixation
1670925679.682478,,Eye Tracker,200.0,817.0,Valid,Valid,Fixation
1670925679.684649,,Mouse,200.0,815.5,,,Fixation
1670925679.695487,,Eye Tracker,200.0,814.0,Valid,Valid,Fixation
1670925679.699132,,Mouse,199.0,815.0,,,Fixation
1670925679.714473,,Eye Tracker,198.0,816.0,Valid,Valid,Fixation
1670925679.715787,,Mouse,198.5,817.0,,,Fixation
1670925679.724493,,Eye Tracker,199.0,818.0,Valid,Valid,Fixation
1670925679.7324421,,Mouse,201.0,817.0,,,Fixation
1670925679.735508,,Eye Tracker,203.0,816.0,Valid,Valid,Fixation
1670925679.749097,,Mouse,203.33333333333334,817.3333333333334,,,Fixation
1670925679.754604,,Mouse,203.66666666666666,818.6666666666666,,,Fixation
1670925679.7657511,,Eye Tracker,204.0,820.0,Valid,Valid,Fixation
1670925679.775445,,Mouse,204.0,820.0,,,Fixation
1670925679.782406,,Eye Tracker,204.0,820.0,Valid,Valid,Fixation
1670925679.785477,,Mouse,203.0,817.5,,,Fixation
1670925679.799061,,Eye Tracker,202.0,815.0,Valid,Valid,Fixation
1670925679.804459,,Mouse,202.0,815.25,,,Fixation
1670925679.815715,MouseEvent,,202.0,815.5,,,Fixation
1670925679.825522,,Mouse,202.0,815.75,,,Fixation
1670925679.832371,,Eye Tracker,202.0,816.0,Valid,Valid,Fixation
1670925679.8444881,,Mouse,202.5,815.5,,,Fixation
1670925679.849026,,Eye Tracker,203.0,815.0,Valid,Valid,Fixation
1670925679.854501,,Mouse,203.0,815.0,,,Fixation
1670925679.86542,,Eye Tracker,203.0,815.0,Valid,Valid,Fixation
1670925679.86568,,Mouse,204.0,814.5,,,Fixation
1670925679.875468,,Eye Tracker,205.0,814.0,Valid,Valid,Fixation
1670925679.882335,,Mouse,204.5,813.0,,,Fixation
1670925679.885518,,Eye Tracker,204.0,812.0,Valid,Valid,Fixation
1670925679.89899,,Eye Tracker,203.0,817.0,Valid,Valid,Fixation
1670925679.906501,,Eye Tracker,207.0,823.0,Valid,Valid,Fixation
1670925679.915644,,Mouse,209.5,821.0,,,Fixation
1670925679.92573,,Eye Tracker,212.0,819.0,Valid,Valid,Fixation
1670925679.9322991,,Mouse,212.5,816.0,,,Fixation
1670925679.94647,,Eye Tracker,213.0,813.0,Valid,Valid,Fixation
1670925679.948954,,Eye Tracker,214.0,818.0,Valid,Valid,Fixation
1670925679.956558,,Mouse,214.5,818.0,,,Fixation
1670925679.9656081,,Eye Tracker,215.0,818.0,Valid,Valid,Fixation
1670925679.975472,,Mouse,215.0,818.0,,,Fixation
1670925679.982263,,Eye Tracker,215.0,818.0,Valid,Valid,Fixation
1670925679.985475,,Mouse,215.0,819.3333333333334,,,Fixation
1670925679.9967191,,Mouse,215.0,820.6666666666666,,,Fixation
1670925679.998918,,Eye Tracker,215.0,822.0,Valid,Valid,Fixation
1670925680.015517,,Eye Tracker,218.0,825.0,Valid,Valid,Fixation
1670925680.015573,,Eye Tracker,216.0,821.0,Valid,Valid,Fixation
1670925680.0256321,,Eye Tracker,213.0,822.0,Valid,Valid,Fixation
1670925680.032227,,Eye Tracker,214.0,825.0,Valid,Valid,Fixation
1670925680.036413,,Eye Tracker,215.0,821.0,Valid,Valid,Fixation
1670925680.046449,,Eye Tracker,212.0,820.0,Valid,Valid,Fixation
1670925680.048883,,Eye Tracker,216.0,820.0,Valid,Valid,Fixation
1670925680.056745,,Eye Tracker,214.0,819.0,Valid,Valid,Fixation
1670925680.065538,,Eye Tracker,208.0,821.0,Valid,Valid,Fixation
1670925680.077397,,Eye Tracker,249.0,792.0,Valid,Valid,Saccade
1670925680.082192,,Eye Tracker,315.0,741.0,Valid,Valid,Saccade
1670925680.0877411,,Eye Tracker,635.0,634.0,Valid,Valid,Saccade
1670925680.098847,MouseEvent,,642.3333333333334,633.0,,,Saccade
1670925680.106457,,Mouse,649.6666666666666,632.0,,,Saccade
1670925680.115502,,Eye Tracker,657.0,631.0,Valid,Valid,Saccade
1670925680.117441,,Eye Tracker,664.0,632.0,Valid,Valid,Fixation
1670925680.127732,,Eye Tracker,657.0,630.0,Valid,Valid,Fixation
1670925680.1321561,,Eye Tracker,655.0,630.0,Valid,Valid,Fixation
1670925680.146477,,Eye Tracker,642.0,643.0,Valid,Valid,Fixation
1670925680.148811,,Eye Tracker,635.0,641.0,Valid,Valid,Fixation
1670925680.156605,,Eye Tracker,635.0,632.0,Valid,Valid,Fixation
1670925680.165466,,Eye Tracker,623.0,589.0,Valid,Valid,Saccade
1670925680.167488,,Eye Tracker,599.0,522.0,Valid,Valid,Saccade
1670925680.18212,,Eye Tracker,420.0,200.0,Valid,Valid,Saccade
1670925680.186601,,Eye Tracker,407.0,193.0,Valid,Valid,Fixation
1670925680.196692,,Eye Tracker,401.0,181.0,Valid,Valid,Fixation
1670925680.198775,,Eye Tracker,417.0,185.0,Valid,Valid,Fixation
1670925680.207473,,Mouse,417.5,186.5,,,Fixation
1670925680.21543,,Eye Tracker,418.0,188.0,Valid,Valid,Fixation
1670925680.226634,,Mouse,413.5,189.0,,,Fixation
1670925680.232084,,Eye Tracker,409.0,190.0,Valid,Valid,Fixation
1670925680.247488,,Mouse,409.0,198.0,,,Fixation
1670925680.24874,,Eye Tracker,409.0,206.0,Valid,Valid,Fixation
1670925680.257749,,Mouse,413.0,202.0,,,Fixation
1670925680.265395,,Eye Tracker,417.0,198.0,Valid,Valid,Fixation
1670925680.276428,,Mouse,419.5,199.0,,,Fixation
1670925680.2820501,,Eye Tracker,422.0,200.0,Valid,Valid,Fixation
1670925680.287564,,Mouse,411.5,208.0,,,Fixation
1670925680.2987041,,Eye Tracker,401.0,216.0,Valid,Valid,Fixation
1670925680.30647,,Mouse,394.5,216.5,,,Fixation
1670925680.315359,,Eye Tracker,388.0,217.0,Valid,Valid,Fixation
1670925680.316499,,Mouse,378.5,225.5,,,Fixation
1670925680.3267481,,Eye Tracker,369.0,234.0,Valid,Valid,Saccade
1670925680.332014,,Mouse,365.5,239.5,,,Fixation
1670925680.337472,,Eye Tracker,362.0,245.0,Valid,Valid,Fixation
1670925680.348668,,Mouse,361.0,244.5,,,Fixation
1670925680.356612,,Eye Tracker,360.0,244.0,Valid,Valid,Fixation
1670925680.365323,,Mouse,361.0,240.5,,,Fixation
1670925680.3774781,,Eye Tracker,362.0,237.0,Valid,Valid,Fixation
1670925680.381978,,Mouse,363.0,237.5,,,Fixation
1670925680.387739,,Eye Tracker,364.0,238.0,Valid,Valid,Fixation
1670925680.398632,,Mouse,364.3333333333333,237.66666666666666,,,Fixation
1670925680.407478,,Mouse,364.6666666666667,237.33333333333334,,,Fixation
1670925680.415287,,Eye Tracker,365.0,237.0,Valid,Valid,Fixation
1670925680.418518,,Mouse,368.0,238.5,,,Fixation
1670925680.431942,,Eye Tracker,371.0,240.0,Valid,Valid,Fixation
1670925680.437476,,Mouse,370.0,241.5,,,Fixation
1670925680.4474921,,Eye Tracker,369.0,243.0,Valid,Valid,Fixation
1670925680.448596,,Mouse,370.0,244.0,,,Fixation
1670925680.4587471,,Eye Tracker,371.0,245.0,Valid,Valid,Fixation
1670925680.465251,,Mouse,372.0,245.5,,,Fixation
1670925680.477751,,Eye Tracker,373.0,246.0,Valid,Valid,Fixation
1670925680.481906,,Mouse,370.5,246.0,,,Fixation
1670925680.498504,,Eye Tracker,368.0,246.0,Valid,Valid,Fixation
1670925680.4985611,,Mouse,368.3333333333333,246.66666666666666,,,Fixation
1670925680.515216,,Mouse,368.6666666666667,247.33333333333334,,,Fixation
1670925680.517498,,Eye Tracker,369.0,248.0,Valid,Valid,Fixation
1670925680.527517,,Eye Tracker,370.0,254.0,Valid,Valid,Fixation
1670925680.531871,,Mouse,369.0,253.33333333333334,,,Fixation
1670925680.548526,,Mouse,368.0,252.66666666666666,,,Fixation
1670925680.548631,,Eye Tracker,367.0,252.0,Valid,Valid,Fixation
1670925680.55876,,Mouse,369.5,246.5,,,Fixation
1670925680.56518,,Eye Tracker,372.0,241.0,Valid,Valid,Fixation
1670925680.578491,,Mouse,371.5,242.5,,,Fixation
1670925680.581835,,Eye Tracker,371.0,244.0,Valid,Valid,Fixation
1670925680.5898001,,Mouse,373.5,245.5,,,Fixation
1670925680.59849,,Eye Tracker,376.0,247.0,Valid,Valid,Fixation
1670925680.608743,,Mouse,377.5,249.0,,,Fixation
1670925680.615144,,Eye Tracker,379.0,251.0,Valid,Valid,Fixation
1670925680.629469,,Mouse,380.0,249.0,,,Fixation
1670925680.631799,,Eye Tracker,381.0,247.0,Valid,Valid,Fixation
1670925680.648454,,Mouse,381.5,244.5,,,Fixation
1670925680.648507,,Eye Tracker,382.0,242.0,Valid,Valid,Fixation
1670925680.658521,,Mouse,384.0,231.0,,,Fixation
1670925680.665108,,Eye Tracker,386.0,220.0,Valid,Valid,Fixation
1670925680.6694841,,Mouse,379.0,215.0,,,Fixation
1670925680.681763,,Eye Tracker,372.0,210.0,Valid,Valid,Fixation
1670925680.688388,,Mouse,366.5,210.5,,,Fixation
1670925680.6984181,,Eye Tracker,361.0,211.0,Valid,Valid,Fixation
1670925680.69847,,Mouse,362.0,209.66666666666666,,,Fixation
1670925680.715072,,Mouse,363.0,208.33333333333334,,,Fixation
1670925680.719482,,Eye Tracker,364.0,207.0,Valid,Valid,Fixation
1670925680.7317271,,Mouse,365.0,208.0,,,Fixation
1670925680.7384381,,Eye Tracker,366.0,209.0,Valid,Valid,Fixation
1670925680.748383,,Mouse,367.0,208.5,,,Fixation
1670925680.748776,,Eye Tracker,368.0,208.0,Valid,Valid,Fixation
1670925680.7595031,,Mouse,365.0,204.0,,,Fixation
1670925680.765037,,Eye Tracker,362.0,200.0,Valid,Valid,Fixation
1670925680.778492,,Eye Tracker,362.0,202.0,Valid,Valid,Fixation
1670925680.781692,,Mouse,361.6666666666667,201.33333333333334,,,Fixation
1670925680.788528,,Mouse,361.3333333333333,200.66666666666666,,,Fixation
1670925680.798347,,Eye Tracker,361.0,200.0,Valid,Valid,Fixation
1670925680.79945,,Mouse,363.0,199.33333333333334,,,Fixation
1670925680.8095,,Mouse,365.0,198.66666666666666,,,Fixation
1670925680.815002,,Eye Tracker,367.0,198.0,Valid,Valid,Fixation
1670925680.828628,,Eye Tracker,370.0,189.0,Valid,Valid,Fixation
1670925680.831656,,Mouse,370.0,186.66666666666666,,,Fixation
1670925680.839699,,Mouse,370.0,184.33333333333334,,,Fixation
1670925680.848311,,Eye Tracker,370.0,182.0,Valid,Valid,Fixation
1670925680.8497,,Mouse,373.0,186.0,,,Fixation
1670925680.864966,,Eye Tracker,376.0,190.0,Valid,Valid,Fixation
1670925680.868491,,Eye Tracker,378.0,187.0,Valid,Valid,Fixation
1670925680.878535,,Mouse,377.0,187.0,,,Fixation
1670925680.88162,,Eye Tracker,376.0,187.0,Valid,Valid,Fixation
1670925680.889519,,Eye Tracker,378.0,192.0,Valid,Valid,Fixation
1670925680.8982751,,Eye Tracker,380.0,193.0,Valid,Valid,Fixation
1670925680.9094741,,Eye Tracker,382.0,195.0,Valid,Valid,Fixation
1670925680.91493,,Eye Tracker,384.0,194.0,Valid,Valid,Fixation
1670925680.919531,,Mouse,383.5,194.5,,,Fixation
1670925680.930483,,Eye Tracker,383.0,195.0,Valid,Valid,Fixation
1670925680.9315841,,Mouse,387.0,197.5,,,Fixation
1670925680.940743,,Eye Tracker,391.0,200.0,Valid,Valid,Fixation
1670925680.948239,,Mouse,389.5,198.0,,,Fixation
1670925680.959507,,Eye Tracker,388.0,196.0,Valid,Valid,Fixation
1670925680.964894,,Mouse,385.5,198.0,,,Fixation
1670925680.970452,,Eye Tracker,383.0,200.0,Valid,Valid,Fixation
1670925680.9807541,,Mouse,383.0,200.0,,,Fixation
1670925680.981548,,Eye Tracker,383.0,200.0,Valid,Valid,Fixation
1670925680.998203,,Mouse,383.5,197.0,,,Fixation
1670925680.999465,,Eye Tracker,384.0,194.0,Valid,Valid,Fixation
1670925681.010755,,Mouse,383.0,196.5,,,Fixation
1670925681.014858,,Eye Tracker,382.0,199.0,Valid,Valid,Fixation
1670925681.029437,,Mouse,383.0,199.0,,,Fixation
1670925681.031512,,Eye Tracker,384.0,199.0,Valid,Valid,Fixation
1670925681.039473,,Mouse,384.0,197.0,,,Fixation
1670925681.048167,,Eye Tracker,384.0,195.0,Valid,Valid,Fixation
1670925681.050783,,Mouse,381.5,198.0,,,Fixation
1670925681.064822,,Eye Tracker,379.0,201.0,Valid,Valid,Fixation
1670925681.070447,,Mouse,380.0,201.0,,,Fixation
1670925681.080753,,Eye Tracker,381.0,201.0,Valid,Valid,Fixation
1670925681.081478,,Mouse,380.5,199.5,,,Fixation
1670925681.0981321,,Eye Tracker,380.0,198.0,Valid,Valid,Fixation
1670925681.101406,,Eye Tracker,378.0,197.0,Valid,Valid,Fixation
1670925681.111483,,Eye Tracker,381.0,187.0,Valid,Valid,Fixation
1670925681.114787,,Eye Tracker,378.0,187.0,Valid,Valid,Fixation
1670925681.1303911,,Mouse,378.5,187.0,,,Fixation
1670925681.131442,,Eye Tracker,379.0,187.0,Valid,Valid,Fixation
1670925681.141416,,Mouse,379.5,185.5,,,Fixation
1670925681.148096,,Eye Tracker,380.0,184.0,Valid,Valid,Fixation
1670925681.151477,,Mouse,380.0,184.0,,,Fixation
1670925681.164751,,Eye Tracker,380.0,184.0,Valid,Valid,Fixation
1670925681.170433,,Mouse,380.0,183.0,,,Fixation
1670925681.181407,,Eye Tracker,380.0,182.0,Valid,Valid,Fixation
1670925681.181506,,Eye Tracker,375.0,181.0,Valid,Valid,Fixation
1670925681.198061,,Eye Tracker,379.0,182.0,Valid,Valid,Fixation
1670925681.200455,,Eye Tracker,392.0,183.0,Valid,Valid,Fixation
1670925681.210732,,Mouse,394.5,182.0,,,Fixation
1670925681.214716,,Eye Tracker,397.0,181.0,Valid,Valid,Fixation
1670925681.221502,,Mouse,394.5,182.5,,,Fixation
1670925681.231371,,Eye Tracker,392.0,184.0,Valid,Valid,Fixation
1670925681.240428,,Eye Tracker,388.0,181.0,Valid,Valid,Fixation
1670925681.248025,,Mouse,390.0,180.33333333333334,,,Fixation
1670925681.250608,,Mouse,392.0,179.66666666666666,,,Fixation
1670925681.2646801,,Eye Tracker,394.0,179.0,Valid,Valid,Fixation
1670925681.271477,,Eye Tracker,394.0,182.0,Valid,Valid,Fixation
1670925681.281335,,Mouse,394.0,180.66666666666666,,,Fixation
1670925681.290436,,Mouse,394.0,179.33333333333334,,,Fixation
1670925681.2979891,,Eye Tracker,394.0,178.0,Valid,Valid,Fixation
1670925681.300512,,Mouse,394.0,175.5,,,Fixation
1670925681.3114471,,Eye Tracker,394.0,173.0,Valid,Valid,Fixation
1670925681.314644,,Mouse,390.0,170.5,,,Fixation
1670925681.321495,,Eye Tracker,386.0,168.0,Valid,Valid,Fixation
1670925681.331299,,Mouse,385.0,168.5,,,Fixation
1670925681.340714,,Eye Tracker,384.0,169.0,Valid,Valid,Fixation
1670925681.347954,,Mouse,385.6666666666667,168.33333333333334,,,Fixation
1670925681.351489,,Mouse,387.3333333333333,167.66666666666666,,,Fixation
1670925681.364608,,Eye Tracker,389.0,167.0,Valid,Valid,Fixation
1670925681.370491,,Eye Tracker,389.0,169.0,Valid,Valid,Fixation
1670925681.3807251,,Mouse,392.0,174.5,,,Fixation
1670925681.381263,,Eye Tracker,395.0,180.0,Valid,Valid,Fixation
1670925681.391469,,Mouse,396.0,180.5,,,Fixation
1670925681.397918,,Eye Tracker,397.0,181.0,Valid,Valid,Fixation
1670925681.401674,,Mouse,393.5,178.5,,,Fixation
1670925681.414572,,Eye Tracker,390.0,176.0,Valid,Valid,Fixation
1670925681.421462,,Mouse,388.6666666666667,175.33333333333334,,,Fixation
1670925681.431227,,Mouse,387.3333333333333,174.66666666666666,,,Fixation
1670925681.442593,,Eye Tracker,386.0,174.0,Valid,Valid,Fixation
1670925681.4478831,,Eye Tracker,396.0,170.0,Valid,Valid,Fixation
1670925681.461431,,Eye Tracker,401.0,167.0,Valid,Valid,Fixation
1670925681.4645371,,Mouse,393.0,168.5,,,Fixation
1670925681.471458,,Eye Tracker,385.0,170.0,Valid,Valid,Fixation
1670925681.481192,,Mouse,382.5,171.5,,,Fixation
1670925681.482465,,Eye Tracker,380.0,173.0,Valid,Valid,Fixation
1670925681.492469,,Mouse,387.5,171.0,,,Fixation
1670925681.497847,,Eye Tracker,395.0,169.0,Valid,Valid,Fixation
1670925681.511485,,Mouse,397.5,168.5,,,Fixation
1670925681.514501,,Eye Tracker,400.0,168.0,Valid,Valid,Fixation
1670925681.522502,,Mouse,396.5,173.5,,,Fixation
1670925681.531156,,Eye Tracker,393.0,179.0,Valid,Valid,Fixation
1670925681.5327551,,Mouse,393.0,180.5,,,Fixation
1670925681.547811,,Eye Tracker,393.0,182.0,Valid,Valid,Fixation
1670925681.5514941,,Mouse,392.0,176.0,,,Fixation
1670925681.5624661,,Eye Tracker,391.0,170.0,Valid,Valid,Fixation
1670925681.564465,,Mouse,391.0,170.5,,,Fixation
1670925681.572637,,Eye Tracker,391.0,171.0,Valid,Valid,Fixation
1670925681.58112,,Mouse,393.0,172.0,,,Fixation
1670925681.592479,,Eye Tracker,395.0,173.0,Valid,Valid,Fixation
1670925681.597775,,Mouse,395.3333333333333,173.0,,,Fixation
1670925681.60361,,Mouse,395.6666666666667,173.0,,,Fixation
1670925681.61373,,Eye Tracker,396.0,173.0,Valid,Valid,Fixation
1670925681.61443,,Eye Tracker,394.0,171.0,Valid,Valid,Fixation
1670925681.631084,,Mouse,393.6666666666667,170.33333333333334,,,Fixation
1670925681.6324801,,Mouse,393.3333333333333,169.66666666666666,,,Fixation
1670925681.642603,,Eye Tracker,393.0,169.0,Valid,Valid,Fixation
1670925681.647739,,Mouse,393.0,169.5,,,Fixation
1670925681.653457,,Eye Tracker,393.0,170.0,Valid,Valid,Fixation
1670925681.663722,,Mouse,393.0,169.0,,,Fixation
1670925681.6643941,,Eye Tracker,393.0,168.0,Valid,Valid,Fixation
1670925681.681048,,Mouse,393.0,167.5,,,Fixation
1670925681.68247,,Eye Tracker,393.0,167.0,Valid,Valid,Fixation
1670925681.693477,,Eye Tracker,377.0,170.0,Valid,Valid,Fixation
1670925681.6977031,,Eye Tracker,362.0,171.0,Valid,Valid,Fixation
1670925681.703566,,Mouse,362.5,173.5,,,Fixation
1670925681.714358,,Eye Tracker,363.0,176.0,Valid,Valid,Fixation
1670925681.722496,,Mouse,361.0,178.0,,,Fixation
1670925681.731012,,Eye Tracker,359.0,180.0,Valid,Valid,Fixation
1670925681.733454,,Mouse,358.0,178.0,,,Fixation
1670925681.7436821,,Eye Tracker,357.0,176.0,Valid,Valid,Fixation
1670925681.747667,,Mouse,355.0,175.0,,,Fixation
1670925681.762469,,Eye Tracker,353.0,174.0,Valid,Valid,Fixation
1670925681.764322,,Mouse,353.6666666666667,175.0,,,Fixation
1670925681.773741,,Mouse,354.3333333333333,176.0,,,Fixation
1670925681.780976,,Eye Tracker,355.0,177.0,Valid,Valid,Fixation
1670925681.793439,,Eye Tracker,364.0,179.0,Valid,Valid,Fixation
1670925681.797632,,Mouse,362.5,177.0,,,Fixation
1670925681.812509,,Eye Tracker,361.0,175.0,Valid,Valid,Fixation
1670925681.814287,,Mouse,357.0,175.0,,,Fixation
1670925681.823467,,Eye Tracker,353.0,175.0,Valid,Valid,Fixation
1670925681.830941,,Eye Tracker,351.0,175.0,Valid,Valid,Fixation
1670925681.847596,,Eye Tracker,356.0,171.0,Valid,Valid,Fixation
1670925681.852492,,Eye Tracker,355.0,169.0,Valid,Valid,Fixation
1670925681.863675,,Eye Tracker,349.0,169.0,Valid,Valid,Fixation
1670925681.8642511,,Eye Tracker,349.0,170.0,Valid,Valid,Fixation
1670925681.880906,,Eye Tracker,355.0,162.0,Valid,Valid,Fixation
1670925681.8975601,,Eye Tracker,354.0,160.0,Valid,Valid,Fixation
1670925681.913562,,Mouse,350.5,161.0,,,Fixation
1670925681.914215,,Eye Tracker,347.0,162.0,Valid,Valid,Fixation
1670925681.930871,,Mouse,345.0,160.5,,,Fixation
1670925681.944599,,Eye Tracker,343.0,159.0,Valid,Valid,Fixation
1670925681.947525,,Mouse,343.5,156.5,,,Fixation
1670925681.96418,,Eye Tracker,344.0,154.0,Valid,Valid,Fixation
1670925681.980835,,Mouse,344.0,154.0,,,Fixation
1670925681.997489,,Eye Tracker,344.0,154.0,Valid,Valid,Fixation
1670925682.014144,,Mouse,342.0,153.0,,,Fixation
1670925682.023485,,Eye Tracker,340.0,152.0,Valid,Valid,Fixation
1670925682.030799,,Eye Tracker,340.0,149.0,Valid,Valid,Fixation
1670925682.047453,,Eye Tracker,336.0,146.0,Valid,Valid,Fixation
1670925682.0641081,,Mouse,336.5,145.5,,,Fixation
1670925682.080763,,Eye Tracker,337.0,145.0,Valid,Valid,Fixation
1670925682.094501,,Eye Tracker,339.0,152.0,Valid,Valid,Fixation
1670925682.097417,,Eye Tracker,338.0,156.0,Valid,Valid,Fixation
1670925682.114072,,Eye Tracker,337.0,155.0,Valid,Valid,Fixation
1670925682.130727,,Mouse,340.5,155.0,,,Fixation
1670925682.135597,,Eye Tracker,344.0,155.0,Valid,Valid,Fixation
1670925682.147383,,Mouse,346.0,153.5,,,Fixation
1670925682.164037,,Eye Tracker,348.0,152.0,Valid,Valid,Fixation
1670925682.1757011,,Mouse,346.5,151.5,,,Fixation
1670925682.180692,,Eye Tracker,345.0,151.0,Valid,Valid,Fixation
1670925682.197347,,Mouse,344.5,152.0,,,Fixation
1670925682.205595,,Eye Tracker,344.0,153.0,Valid,Valid,Fixation
1670925682.214001,,Mouse,342.0,152.5,,,Fixation
1670925682.2306561,,Eye Tracker,340.0,152.0,Valid,Valid,Fixation
1670925682.245498,,Eye Tracker,338.0,147.0,Valid,Valid,Fixation
1670925682.247311,,Mouse,339.5,147.5,,,Fixation
1670925682.2639651,,Eye Tracker,341.0,148.0,Valid,Valid,Fixation
1670925682.28062,,Eye Tracker,337.0,155.0,Valid,Valid,Fixation
1670925682.285485,,Eye Tracker,330.0,150.0,Valid,Valid,Fixation
1670925682.297275,,Eye Tracker,333.0,145.0,Valid,Valid,Fixation
1670925682.313929,,Eye Tracker,336.0,146.0,Valid,Valid,Fixation
1670925682.330584,,Mouse,330.5,145.5,,,Fixation
1670925682.347239,,Eye Tracker,325.0,145.0,Valid,Valid,Fixation
1670925682.354475,,Eye Tracker,321.0,145.0,Valid,Valid,Fixation
1670925682.363893,,Mouse,325.6666666666667,144.33333333333334,,,Fixation
1670925682.36455,,Mouse,330.3333333333333,143.66666666666666,,,Fixation
1670925682.380548,,Eye Tracker,335.0,143.0,Valid,Valid,Fixation
1670925682.385652,,Eye Tracker,340.0,140.0,Valid,Valid,Fixation
1670925682.397203,,Mouse,337.0,141.33333333333334,,,Fixation
1670925682.413858,,Mouse,334.0,142.66666666666666,,,Fixation
1670925682.415494,,Eye Tracker,331.0,144.0,Valid,Valid,Fixation
1670925682.430512,,Eye Tracker,330.0,142.0,Valid,Valid,Fixation
1670925682.447167,,Eye Tracker,329.0,136.0,Valid,Valid,Fixation
1670925682.4638221,,Eye Tracker,331.0,139.0,Valid,Valid,Fixation
1670925682.466479,,Eye Tracker,336.0,134.0,Valid,Valid,Fixation
1670925682.4804761,,Eye Tracker,333.0,131.0,Valid,Valid,Fixation
1670925682.496517,,Eye Tracker,328.0,144.0,Valid,Valid,Fixation
1670925682.497132,,Mouse,328.0,144.0,,,Fixation
1670925682.513787,,Eye Tracker,328.0,144.0,Valid,Valid,Fixation
1670925682.5255861,,Eye Tracker,328.0,135.0,Valid,Valid,Fixation
1670925682.530441,,Eye Tracker,329.0,135.0,Valid,Valid,Fixation
1670925682.547096,,Mouse,329.0,134.5,,,Fixation
1670925682.563751,,Eye Tracker,329.0,134.0,Valid,Valid,Fixation
1670925682.575577,,Mouse,329.5,132.5,,,Fixation
1670925682.580405,,Eye Tracker,330.0,131.0,Valid,Valid,Fixation
1670925682.59652,,Mouse,330.0,128.0,,,Fixation
1670925682.59706,,Eye Tracker,330.0,125.0,Valid,Valid,Fixation
1670925682.613715,,Mouse,331.0,126.0,,,Fixation
1670925682.630369,,Eye Tracker,332.0,127.0,Valid,Valid,Fixation
1670925682.637514,,Mouse,333.5,127.0,,,Fixation
1670925682.647024,,Eye Tracker,335.0,127.0,Valid,Valid,Fixation
1670925682.6636791,,Mouse,333.5,127.5,,,Fixation
1670925682.6676261,,Eye Tracker,332.0,128.0,Valid,Valid,Fixation
1670925682.680334,,Eye Tracker,330.0,134.0,Valid,Valid,Fixation
1670925682.696988,,Eye Tracker,331.0,132.0,Valid,Valid,Fixation
1670925682.713643,,Eye Tracker,329.0,140.0,Valid,Valid,Fixation
1670925682.71747,,Eye Tracker,328.0,138.0,Valid,Valid,Fixation
1670925682.730298,,Eye Tracker,341.0,136.0,Valid,Valid,Fixation
1670925682.736641,,Mouse,341.0,137.0,,,Fixation
1670925682.746952,,Eye Tracker,341.0,138.0,Valid,Valid,Fixation
1670925682.763608,,Eye Tracker,328.0,136.0,Valid,Valid,Fixation
1670925682.767459,,Mouse,328.5,136.0,,,Fixation
1670925682.780263,,Eye Tracker,329.0,136.0,Valid,Valid,Fixation
1670925682.796917,,Eye Tracker,333.0,137.0,Valid,Valid,Fixation
1670925682.807556,,Eye Tracker,334.0,139.0,Valid,Valid,Fixation
1670925682.813572,,Eye Tracker,334.0,136.0,Valid,Valid,Fixation
1670925682.8302271,,Eye Tracker,335.0,138.0,Valid,Valid,Fixation
1670925682.837446,,Eye Tracker,333.0,136.0,Valid,Valid,Fixation
1670925682.846882,,Eye Tracker,332.0,136.0,Valid,Valid,Fixation
1670925682.863537,,Mouse,331.3333333333333,136.33333333333334,,,Fixation
1670925682.880192,,Mouse,330.6666666666667,136.66666666666666,,,Fixation
1670925682.896846,,Eye Tracker,330.0,137.0,Valid,Valid,Fixation
1670925682.913501,,Mouse,330.5,138.0,,,Fixation
1670925682.930156,,Eye Tracker,331.0,139.0,Valid,Valid,Fixation
1670925682.946811,,Mouse,333.5,138.0,,,Fixation
1670925682.963465,,Eye Tracker,336.0,137.0,Valid,Valid,Fixation
1670925682.978476,,Mouse,335.5,135.0,,,Fixation
1670925682.98012,,Eye Tracker,335.0,133.0,Valid,Valid,Fixation
1670925682.988559,,Eye Tracker,336.0,137.0,Valid,Valid,Fixation
1670925682.996775,,Mouse,335.0,138.0,,,Fixation
1670925683.013429,,Eye Tracker,334.0,139.0,Valid,Valid,Fixation
1670925683.0284991,,Mouse,332.6666666666667,138.66666666666666,,,Fixation
1670925683.0300841,,Mouse,331.3333333333333,138.33333333333334,,,Fixation
1670925683.046739,,Eye Tracker,330.0,138.0,Valid,Valid,Fixation
1670925683.058718,,Eye Tracker,331.0,139.0,Valid,Valid,Fixation
1670925683.063393,,Mouse,333.3333333333333,138.66666666666666,,,Fixation
1670925683.080048,,Mouse,335.6666666666667,138.33333333333334,,,Fixation
1670925683.087438,,Eye Tracker,338.0,138.0,Valid,Valid,Fixation
1670925683.096703,,Mouse,338.0,136.0,,,Fixation
1670925683.108491,,Eye Tracker,338.0,134.0,Valid,Valid,Fixation
1670925683.109083,,Eye Tracker,335.0,137.0,Valid,Valid,Fixation
1670925683.109083,,Mouse,333.5,138.5,,,Fixation
1670925683.113357,,Eye Tracker,332.0,140.0,Valid,Valid,Fixation
1670925683.1185791,,Eye Tracker,330.0,138.0,Valid,Valid,Fixation
1670925683.130012,,Eye Tracker,330.0,137.0,Valid,Valid,Fixation
1670925683.139456,,Eye Tracker,337.0,138.0,Valid,Valid,Fixation
1670925683.146667,,Eye Tracker,338.0,139.0,Valid,Valid,Fixation
1670925683.15976,,Eye Tracker,346.0,138.0,Valid,Valid,Fixation
1670925683.163321,,Eye Tracker,353.0,140.0,Valid,Valid,Fixation
1670925683.179976,,Eye Tracker,359.0,148.0,Valid,Valid,Fixation
1670925683.189636,,Eye Tracker,360.0,150.0,Valid,Valid,Fixation
1670925683.1966321,,Eye Tracker,356.0,142.0,Valid,Valid,Fixation
1670925683.213287,,Eye Tracker,354.0,140.0,Valid,Valid,Fixation
1670925683.2186391,,Eye Tracker,363.0,146.0,Valid,Valid,Fixation
1670925683.229736,,Eye Tracker,364.0,147.0,Valid,Valid,Fixation
1670925683.2299411,MouseEvent,,358.0,144.0,,,Fixation
1670925683.246596,,Mouse,352.0,141.0,,,Fixation
1670925683.248626,,Eye Tracker,346.0,138.0,Valid,Valid,Fixation
1670925683.263251,,Eye Tracker,344.0,137.0,Valid,Valid,Fixation
1670925683.279466,,Eye Tracker,352.0,134.0,Valid,Valid,Fixation
1670925683.279905,,Eye Tracker,352.0,133.0,Valid,Valid,Fixation
1670925683.29656,,Eye Tracker,351.0,140.0,Valid,Valid,Fixation
1670925683.313215,,Eye Tracker,350.0,140.0,Valid,Valid,Fixation
1670925683.329696,,Eye Tracker,344.0,135.0,Valid,Valid,Fixation
1670925683.329869,,Eye Tracker,343.0,135.0,Valid,Valid,Fixation
1670925683.346524,,Eye Tracker,348.0,138.0,Valid,Valid,Fixation
1670925683.363179,,Eye Tracker,348.0,132.0,Valid,Valid,Fixation
1670925683.379833,,Eye Tracker,413.0,157.0,Valid,Valid,Saccade
1670925683.38963,,Eye Tracker,490.0,204.0,Valid,Valid,Saccade
1670925683.396488,,Mouse,521.5,220.5,,,Saccade
1670925683.413143,,Eye Tracker,553.0,237.0,Valid,Valid,Saccade
1670925683.429797,,Eye Tracker,564.0,245.0,Valid,Valid,Fixation
1670925683.4464521,,Eye Tracker,560.0,250.0,Valid,Valid,Fixation
1670925683.463107,,Mouse,557.5,249.0,,,Fixation
1670925683.479683,,Eye Tracker,555.0,248.0,Valid,Valid,Fixation
1670925683.479683,,Eye Tracker,548.0,244.0,Valid,Valid,Fixation
1670925683.479762,,Mouse,547.0,243.0,,,Fixation
1670925683.496416,,Eye Tracker,546.0,242.0,Valid,Valid,Fixation
1670925683.513071,,Eye Tracker,550.0,248.0,Valid,Valid,Fixation
1670925683.529726,,Eye Tracker,550.0,249.0,Valid,Valid,Fixation
1670925683.546381,,Eye Tracker,546.0,244.0,Valid,Valid,Fixation
1670925683.549457,,Eye Tracker,545.0,240.0,Valid,Valid,Fixation
1670925683.559709,,Mouse,531.5,238.0,,,Saccade
1670925683.563036,,Eye Tracker,518.0,236.0,Valid,Valid,Saccade
1670925683.5704951,,Eye Tracker,490.0,236.0,Valid,Valid,Saccade
1670925683.579691,,Mouse,477.5,239.5,,,Saccade
1670925683.589737,,Eye Tracker,465.0,243.0,Valid,Valid,Saccade
1670925683.596345,,Mouse,463.0,243.5,,,Fixation
1670925683.609476,,Eye Tracker,461.0,244.0,Valid,Valid,Fixation
1670925683.613,,Mouse,460.0,245.0,,,Fixation
1670925683.62046,,Mouse,459.0,246.0,,,Fixation
1670925683.6296551,,Eye Tracker,458.0,247.0,Valid,Valid,Fixation
1670925683.640463,,Eye Tracker,458.0,248.0,Valid,Valid,Fixation
1670925683.6463091,,Mouse,460.0,248.66666666666666,,,Fixation
1670925683.650482,,Mouse,462.0,249.33333333333334,,,Fixation
1670925683.661457,,Eye Tracker,464.0,250.0,Valid,Valid,Fixation
1670925683.662964,,Mouse,465.0,248.5,,,Fixation
1670925683.671459,,Eye Tracker,466.0,247.0,Valid,Valid,Fixation
1670925683.679619,,Eye Tracker,463.0,247.0,Valid,Valid,Fixation
1670925683.696273,,Eye Tracker,463.0,248.0,Valid,Valid,Fixation
1670925683.712928,,Eye Tracker,443.0,238.0,Valid,Valid,Fixation
1670925683.729583,,Eye Tracker,420.0,225.0,Valid,Valid,Fixation
1670925683.746238,,Mouse,423.5,217.0,,,Fixation
1670925683.762892,,Eye Tracker,427.0,209.0,Valid,Valid,Fixation
1670925683.779547,,Mouse,426.5,208.0,,,Fixation
1670925683.796202,,Eye Tracker,426.0,207.0,Valid,Valid,Fixation
1670925683.812856,,Mouse,421.0,207.0,,,Fixation
1670925683.829511,,Eye Tracker,416.0,207.0,Valid,Valid,Fixation
1670925683.8461661,,Mouse,417.0,209.5,,,Fixation
1670925683.8628201,,Eye Tracker,418.0,212.0,Valid,Valid,Fixation
1670925683.879475,,Mouse,416.5,211.0,,,Fixation
1670925683.896131,,Eye Tracker,415.0,210.0,Valid,Valid,Fixation
1670925683.911503,,Mouse,416.5,212.5,,,Fixation
1670925683.912785,,Eye Tracker,418.0,215.0,Valid,Valid,Fixation
1670925683.92944,,Eye Tracker,423.0,212.0,Valid,Valid,Fixation
1670925683.9304261,,Mouse,424.0,211.33333333333334,,,Fixation
1670925683.9405081,,Mouse,425.0,210.66666666666666,,,Fixation
1670925683.946095,,Eye Tracker,426.0,210.0,Valid,Valid,Fixation
1670925683.950649,,Eye Tracker,429.0,215.0,Valid,Valid,Fixation
1670925683.96146,,Mouse,428.0,215.5,,,Fixation
1670925683.962749,,Eye Tracker,427.0,216.0,Valid,Valid,Fixation
1670925683.971469,,Mouse,425.5,216.0,,,Fixation
1670925683.979404,,Eye Tracker,424.0,216.0,Valid,Valid,Fixation
1670925683.991457,,Mouse,424.0,216.0,,,Fixation
1670925683.996059,,Eye Tracker,424.0,216.0,Valid,Valid,Fixation
1670925684.002431,,Mouse,426.5,219.5,,,Fixation
1670925684.012592,,Eye Tracker,429.0,223.0,Valid,Valid,Fixation
1670925684.0127141,,Mouse,429.5,222.5,,,Fixation
1670925684.029368,,Eye Tracker,430.0,222.0,Valid,Valid,Fixation
1670925684.031451,,Mouse,450.0,226.0,,,Saccade
1670925684.042617,,Eye Tracker,470.0,230.0,Valid,Valid,Saccade
1670925684.0460231,,Mouse,490.0,235.0,,,Saccade
1670925684.061459,,Eye Tracker,510.0,240.0,Valid,Valid,Saccade
1670925684.062678,,Mouse,558.0,276.0,,,Saccade
1670925684.079332,,Eye Tracker,606.0,312.0,Valid,Valid,Saccade
1670925684.082634,,Mouse,611.5,317.0,,,Fixation
1670925684.095987,,Eye Tracker,617.0,322.0,Valid,Valid,Fixation
1670925684.101546,,Mouse,618.0,322.0,,,Fixation
1670925684.112642,,Eye Tracker,619.0,322.0,Valid,Valid,Fixation
1670925684.122481,,Mouse,617.3333333333334,321.3333333333333,,,Fixation
1670925684.129296,,Mouse,615.6666666666666,320.6666666666667,,,Fixation
1670925684.145951,,Eye Tracker,614.0,320.0,Valid,Valid,Fixation
1670925684.152609,,Eye Tracker,612.0,322.0,Valid,Valid,Fixation
1670925684.162606,,Mouse,611.0,320.5,,,Fixation
1670925684.173743,,Eye Tracker,610.0,319.0,Valid,Valid,Fixation
1670925684.17926,,Mouse,608.5,317.5,,,Fixation
1670925684.1924691,,Eye Tracker,607.0,316.0,Valid,Valid,Fixation
1670925684.195915,,Mouse,606.0,316.0,,,Fixation
1670925684.21257,,Eye Tracker,605.0,316.0,Valid,Valid,Fixation
1670925684.21373,,Mouse,603.5,318.5,,,Fixation
1670925684.229224,,Eye Tracker,602.0,321.0,Valid,Valid,Fixation
1670925684.23246,,Mouse,602.6666666666666,321.3333333333333,,,Fixation
1670925684.242592,,Mouse,603.3333333333334,321.6666666666667,,,Fixation
1670925684.2458801,,Eye Tracker,604.0,322.0,Valid,Valid,Fixation
1670925684.253705,,Eye Tracker,604.0,318.0,Valid,Valid,Fixation
1670925684.262535,,Mouse,603.3333333333334,317.0,,,Fixation
1670925684.272458,,Mouse,602.6666666666666,316.0,,,Fixation
1670925684.27919,,Eye Tracker,602.0,315.0,Valid,Valid,Fixation
1670925684.282496,,Eye Tracker,599.0,319.0,Valid,Valid,Fixation
1670925684.293469,,Mouse,599.6666666666666,320.3333333333333,,,Fixation
1670925684.295844,,Mouse,600.3333333333334,321.6666666666667,,,Fixation
1670925684.303607,,Eye Tracker,601.0,323.0,Valid,Valid,Fixation
1670925684.312499,,Mouse,602.0,324.5,,,Fixation
1670925684.3224561,,Eye Tracker,603.0,326.0,Valid,Valid,Fixation
1670925684.329154,,Mouse,594.0,330.5,,,Fixation
1670925684.332465,,Eye Tracker,585.0,335.0,Valid,Valid,Fixation
1670925684.343543,,Mouse,558.5,337.5,,,Saccade
1670925684.345808,,Eye Tracker,532.0,340.0,Valid,Valid,Saccade
1670925684.362463,,Mouse,522.5,341.5,,,Fixation
1670925684.362481,,Eye Tracker,513.0,343.0,Valid,Valid,Fixation
1670925684.372553,,Eye Tracker,522.0,351.0,Valid,Valid,Fixation
1670925684.379118,,Mouse,522.3333333333334,353.0,,,Fixation
1670925684.383536,,Mouse,522.6666666666666,355.0,,,Fixation
1670925684.395772,,Eye Tracker,523.0,357.0,Valid,Valid,Fixation
1670925684.402425,,Mouse,517.5,354.5,,,Fixation
1670925684.412427,,Eye Tracker,512.0,352.0,Valid,Valid,Fixation
1670925684.412475,,Mouse,512.0,348.0,,,Fixation
1670925684.42343,,Eye Tracker,512.0,344.0,Valid,Valid,Fixation
1670925684.429082,,Mouse,512.0,342.5,,,Fixation
1670925684.4336,,Eye Tracker,512.0,341.0,Valid,Valid,Fixation
1670925684.445736,,Mouse,513.0,342.3333333333333,,,Fixation
1670925684.452594,,Mouse,514.0,343.6666666666667,,,Fixation
1670925684.4623911,,Eye Tracker,515.0,345.0,Valid,Valid,Fixation
1670925684.473707,,Eye Tracker,520.0,346.0,Valid,Valid,Fixation
1670925684.479046,,Mouse,521.0,347.0,,,Fixation
1670925684.483738,,Mouse,522.0,348.0,,,Fixation
1670925684.4957001,,Eye Tracker,523.0,349.0,Valid,Valid,Fixation
1670925684.5036871,,Mouse,526.0,355.0,,,Fixation
1670925684.512355,,Eye Tracker,529.0,361.0,Valid,Valid,Fixation
1670925684.514592,,Mouse,530.0,359.0,,,Fixation
1670925684.52901,,Eye Tracker,531.0,357.0,Valid,Valid,Fixation
1670925684.533443,,Mouse,531.0,357.5,,,Fixation
1670925684.5434701,,Eye Tracker,531.0,358.0,Valid,Valid,Fixation
1670925684.545665,,Mouse,530.3333333333334,358.6666666666667,,,Fixation
1670925684.554457,,Mouse,529.6666666666666,359.3333333333333,,,Fixation
1670925684.562319,,Eye Tracker,529.0,360.0,Valid,Valid,Fixation
1670925684.564471,,Eye Tracker,528.0,362.0,Valid,Valid,Fixation
1670925684.578974,,Mouse,527.3333333333334,362.6666666666667,,,Fixation
1670925684.583595,,Mouse,526.6666666666666,363.3333333333333,,,Fixation
1670925684.594382,,Eye Tracker,526.0,364.0,Valid,Valid,Fixation
1670925684.59563,,Mouse,532.5,363.0,,,Fixation
1670925684.60461,,Eye Tracker,539.0,362.0,Valid,Valid,Fixation
1670925684.612284,,Mouse,540.0,363.0,,,Fixation
1670925684.623488,,Eye Tracker,541.0,364.0,Valid,Valid,Fixation
1670925684.628939,,Mouse,540.0,365.5,,,Fixation
1670925684.634634,,Eye Tracker,539.0,367.0,Valid,Valid,Fixation
1670925684.6455941,,Mouse,541.0,369.0,,,Fixation
1670925684.6544611,,Eye Tracker,543.0,371.0,Valid,Valid,Fixation
1670925684.6622481,,Eye Tracker,534.0,368.0,Valid,Valid,Fixation
1670925684.674751,,Mouse,535.3333333333334,368.6666666666667,,,Fixation
1670925684.678903,,Mouse,536.6666666666666,369.3333333333333,,,Fixation
1670925684.685516,,Eye Tracker,538.0,370.0,Valid,Valid,Fixation
1670925684.695558,,Mouse,539.5,372.5,,,Fixation
1670925684.704431,,Eye Tracker,541.0,375.0,Valid,Valid,Fixation
1670925684.712212,,Mouse,541.5,373.0,,,Fixation
1670925684.714619,,Eye Tracker,542.0,371.0,Valid,Valid,Fixation
1670925684.725469,,Mouse,543.5,365.5,,,Fixation
1670925684.728867,,Eye Tracker,545.0,360.0,Valid,Valid,Fixation
1670925684.735475,,Mouse,545.3333333333334,360.3333333333333,,,Fixation
1670925684.745522,,Mouse,545.6666666666666,360.6666666666667,,,Fixation
1670925684.754452,,Eye Tracker,546.0,361.0,Valid,Valid,Fixation
1670925684.762176,,Mouse,564.0,348.0,,,Fixation
1670925684.765603,,Eye Tracker,582.0,335.0,Valid,Invalid,Fixation
1670925684.778831,,Mouse,580.5,328.5,,,Fixation
1670925684.784519,,Eye Tracker,579.0,322.0,Valid,Invalid,Fixation
1670925684.795486,,Mouse,578.0,327.0,,,Fixation
1670925684.805478,,Eye Tracker,577.0,332.0,Valid,Invalid,Fixation
1670925684.812141,,Mouse,579.0,336.5,,,Fixation
1670925684.824436,,Eye Tracker,581.0,341.0,Valid,Invalid,Fixation
1670925684.828795,,Mouse,580.0,347.0,,,Fixation
1670925684.834739,,Eye Tracker,579.0,353.0,Valid,Invalid,Fixation
1670925684.84545,,Mouse,578.6666666666666,352.3333333333333,,,Fixation
1670925684.8554611,,Mouse,578.3333333333334,351.6666666666667,,,Fixation
1670925684.8621051,,Eye Tracker,578.0,351.0,Valid,Invalid,Fixation
1670925684.865511,,Eye Tracker,592.0,345.0,Valid,Invalid,Fixation
1670925684.8787591,,Mouse,590.3333333333334,351.0,,,Fixation
1670925684.884461,,Mouse,588.6666666666666,357.0,,,Fixation
1670925684.895414,,Eye Tracker,587.0,363.0,Valid,Valid,Fixation
1670925684.895466,,Mouse,580.5,362.0,,,Fixation
1670925684.905615,,Eye Tracker,574.0,361.0,Valid,Valid,Fixation
1670925684.912069,,Mouse,572.5,361.0,,,Fixation
1670925684.924434,,Eye Tracker,571.0,361.0,Valid,Valid,Fixation
1670925684.928723,,Mouse,572.5,363.0,,,Fixation
1670925684.9355211,,Eye Tracker,574.0,365.0,Valid,Valid,Fixation
1670925684.945379,,Mouse,574.0,365.6666666666667,,,Fixation
1670925684.954433,,Mouse,574.0,366.3333333333333,,,Fixation
1670925684.962034,,Eye Tracker,574.0,367.0,Valid,Valid,Fixation
1670925684.964471,,Eye Tracker,591.0,371.0,Valid,Valid,Fixation
1670925684.975619,,Mouse,590.5,371.5,,,Fixation
1670925684.978688,,Eye Tracker,590.0,372.0,Valid,Valid,Fixation
1670925684.995343,,Mouse,584.0,374.0,,,Fixation
1670925684.995478,,Eye Tracker,578.0,376.0,Valid,Valid,Fixation
1670925685.005597,,Mouse,576.0,374.5,,,Fixation
1670925685.011998,,Eye Tracker,574.0,373.0,Valid,Valid,Fixation
1670925685.026463,,Mouse,575.5,370.0,,,Fixation
1670925685.028652,,Eye Tracker,577.0,367.0,Valid,Valid,Fixation
1670925685.045307,,Mouse,577.5,366.5,,,Fixation
1670925685.045502,,Eye Tracker,578.0,366.0,Valid,Valid,Fixation
1670925685.0619621,,Eye Tracker,579.0,368.0,Valid,Valid,Fixation
1670925685.066449,,Mouse,587.0,372.3333333333333,,,Fixation
1670925685.076751,,Mouse,595.0,376.6666666666667,,,Saccade
1670925685.078617,,Eye Tracker,603.0,381.0,Valid,Valid,Saccade
1670925685.095271,,Mouse,666.0,402.0,,,Saccade
1670925685.0955,,Eye Tracker,729.0,423.0,Valid,Valid,Saccade
1670925685.1066191,,Mouse,738.5,428.0,,,Saccade
1670925685.111926,,Eye Tracker,748.0,433.0,Valid,Valid,Fixation
1670925685.128581,,Mouse,747.3333333333334,434.0,,,Fixation
1670925685.145235,,Mouse,746.6666666666666,435.0,,,Fixation
1670925685.16189,,Eye Tracker,746.0,436.0,Valid,Valid,Fixation
1670925685.16648,,Mouse,748.0,438.0,,,Fixation
1670925685.178545,,Eye Tracker,750.0,440.0,Valid,Valid,Fixation
1670925685.186451,,Mouse,749.0,439.0,,,Fixation
1670925685.195199,,Eye Tracker,748.0,438.0,Valid,Valid,Fixation
1670925685.197516,,Mouse,747.5,436.5,,,Fixation
1670925685.207725,,Eye Tracker,747.0,435.0,Valid,Valid,Fixation
1670925685.211854,,Eye Tracker,745.0,428.0,Valid,Valid,Fixation
1670925685.226488,,Mouse,744.5,429.5,,,Fixation
1670925685.228509,,Eye Tracker,744.0,431.0,Valid,Valid,Fixation
1670925685.237591,,Mouse,742.0,432.0,,,Fixation
1670925685.245163,,Eye Tracker,740.0,433.0,Valid,Valid,Fixation
1670925685.256435,,Mouse,740.0,430.0,,,Fixation
1670925685.261818,,Eye Tracker,740.0,427.0,Valid,Valid,Fixation
1670925685.26669,,Mouse,740.5,429.0,,,Fixation
1670925685.277605,,Eye Tracker,741.0,431.0,Valid,Valid,Fixation
1670925685.2784731,,Mouse,740.0,431.0,,,Fixation
1670925685.295128,,Mouse,739.0,431.0,,,Fixation
1670925685.296601,,Eye Tracker,738.0,431.0,Valid,Valid,Fixation
1670925685.306606,,Eye Tracker,735.0,435.0,Valid,Valid,Fixation
1670925685.311783,,Mouse,734.5,436.5,,,Fixation
1670925685.317368,,Eye Tracker,734.0,438.0,Valid,Valid,Fixation
1670925685.327383,,Mouse,733.0,436.6666666666667,,,Fixation
1670925685.328438,,Mouse,732.0,435.3333333333333,,,Fixation
1670925685.345093,,Eye Tracker,731.0,434.0,Valid,Valid,Fixation
1670925685.346457,,Mouse,733.0,435.5,,,Fixation
1670925685.356591,,Eye Tracker,735.0,437.0,Valid,Valid,Fixation
1670925685.361747,,Mouse,744.5,437.5,,,Fixation
1670925685.367557,,Eye Tracker,754.0,438.0,Valid,Valid,Fixation
1670925685.378402,,Mouse,756.5,438.0,,,Fixation
1670925685.386421,,Eye Tracker,759.0,438.0,Valid,Valid,Fixation
1670925685.395057,,Mouse,757.5,436.5,,,Fixation
1670925685.396554,,Eye Tracker,756.0,435.0,Valid,Valid,Fixation
1670925685.407718,,Mouse,777.5,447.0,,,Fixation
1670925685.411711,,Eye Tracker,799.0,459.0,Valid,Valid,Saccade
1670925685.426597,,Mouse,837.3333333333334,484.0,,,Saccade
1670925685.428366,,Mouse,875.6666666666666,509.0,,,Saccade
1670925685.445021,,Eye Tracker,914.0,534.0,Valid,Valid,Saccade
1670925685.447428,,Mouse,938.0,547.5,,,Saccade
1670925685.457447,,Eye Tracker,962.0,561.0,Valid,Valid,Saccade
1670925685.461675,,Mouse,966.5,563.5,,,Fixation
1670925685.476514,,Eye Tracker,971.0,566.0,Valid,Valid,Fixation
1670925685.4783301,,Mouse,971.0,565.5,,,Fixation
1670925685.487704,,Eye Tracker,971.0,565.0,Valid,Valid,Fixation
1670925685.494985,,Mouse,970.5,568.0,,,Fixation
1670925685.50759,,Eye Tracker,970.0,571.0,Valid,Valid,Fixation
1670925685.511639,,Mouse,970.5,571.5,,,Fixation
1670925685.527585,,Eye Tracker,971.0,572.0,Valid,Valid,Fixation
1670925685.528294,,Mouse,971.0,570.5,,,Fixation
1670925685.538487,,Eye Tracker,971.0,569.0,Valid,Valid,Fixation
1670925685.544949,,Mouse,969.0,568.0,,,Fixation
1670925685.557748,,Eye Tracker,967.0,567.0,Valid,Valid,Fixation
1670925685.561603,,Mouse,966.5,567.0,,,Fixation
1670925685.578258,,Eye Tracker,966.0,567.0,Valid,Valid,Fixation
1670925685.578422,,Mouse,965.0,567.5,,,Fixation
1670925685.594913,,Eye Tracker,964.0,568.0,Valid,Valid,Fixation
1670925685.607727,,Mouse,963.0,568.5,,,Fixation
1670925685.611568,,Eye Tracker,962.0,569.0,Valid,Valid,Fixation
1670925685.628222,,Mouse,963.5,565.5,,,Fixation
1670925685.6448781,,Eye Tracker,965.0,562.0,Valid,Valid,Fixation
1670925685.661533,,Mouse,964.6666666666666,560.3333333333334,,,Fixation
1670925685.6781871,,Mouse,964.3333333333334,558.6666666666666,,,Fixation
1670925685.694842,,Eye Tracker,964.0,557.0,Valid,Valid,Fixation
1670925685.711497,,Eye Tracker,967.0,563.0,Valid,Valid,Fixation
1670925685.728151,,Mouse,1000.6666666666666,565.0,,,Fixation
1670925685.744806,,Mouse,1034.3333333333333,567.0,,,Saccade
1670925685.761461,,Eye Tracker,1068.0,569.0,Valid,Valid,Saccade
1670925685.7684991,,Mouse,1098.5,570.5,,,Saccade
1670925685.778115,,Eye Tracker,1129.0,572.0,Valid,Valid,Saccade
1670925685.789453,,Mouse,1233.0,602.5,,,Saccade
1670925685.79477,,Eye Tracker,1337.0,633.0,Valid,Valid,Saccade
1670925685.799465,,Mouse,1338.5,630.5,,,Saccade
1670925685.811425,,Eye Tracker,1340.0,628.0,Valid,Valid,Fixation
1670925685.818408,,Mouse,1341.0,628.3333333333334,,,Fixation
1670925685.828079,,Mouse,1342.0,628.6666666666666,,,Fixation
1670925685.829675,,Eye Tracker,1343.0,629.0,Valid,Valid,Fixation
1670925685.844734,,Mouse,1340.5,626.0,,,Fixation
1670925685.848466,,Eye Tracker,1338.0,623.0,Valid,Valid,Fixation
1670925685.858664,,Mouse,1334.5,622.0,,,Fixation
1670925685.861389,,Eye Tracker,1331.0,621.0,Valid,Valid,Fixation
1670925685.8695931,,Mouse,1327.5,624.0,,,Fixation
1670925685.8780441,,Eye Tracker,1324.0,627.0,Valid,Valid,Fixation
1670925685.889581,,Mouse,1323.0,626.0,,,Fixation
1670925685.8946981,,Eye Tracker,1322.0,625.0,Valid,Valid,Fixation
1670925685.908421,,Mouse,1322.0,624.0,,,Fixation
1670925685.911353,,Eye Tracker,1322.0,623.0,Valid,Valid,Fixation
1670925685.919477,,Mouse,1321.0,625.0,,,Fixation
1670925685.928008,,Eye Tracker,1320.0,627.0,Valid,Valid,Fixation
1670925685.92949,,Mouse,1330.5,622.5,,,Fixation
1670925685.944662,,Eye Tracker,1341.0,618.0,Valid,Valid,Fixation
1670925685.961317,,Mouse,1387.6666666666667,565.6666666666666,,,Fixation
1670925685.977972,,Mouse,1434.3333333333333,513.3333333333334,,,Saccade
1670925685.978713,,Eye Tracker,1481.0,461.0,Valid,Valid,Saccade
1670925685.994627,,Mouse,1494.5,442.0,,,Saccade
1670925685.999468,,Eye Tracker,1508.0,423.0,Valid,Valid,Saccade
1670925686.009479,,Mouse,1515.0,408.0,,,Saccade
1670925686.011282,,Eye Tracker,1522.0,393.0,Valid,Valid,Saccade
1670925686.019516,,Mouse,1523.5,393.5,,,Saccade
1670925686.027937,,Eye Tracker,1525.0,394.0,Valid,Valid,Fixation
1670925686.029736,,Mouse,1524.0,393.5,,,Fixation
1670925686.040505,,Eye Tracker,1523.0,393.0,Valid,Valid,Fixation
1670925686.044591,,Mouse,1519.5,395.0,,,Fixation
1670925686.061246,,Eye Tracker,1516.0,397.0,Valid,Valid,Fixation
1670925686.0779011,,Mouse,1508.5,402.5,,,Fixation
1670925686.079456,,Eye Tracker,1501.0,408.0,Valid,Valid,Fixation
1670925686.0945551,,Eye Tracker,1496.0,409.0,Valid,Valid,Fixation
1670925686.100459,,Mouse,1499.5,405.0,,,Fixation
1670925686.11121,,Eye Tracker,1503.0,401.0,Valid,Valid,Fixation
1670925686.119617,,Mouse,1505.0,399.5,,,Fixation
1670925686.127865,,Eye Tracker,1507.0,398.0,Valid,Valid,Fixation
1670925686.130494,,Mouse,1528.0,382.0,,,Fixation
1670925686.14452,,Eye Tracker,1549.0,366.0,Valid,Valid,Saccade
1670925686.1495461,,Mouse,1577.5,356.0,,,Saccade
1670925686.15959,,Eye Tracker,1606.0,346.0,Valid,Valid,Saccade
1670925686.161174,,Mouse,1628.0,342.0,,,Saccade
1670925686.177829,,Eye Tracker,1650.0,338.0,Valid,Valid,Saccade
1670925686.194484,,Mouse,1654.0,335.5,,,Saccade
1670925686.211138,,Eye Tracker,1658.0,333.0,Valid,Valid,Unclassified
1670925686.227793,,Mouse,1653.5,336.0,,,Unclassified
1670925686.244448,,Eye Tracker,1649.0,339.0,Valid,Valid,Unclassified
1670925686.261102,,Mouse,1645.0,335.0,,,Unclassified
1670925686.261506,,Mouse,1641.0,331.0,,,Unclassified
1670925686.277757,,Eye Tracker,1637.0,327.0,Valid,Valid,Unclassified
1670925686.2944121,,Eye Tracker,1422.0,359.3333333333333,Invalid,Invalid,EyesNotFound
1670925686.311066,,Mouse,1207.0,391.6666666666667,,,EyesNotFound
1670925686.327721,,Eye Tracker,992.0,424.0,Valid,Valid,Fixation
1670925686.344377,,Mouse,991.6666666666666,416.3333333333333,,,Fixation
1670925686.360719,,Mouse,991.3333333333334,408.6666666666667,,,Fixation
1670925686.361031,,Eye Tracker,991.0,401.0,Valid,Valid,Fixation
1670925686.377686,,Eye Tracker,997.0,401.0,Valid,Valid,Fixation
1670925686.394341,,Mouse,1002.6666666666666,400.6666666666667,,,Fixation
1670925686.410996,,Mouse,1008.3333333333334,400.3333333333333,,,Fixation
1670925686.42765,,Eye Tracker,1014.0,400.0,Valid,Valid,Fixation
1670925686.431726,,Mouse,1016.0,400.0,,,Fixation
1670925686.444305,,Eye Tracker,1018.0,400.0,Valid,Valid,Fixation
1670925686.450495,,Mouse,1020.0,403.5,,,Fixation
1670925686.46096,,Eye Tracker,1022.0,407.0,Valid,Valid,Fixation
1670925686.477614,,Mouse,1025.5,406.0,,,Fixation
1670925686.481472,,Eye Tracker,1029.0,405.0,Valid,Valid,Fixation
1670925686.4942691,,Mouse,1031.5,402.0,,,Fixation
1670925686.500498,,Eye Tracker,1034.0,399.0,Valid,Valid,Fixation
1670925686.510924,,Eye Tracker,1034.0,397.0,Valid,Valid,Fixation
1670925686.5113761,,Mouse,1031.6666666666667,402.0,,,Fixation
1670925686.527578,,Mouse,1029.3333333333333,407.0,,,Fixation
1670925686.531742,,Eye Tracker,1027.0,412.0,Valid,Valid,Fixation
1670925686.544233,,Mouse,1028.5,413.0,,,Fixation
1670925686.560888,,Eye Tracker,1030.0,414.0,Valid,Valid,Fixation
1670925686.577542,,Mouse,1034.0,407.0,,,Fixation
1670925686.594197,,Eye Tracker,1038.0,400.0,Valid,Valid,Fixation
1670925686.602588,,Mouse,1029.5,405.0,,,Fixation
1670925686.610852,,Eye Tracker,1021.0,410.0,Valid,Valid,Fixation
1670925686.627506,,Mouse,1012.3333333333334,414.0,,,Fixation
1670925686.644161,,Mouse,1003.6666666666666,418.0,,,Saccade
1670925686.660816,,Eye Tracker,995.0,422.0,Valid,Valid,Saccade
1670925686.677471,,Eye Tracker,975.0,441.0,Valid,Valid,Saccade
1670925686.6941261,,Mouse,970.0,446.6666666666667,,,Saccade
1670925686.710781,,Mouse,965.0,452.3333333333333,,,Fixation
1670925686.727436,,Eye Tracker,960.0,458.0,Valid,Valid,Fixation
1670925686.733468,,Mouse,962.5,456.0,,,Fixation
1670925686.74409,,Eye Tracker,965.0,454.0,Valid,Valid,Fixation
1670925686.752427,,Mouse,967.0,449.0,,,Fixation
1670925686.760745,,Eye Tracker,969.0,444.0,Valid,Valid,Fixation
1670925686.7624621,,Mouse,968.5,442.0,,,Fixation
1670925686.773561,,Eye Tracker,968.0,440.0,Valid,Valid,Fixation
1670925686.7774,,Mouse,968.0,441.0,,,Fixation
1670925686.7924821,,Eye Tracker,968.0,442.0,Valid,Valid,Fixation
1670925686.794054,,Mouse,969.5,438.0,,,Fixation
1670925686.802494,,Eye Tracker,971.0,434.0,Valid,Valid,Fixation
1670925686.810709,,Mouse,972.0,433.5,,,Fixation
1670925686.813734,,Eye Tracker,973.0,433.0,Valid,Valid,Fixation
1670925686.827364,,Mouse,972.0,435.5,,,Fixation
1670925686.832463,,Eye Tracker,971.0,438.0,Valid,Valid,Fixation
1670925686.844018,,Mouse,971.0,438.3333333333333,,,Fixation
1670925686.860673,,Mouse,971.0,438.6666666666667,,,Fixation
1670925686.877328,,Eye Tracker,971.0,439.0,Valid,Valid,Fixation
1670925686.893982,,Mouse,972.0,437.0,,,Fixation
1670925686.9106371,,Eye Tracker,973.0,435.0,Valid,Valid,Fixation
1670925686.927292,,Mouse,972.5,435.0,,,Fixation
1670925686.943947,,Eye Tracker,972.0,435.0,Valid,Valid,Fixation
1670925686.960601,,Eye Tracker,974.0,433.0,Valid,Valid,Fixation
1670925686.977256,,Mouse,974.3333333333334,432.6666666666667,,,Fixation
1670925686.993911,,Mouse,974.6666666666666,432.3333333333333,,,Fixation
1670925687.010565,,Eye Tracker,975.0,432.0,Valid,Valid,Fixation
1670925687.02722,,Eye Tracker,975.0,432.0,Valid,Valid,Fixation
1670925687.043876,,Eye Tracker,977.0,433.0,Valid,Valid,Fixation
1670925687.06053,,Mouse,978.0,431.5,,,Fixation
1670925687.077185,,Eye Tracker,979.0,430.0,Valid,Valid,Fixation
1670925687.0938401,,Mouse,977.5,429.5,,,Fixation
1670925687.1104941,,Eye Tracker,976.0,429.0,Valid,Valid,Fixation
1670925687.127149,,Eye Tracker,977.0,435.0,Valid,Valid,Fixation
1670925687.143804,,Mouse,977.0,433.5,,,Fixation
1670925687.160458,,Eye Tracker,977.0,432.0,Valid,Valid,Fixation
1670925687.177113,,Mouse,980.5,430.0,,,Fixation
1670925687.193768,,Eye Tracker,984.0,428.0,Valid,Valid,Fixation
1670925687.210423,,Mouse,984.6666666666666,428.3333333333333,,,Fixation
1670925687.227077,,Mouse,985.3333333333334,428.6666666666667,,,Fixation
1670925687.243732,,Eye Tracker,986.0,429.0,Valid,Valid,Fixation
1670925687.260387,,Mouse,985.0,430.5,,,Fixation
1670925687.277041,,Eye Tracker,984.0,432.0,Valid,Valid,Fixation
1670925687.293696,,Mouse,985.0,432.5,,,Fixation
1670925687.3103511,,Eye Tracker,986.0,433.0,Valid,Valid,Fixation
1670925687.3270051,,Mouse,988.5,434.0,,,Fixation
1670925687.34366,,Eye Tracker,991.0,435.0,Valid,Valid,Fixation
1670925687.360315,,Mouse,991.0,436.0,,,Fixation
1670925687.376969,,Mouse,991.0,437.0,,,Fixation
1670925687.393625,,Eye Tracker,991.0,438.0,Valid,Valid,Fixation
1670925687.41028,,Eye Tracker,989.0,440.0,Valid,Valid,Fixation
1670925687.426934,,Mouse,989.0,441.0,,,Fixation
1670925687.443589,,Eye Tracker,989.0,442.0,Valid,Valid,Fixation
1670925687.460244,,Mouse,989.0,444.5,,,Fixation
1670925687.4768991,,Eye Tracker,989.0,447.0,Valid,Valid,Fixation
1670925687.493553,,Mouse,989.0,446.5,,,Fixation
1670925687.5102081,,Eye Tracker,989.0,446.0,Valid,Valid,Fixation
1670925687.526863,,Mouse,986.0,443.5,,,Fixation
1670925687.543517,,Eye Tracker,983.0,441.0,Valid,Valid,Fixation
1670925687.560172,,Mouse,983.0,443.5,,,Fixation
1670925687.565452,,Eye Tracker,983.0,446.0,Valid,Valid,Fixation
1670925687.576437,,Mouse,983.0,447.0,,,Fixation
1670925687.576827,,Eye Tracker,983.0,448.0,Valid,Valid,Fixation
1670925687.586718,,Mouse,983.0,446.0,,,Fixation
1670925687.593481,,Eye Tracker,983.0,444.0,Valid,Valid,Fixation
1670925687.605588,,Mouse,983.5,444.0,,,Fixation
1670925687.610136,,Eye Tracker,984.0,444.0,Valid,Valid,Fixation
1670925687.626419,,Eye Tracker,988.0,440.0,Valid,Valid,Fixation
1670925687.626791,,Mouse,990.0,440.6666666666667,,,Fixation
1670925687.63648,,Mouse,992.0,441.3333333333333,,,Fixation
1670925687.643445,,Eye Tracker,994.0,442.0,Valid,Valid,Fixation
1670925687.6554391,,Mouse,993.5,444.0,,,Fixation
1670925687.6601,,Eye Tracker,993.0,446.0,Valid,Valid,Fixation
1670925687.676755,,Mouse,994.0,447.0,,,Fixation
1670925687.693409,,Eye Tracker,995.0,448.0,Valid,Valid,Fixation
1670925687.710064,,Mouse,992.0,447.0,,,Fixation
1670925687.7267191,,Eye Tracker,989.0,446.0,Valid,Valid,Fixation
1670925687.743375,,Mouse,988.5,445.0,,,Fixation
1670925687.760029,,Eye Tracker,988.0,444.0,Valid,Valid,Fixation
1670925687.776684,,Mouse,993.0,443.5,,,Fixation
1670925687.786707,,Eye Tracker,998.0,443.0,Valid,Valid,Fixation
1670925687.793339,,Mouse,998.5,440.0,,,Fixation
1670925687.809993,,Eye Tracker,999.0,437.0,Valid,Valid,Fixation
1670925687.826648,,Mouse,995.0,440.5,,,Fixation
1670925687.843303,,Eye Tracker,991.0,444.0,Valid,Valid,Fixation
1670925687.859957,,Eye Tracker,990.0,444.0,Valid,Valid,Fixation
1670925687.876612,,Mouse,993.3333333333334,443.6666666666667,,,Fixation
1670925687.887697,,Mouse,996.6666666666666,443.3333333333333,,,Fixation
1670925687.893267,,Eye Tracker,1000.0,443.0,Valid,Valid,Fixation
1670925687.906444,,Mouse,1004.0,445.5,,,Fixation
1670925687.909921,,Eye Tracker,1008.0,448.0,Valid,Valid,Fixation
1670925687.917499,,Mouse,1025.5,447.5,,,Fixation
1670925687.9265761,,Eye Tracker,1043.0,447.0,Valid,Valid,Saccade
1670925687.927514,,Mouse,1052.0,443.0,,,Saccade
1670925687.937724,,Eye Tracker,1061.0,439.0,Valid,Valid,Fixation
1670925687.943231,,Eye Tracker,1065.0,438.0,Valid,Valid,Fixation
1670925687.957456,,Mouse,1065.5,438.5,,,Fixation
1670925687.9598851,,Eye Tracker,1066.0,439.0,Valid,Valid,Fixation
1670925687.967469,,Mouse,1065.5,439.0,,,Fixation
1670925687.97654,,Eye Tracker,1065.0,439.0,Valid,Valid,Fixation
1670925687.977544,,Mouse,1062.5,440.0,,,Fixation
1670925687.993195,,Eye Tracker,1060.0,441.0,Valid,Valid,Fixation
1670925687.996448,,Mouse,1058.5,439.5,,,Fixation
1670925688.007445,,Eye Tracker,1057.0,438.0,Valid,Valid,Fixation
1670925688.00985,,Mouse,1057.5,436.5,,,Fixation
1670925688.017504,,Eye Tracker,1058.0,435.0,Valid,Valid,Fixation
1670925688.026504,,Eye Tracker,1057.0,444.0,Valid,Valid,Fixation
1670925688.036489,,Eye Tracker,1057.0,444.0,Valid,Valid,Fixation
1670925688.043159,,Mouse,1057.5,439.5,,,Fixation
1670925688.04762,,Eye Tracker,1058.0,435.0,Valid,Valid,Fixation
1670925688.059814,,Eye Tracker,1058.0,435.0,Valid,Valid,Fixation
1670925688.06755,,Mouse,1058.6666666666667,435.3333333333333,,,Fixation
1670925688.076468,,Mouse,1059.3333333333333,435.6666666666667,,,Fixation
1670925688.077603,,Eye Tracker,1060.0,436.0,Valid,Valid,Fixation
1670925688.093124,,Mouse,1060.5,434.0,,,Fixation
1670925688.1097791,,Eye Tracker,1061.0,432.0,Valid,Valid,Fixation
1670925688.1264331,,Mouse,1060.0,432.5,,,Fixation
1670925688.143088,,Eye Tracker,1059.0,433.0,Valid,Valid,Fixation
1670925688.159743,,Mouse,1058.6666666666667,434.3333333333333,,,Fixation
1670925688.176397,,Mouse,1058.3333333333333,435.6666666666667,,,Fixation
1670925688.193052,,Eye Tracker,1058.0,437.0,Valid,Valid,Fixation
1670925688.209707,,Mouse,1058.0,437.5,,,Fixation
1670925688.226361,,Eye Tracker,1058.0,438.0,Valid,Valid,Fixation
1670925688.243016,,Mouse,1058.0,439.0,,,Fixation
1670925688.259671,,Eye Tracker,1058.0,440.0,Valid,Valid,Fixation
1670925688.276326,,Mouse,1057.5,439.0,,,Fixation
1670925688.29298,,Eye Tracker,1057.0,438.0,Valid,Valid,Fixation
1670925688.309635,,Mouse,1057.0,437.0,,,Fixation
1670925688.3262901,,Eye Tracker,1057.0,436.0,Valid,Valid,Fixation
1670925688.3429441,,Mouse,1058.0,437.0,,,Fixation
1670925688.359549,,Eye Tracker,1059.0,438.0,Valid,Valid,Fixation
1670925688.359549,,Mouse,1060.0,437.0,,,Fixation
1670925688.359599,,Eye Tracker,1061.0,436.0,Valid,Valid,Fixation
1670925688.376254,,Mouse,1063.5,436.0,,,Fixation
1670925688.392908,,Eye Tracker,1066.0,436.0,Valid,Valid,Fixation
1670925688.409563,,Mouse,1065.5,434.0,,,Fixation
1670925688.426218,,Eye Tracker,1065.0,432.0,Valid,Valid,Fixation
1670925688.442873,,Mouse,1064.0,434.5,,,Fixation
1670925688.459528,,Eye Tracker,1063.0,437.0,Valid,Valid,Fixation
1670925688.476183,,Mouse,1063.0,436.3333333333333,,,Fixation
1670925688.489477,,Mouse,1063.0,435.6666666666667,,,Fixation
1670925688.492837,,Eye Tracker,1063.0,435.0,Valid,Valid,Fixation
1670925688.508676,,Mouse,1064.5,429.5,,,Fixation
1670925688.509492,,Eye Tracker,1066.0,424.0,Valid,Valid,Fixation
1670925688.5194721,,Mouse,1066.0,426.5,,,Fixation
1670925688.5261471,,Eye Tracker,1066.0,429.0,Valid,Valid,Fixation
1670925688.529529,,Mouse,1067.0,432.6666666666667,,,Fixation
1670925688.542802,,Mouse,1068.0,436.3333333333333,,,Fixation
1670925688.548437,,Eye Tracker,1069.0,440.0,Valid,Valid,Fixation
1670925688.559453,,Eye Tracker,1072.0,433.0,Valid,Valid,Fixation
1670925688.559456,,Mouse,1077.0,433.6666666666667,,,Fixation
1670925688.569478,,Mouse,1082.0,434.3333333333333,,,Fixation
1670925688.576111,,Eye Tracker,1087.0,435.0,Valid,Valid,Fixation
1670925688.589454,,Mouse,1104.5,439.0,,,Saccade
1670925688.592766,,Eye Tracker,1122.0,443.0,Valid,Valid,Saccade
1670925688.600478,,Eye Tracker,1153.0,444.0,Valid,Valid,Saccade
1670925688.60942,,Mouse,1154.6666666666667,444.6666666666667,,,Saccade
1670925688.610581,,Mouse,1156.3333333333333,445.3333333333333,,,Fixation
1670925688.626075,,Eye Tracker,1158.0,446.0,Valid,Valid,Fixation
1670925688.6294181,,Mouse,1160.0,446.5,,,Fixation
1670925688.640487,,Eye Tracker,1162.0,447.0,Valid,Valid,Fixation
1670925688.64273,,Mouse,1161.5,447.5,,,Fixation
1670925688.659384,,Eye Tracker,1161.0,448.0,Valid,Valid,Fixation
1670925688.660423,,Mouse,1159.0,445.5,,,Fixation
1670925688.676039,,Eye Tracker,1157.0,443.0,Valid,Valid,Fixation
1670925688.679405,,Mouse,1157.3333333333333,443.0,,,Fixation
1670925688.690444,,Mouse,1157.6666666666667,443.0,,,Fixation
1670925688.692694,,Eye Tracker,1158.0,443.0,Valid,Valid,Fixation
1670925688.700459,,Mouse,1158.5,442.5,,,Fixation
1670925688.709348,,Eye Tracker,1159.0,442.0,Valid,Valid,Fixation
1670925688.7193801,,Mouse,1159.0,441.0,,,Fixation
1670925688.726003,,Eye Tracker,1159.0,440.0,Valid,Valid,Fixation
1670925688.730532,,Mouse,1161.0,443.5,,,Fixation
1670925688.740747,,Eye Tracker,1163.0,447.0,Valid,Valid,Fixation
1670925688.7426581,,Mouse,1162.0,444.0,,,Fixation
1670925688.759312,,Eye Tracker,1161.0,441.0,Valid,Valid,Fixation
1670925688.7604601,,Mouse,1161.5,438.0,,,Fixation
1670925688.77149,,Eye Tracker,1162.0,435.0,Valid,Valid,Fixation
1670925688.7759671,,Mouse,1162.5,437.5,,,Fixation
1670925688.791413,,Eye Tracker,1163.0,440.0,Valid,Valid,Fixation
1670925688.792623,,Mouse,1164.5,439.0,,,Fixation
1670925688.809278,,Eye Tracker,1166.0,438.0,Valid,Valid,Fixation
1670925688.8114471,,Mouse,1166.3333333333333,436.0,,,Fixation
1670925688.825932,,Mouse,1166.6666666666667,434.0,,,Fixation
1670925688.831465,,Eye Tracker,1167.0,432.0,Valid,Valid,Fixation
1670925688.842587,,Mouse,1165.0,433.0,,,Fixation
1670925688.850451,,Eye Tracker,1163.0,434.0,Valid,Valid,Fixation
1670925688.859242,,Mouse,1163.0,436.0,,,Fixation
1670925688.861567,,Eye Tracker,1163.0,438.0,Valid,Valid,Fixation
1670925688.875896,,Mouse,1163.5,434.5,,,Fixation
1670925688.880383,,Eye Tracker,1164.0,431.0,Valid,Valid,Fixation
1670925688.890451,,Mouse,1164.0,431.5,,,Fixation
1670925688.8925521,,Eye Tracker,1164.0,432.0,Valid,Valid,Fixation
1670925688.901714,,Mouse,1164.0,433.0,,,Fixation
1670925688.909207,,Eye Tracker,1164.0,434.0,Valid,Valid,Fixation
1670925688.92042,,Mouse,1163.5,433.5,,,Fixation
1670925688.9258611,,Eye Tracker,1163.0,433.0,Valid,Valid,Fixation
1670925688.93048,,Eye Tracker,1163.0,442.0,Valid,Valid,Fixation
1670925688.941441,,Mouse,1164.5,440.5,,,Fixation
1670925688.942516,,Eye Tracker,1166.0,439.0,Valid,Valid,Fixation
1670925688.959171,,Mouse,1168.0,434.5,,,Fixation
1670925688.96155,,Eye Tracker,1170.0,430.0,Valid,Valid,Fixation
1670925688.975825,,Mouse,1171.0,431.5,,,Fixation
1670925688.981436,,Eye Tracker,1172.0,433.0,Valid,Valid,Fixation
1670925688.991452,,Mouse,1174.5,438.5,,,Fixation
1670925688.99248,,Eye Tracker,1177.0,444.0,Valid,Valid,Fixation
1670925689.001471,,Mouse,1176.0,441.0,,,Fixation
1670925689.009135,,Eye Tracker,1175.0,438.0,Valid,Valid,Fixation
1670925689.020453,,Eye Tracker,1174.0,430.0,Valid,Valid,Fixation
1670925689.025789,,Mouse,1173.5,430.0,,,Fixation
1670925689.031455,,Eye Tracker,1173.0,430.0,Valid,Valid,Fixation
1670925689.041474,,Mouse,1171.0,430.0,,,Fixation
1670925689.042444,,Eye Tracker,1169.0,430.0,Valid,Valid,Fixation
1670925689.059099,,Eye Tracker,1171.0,433.0,Valid,Valid,Fixation
1670925689.060725,,Eye Tracker,1176.0,433.0,Valid,Valid,Fixation
1670925689.071459,,Mouse,1177.5,434.5,,,Fixation
1670925689.075754,,Eye Tracker,1179.0,436.0,Valid,Valid,Fixation
1670925689.081461,,Mouse,1182.0,435.5,,,Fixation
1670925689.092408,,Eye Tracker,1185.0,435.0,Valid,Valid,Fixation
1670925689.101393,,Eye Tracker,1184.0,438.0,Valid,Valid,Fixation
1670925689.1090631,,Mouse,1182.6666666666667,435.0,,,Fixation
1670925689.112439,,Mouse,1181.3333333333333,432.0,,,Fixation
1670925689.122703,,Eye Tracker,1180.0,429.0,Valid,Valid,Fixation
1670925689.125718,,Mouse,1181.0,428.0,,,Fixation
1670925689.141475,,Eye Tracker,1182.0,427.0,Valid,Valid,Fixation
1670925689.142373,,Mouse,1186.5,427.5,,,Fixation
1670925689.152445,,Eye Tracker,1191.0,428.0,Valid,Valid,Fixation
1670925689.159028,,Mouse,1191.6666666666667,426.6666666666667,,,Fixation
1670925689.1727471,,Mouse,1192.3333333333333,425.3333333333333,,,Fixation
1670925689.175683,,Eye Tracker,1193.0,424.0,Valid,Valid,Fixation
1670925689.191618,,Eye Tracker,1183.0,420.0,Valid,Valid,Fixation
1670925689.192337,,Mouse,1183.0,421.0,,,Fixation
1670925689.202591,,Eye Tracker,1183.0,422.0,Valid,Valid,Fixation
1670925689.208992,,Mouse,1184.5,417.5,,,Fixation
1670925689.2126381,,Eye Tracker,1186.0,413.0,Valid,Valid,Fixation
1670925689.225647,,Mouse,1185.0,411.5,,,Fixation
1670925689.231425,,Eye Tracker,1184.0,410.0,Valid,Valid,Fixation
1670925689.242301,,Mouse,1190.5,414.5,,,Fixation
1670925689.242438,,Eye Tracker,1197.0,419.0,Valid,Valid,Fixation
1670925689.252453,,Mouse,1215.0,414.0,,,Fixation
1670925689.258956,,Eye Tracker,1233.0,409.0,Valid,Valid,Saccade
1670925689.272464,,Mouse,1250.5,405.5,,,Saccade
1670925689.275611,,Eye Tracker,1268.0,402.0,Valid,Valid,Saccade
1670925689.283441,,Eye Tracker,1274.0,396.0,Valid,Valid,Fixation
1670925689.292265,,Mouse,1274.5,394.0,,,Fixation
1670925689.303623,,Eye Tracker,1275.0,392.0,Valid,Valid,Fixation
1670925689.3089201,,Mouse,1274.5,392.0,,,Fixation
1670925689.323499,,Eye Tracker,1274.0,392.0,Valid,Valid,Fixation
1670925689.325575,,Mouse,1272.0,395.5,,,Fixation
1670925689.34223,,Eye Tracker,1270.0,399.0,Valid,Valid,Fixation
1670925689.343446,,Mouse,1270.5,399.5,,,Fixation
1670925689.358884,,Eye Tracker,1271.0,400.0,Valid,Valid,Fixation
1670925689.362402,,Mouse,1272.0,396.5,,,Fixation
1670925689.373447,,Eye Tracker,1273.0,393.0,Valid,Valid,Fixation
1670925689.375539,,Eye Tracker,1275.0,392.0,Valid,Valid,Fixation
1670925689.392194,,Mouse,1274.0,390.3333333333333,,,Fixation
1670925689.39245,,Mouse,1273.0,388.6666666666667,,,Fixation
1670925689.402589,,Eye Tracker,1272.0,387.0,Valid,Valid,Fixation
1670925689.408848,,Eye Tracker,1264.0,390.0,Valid,Valid,Fixation
1670925689.413446,,Mouse,1254.0,386.5,,,Fixation
1670925689.423487,,Eye Tracker,1244.0,383.0,Valid,Valid,Fixation
1670925689.425503,,Mouse,1239.0,385.0,,,Fixation
1670925689.442158,,Eye Tracker,1234.0,387.0,Valid,Valid,Fixation
1670925689.442421,,Eye Tracker,1234.0,382.0,Valid,Valid,Fixation
1670925689.45372,,Mouse,1235.5,379.5,,,Fixation
1670925689.458812,,Eye Tracker,1237.0,377.0,Valid,Valid,Fixation
1670925689.473463,,Mouse,1239.5,377.5,,,Fixation
1670925689.475467,,Eye Tracker,1242.0,378.0,Valid,Valid,Fixation
1670925689.4921231,,Mouse,1241.6666666666667,378.6666666666667,,,Fixation
1670925689.493585,,Mouse,1241.3333333333333,379.3333333333333,,,Fixation
1670925689.5087771,,Eye Tracker,1241.0,380.0,Valid,Valid,Fixation
1670925689.5134661,,Mouse,1242.0,383.0,,,Fixation
1670925689.525432,,Eye Tracker,1243.0,386.0,Valid,Valid,Fixation
1670925689.53259,,Mouse,1242.5,384.0,,,Fixation
1670925689.542087,,Eye Tracker,1242.0,382.0,Valid,Valid,Fixation
1670925689.543406,,Mouse,1240.5,386.0,,,Fixation
1670925689.5534391,,Eye Tracker,1239.0,390.0,Valid,Valid,Fixation
1670925689.558741,,Mouse,1238.0,391.0,,,Fixation
1670925689.572474,,Eye Tracker,1237.0,392.0,Valid,Valid,Fixation
1670925689.575396,,Mouse,1236.5,390.5,,,Fixation
1670925689.583472,,Eye Tracker,1236.0,389.0,Valid,Valid,Fixation
1670925689.592051,,Mouse,1237.0,388.0,,,Fixation
1670925689.59369,,Eye Tracker,1238.0,387.0,Valid,Valid,Fixation
1670925689.608706,,Mouse,1236.5,386.0,,,Fixation
1670925689.6134381,,Eye Tracker,1235.0,385.0,Valid,Valid,Fixation
1670925689.624715,,Mouse,1234.5,384.5,,,Fixation
1670925689.62536,,Eye Tracker,1234.0,384.0,Valid,Valid,Fixation
1670925689.642015,,Mouse,1248.5,389.0,,,Saccade
1670925689.644443,,Eye Tracker,1263.0,394.0,Valid,Valid,Saccade
1670925689.65867,,Mouse,1270.5,398.5,,,Fixation
1670925689.66464,,Eye Tracker,1278.0,403.0,Valid,Valid,Fixation
1670925689.67471,,Eye Tracker,1296.0,382.0,Valid,Valid,Fixation
1670925689.675324,,Mouse,1296.3333333333333,382.3333333333333,,,Fixation
1670925689.691979,,Mouse,1296.6666666666667,382.6666666666667,,,Fixation
1670925689.69349,,Eye Tracker,1297.0,383.0,Valid,Valid,Fixation
1670925689.7086341,,Mouse,1288.5,389.0,,,Fixation
1670925689.714432,,Eye Tracker,1280.0,395.0,Valid,Valid,Fixation
1670925689.724497,,Mouse,1279.5,395.5,,,Fixation
1670925689.725288,,Eye Tracker,1279.0,396.0,Valid,Valid,Fixation
1670925689.7419431,,Mouse,1282.5,398.5,,,Fixation
1670925689.743444,,Eye Tracker,1286.0,401.0,Valid,Valid,Fixation
1670925689.754435,,Mouse,1285.0,402.0,,,Fixation
1670925689.758598,,Eye Tracker,1284.0,403.0,Valid,Valid,Fixation
1670925689.7645981,,Eye Tracker,1279.0,391.0,Valid,Valid,Fixation
1670925689.775252,,Eye Tracker,1286.0,385.0,Valid,Valid,Fixation
1670925689.784568,,Mouse,1286.0,390.0,,,Fixation
1670925689.791907,,Eye Tracker,1286.0,395.0,Valid,Valid,Fixation
1670925689.79548,,Eye Tracker,1283.0,388.0,Valid,Valid,Fixation
1670925689.808563,,Mouse,1282.5,387.5,,,Fixation
1670925689.815452,,Eye Tracker,1282.0,387.0,Valid,Valid,Fixation
1670925689.825217,,Mouse,1296.5,389.0,,,Fixation
1670925689.835418,,Eye Tracker,1311.0,391.0,Valid,Valid,Saccade
1670925689.841872,,Mouse,1331.0,383.0,,,Saccade
1670925689.858527,,Eye Tracker,1351.0,375.0,Valid,Valid,Saccade
1670925689.864551,,Mouse,1354.0,373.0,,,Saccade
1670925689.875182,,Mouse,1357.0,371.0,,,Fixation
1670925689.885434,,Eye Tracker,1360.0,369.0,Valid,Valid,Fixation
1670925689.891836,,Mouse,1363.5,367.0,,,Fixation
1670925689.8954551,,Eye Tracker,1367.0,365.0,Valid,Valid,Fixation
1670925689.9084911,,Mouse,1367.0,367.0,,,Fixation
1670925689.91462,,Eye Tracker,1367.0,369.0,Valid,Valid,Fixation
1670925689.925146,,Mouse,1365.5,369.5,,,Fixation
1670925689.925708,,Eye Tracker,1364.0,370.0,Valid,Valid,Fixation
1670925689.941801,,Mouse,1364.3333333333333,370.3333333333333,,,Fixation
1670925689.958456,,Mouse,1364.6666666666667,370.6666666666667,,,Fixation
1670925689.975111,,Eye Tracker,1365.0,371.0,Valid,Valid,Fixation
1670925689.985589,,Eye Tracker,1361.0,369.0,Valid,Valid,Fixation
1670925689.991765,,Mouse,1358.6666666666667,368.0,,,Fixation
1670925690.00842,,Mouse,1356.3333333333333,367.0,,,Fixation
1670925690.025075,,Eye Tracker,1354.0,366.0,Valid,Valid,Fixation
1670925690.041729,,Mouse,1354.0,367.6666666666667,,,Fixation
1670925690.058384,,Mouse,1354.0,369.3333333333333,,,Fixation
1670925690.06568,,Eye Tracker,1354.0,371.0,Valid,Valid,Fixation
1670925690.0750391,,Eye Tracker,1354.0,373.0,Valid,Valid,Fixation
1670925690.091693,,Mouse,1354.0,374.5,,,Fixation
1670925690.1083481,,Eye Tracker,1354.0,376.0,Valid,Valid,Fixation
1670925690.1154861,,Mouse,1354.0,376.5,,,Fixation
1670925690.125003,,Eye Tracker,1354.0,377.0,Valid,Valid,Fixation
1670925690.141658,,Mouse,1353.5,379.5,,,Fixation
1670925690.146468,,Eye Tracker,1353.0,382.0,Valid,Valid,Fixation
1670925690.156742,,Mouse,1354.5,383.0,,,Fixation
1670925690.158312,,Eye Tracker,1356.0,384.0,Valid,Valid,Fixation
1670925690.174967,,Mouse,1357.3333333333333,383.0,,,Fixation
1670925690.176449,,Mouse,1358.6666666666667,382.0,,,Fixation
1670925690.186628,,Eye Tracker,1360.0,381.0,Valid,Valid,Fixation
1670925690.191622,,Mouse,1359.0,381.5,,,Fixation
1670925690.20541,,Eye Tracker,1358.0,382.0,Valid,Valid,Fixation
1670925690.208276,,Mouse,1357.0,375.5,,,Fixation
1670925690.2154331,,Eye Tracker,1356.0,369.0,Valid,Valid,Fixation
1670925690.224931,,Mouse,1360.0,362.0,,,Fixation
1670925690.2264361,,Eye Tracker,1364.0,355.0,Valid,Valid,Fixation
1670925690.241586,,Mouse,1380.0,342.0,,,Saccade
1670925690.245454,,Eye Tracker,1396.0,329.0,Valid,Valid,Saccade
1670925690.2555861,,Mouse,1399.0,325.0,,,Fixation
1670925690.25824,,Eye Tracker,1402.0,321.0,Valid,Valid,Fixation
1670925690.266441,,Mouse,1393.0,329.0,,,Fixation
1670925690.274895,,Eye Tracker,1384.0,337.0,Valid,Valid,Fixation
1670925690.276446,,Mouse,1383.6666666666667,336.3333333333333,,,Fixation
1670925690.286714,,Mouse,1383.3333333333333,335.6666666666667,,,Fixation
1670925690.291551,,Eye Tracker,1383.0,335.0,Valid,Valid,Fixation
1670925690.3082051,,Mouse,1382.0,328.0,,,Fixation
1670925690.31758,,Eye Tracker,1381.0,321.0,Valid,Valid,Fixation
1670925690.32486,,Mouse,1378.5,324.5,,,Fixation
1670925690.336412,,Eye Tracker,1376.0,328.0,Valid,Valid,Fixation
1670925690.341515,,Mouse,1375.5,335.5,,,Fixation
1670925690.347423,,Eye Tracker,1375.0,343.0,Valid,Valid,Fixation
1670925690.358169,,Mouse,1377.0,342.5,,,Fixation
1670925690.36742,,Eye Tracker,1379.0,342.0,Valid,Valid,Fixation
1670925690.374824,,Mouse,1381.0,343.0,,,Fixation
1670925690.387719,,Eye Tracker,1383.0,344.0,Valid,Valid,Fixation
1670925690.391479,,Mouse,1383.0,343.0,,,Fixation
1670925690.40737,,Eye Tracker,1383.0,342.0,Valid,Valid,Fixation
1670925690.408134,,Mouse,1382.3333333333333,341.3333333333333,,,Fixation
1670925690.424788,,Mouse,1381.6666666666667,340.6666666666667,,,Fixation
1670925690.437418,,Eye Tracker,1381.0,340.0,Valid,Valid,Fixation
1670925690.441443,,Eye Tracker,1382.0,336.0,Valid,Valid,Fixation
1670925690.447671,,Mouse,1380.0,336.3333333333333,,,Fixation
1670925690.458098,,Mouse,1378.0,336.6666666666667,,,Fixation
1670925690.466461,,Eye Tracker,1376.0,337.0,Valid,Valid,Fixation
1670925690.474752,,Mouse,1376.0,337.0,,,Fixation
1670925690.477437,,Eye Tracker,1376.0,337.0,Valid,Valid,Fixation
1670925690.487639,,Mouse,1376.0,334.0,,,Fixation
1670925690.491407,,Eye Tracker,1376.0,331.0,Valid,Valid,Fixation
1670925690.5064461,,Mouse,1375.5,333.5,,,Fixation
1670925690.5080621,,Eye Tracker,1375.0,336.0,Valid,Valid,Fixation
1670925690.517603,,Mouse,1377.5,337.0,,,Fixation
1670925690.5247161,,Eye Tracker,1380.0,338.0,Valid,Valid,Fixation
1670925690.537444,,Mouse,1392.0,339.0,,,Fixation
1670925690.541371,,Eye Tracker,1404.0,340.0,Valid,Valid,Saccade
1670925690.556705,,Mouse,1409.5,341.0,,,Fixation
1670925690.558027,,Eye Tracker,1415.0,342.0,Valid,Valid,Fixation
1670925690.56746,,Mouse,1412.0,340.5,,,Fixation
1670925690.574681,,Eye Tracker,1409.0,339.0,Valid,Valid,Fixation
1670925690.577517,,Mouse,1407.5,343.0,,,Fixation
1670925690.591336,,Eye Tracker,1406.0,347.0,Valid,Valid,Fixation
1670925690.596438,,Mouse,1406.0,349.0,,,Fixation
1670925690.607452,,Eye Tracker,1406.0,351.0,Valid,Valid,Fixation
1670925690.607991,,Mouse,1408.0,349.3333333333333,,,Fixation
1670925690.617701,,Mouse,1410.0,347.6666666666667,,,Fixation
1670925690.624645,,Eye Tracker,1412.0,346.0,Valid,Valid,Fixation
1670925690.6374211,,Eye Tracker,1412.0,348.0,Valid,Valid,Fixation
1670925690.6413,,Mouse,1412.3333333333333,348.0,,,Fixation
1670925690.6486611,,Mouse,1412.6666666666667,348.0,,,Fixation
1670925690.657955,,Eye Tracker,1413.0,348.0,Valid,Valid,Fixation
1670925690.658682,,Mouse,1412.5,349.5,,,Fixation
1670925690.6746101,,Eye Tracker,1412.0,351.0,Valid,Valid,Fixation
1670925690.677658,,Mouse,1413.0,354.5,,,Fixation
1670925690.688417,,Eye Tracker,1414.0,358.0,Valid,Valid,Fixation
1670925690.691264,,Mouse,1411.0,358.0,,,Fixation
1670925690.698457,,Eye Tracker,1408.0,358.0,Valid,Valid,Fixation
1670925690.7079191,,Mouse,1408.6666666666667,357.0,,,Fixation
1670925690.7085671,,Mouse,1409.3333333333333,356.0,,,Fixation
1670925690.724574,,Eye Tracker,1410.0,355.0,Valid,Valid,Fixation
1670925690.727472,,Eye Tracker,1409.0,354.0,Valid,Valid,Fixation
1670925690.738382,,Mouse,1410.3333333333333,356.6666666666667,,,Fixation
1670925690.741228,,Mouse,1411.6666666666667,359.3333333333333,,,Fixation
1670925690.748578,,Eye Tracker,1413.0,362.0,Valid,Valid,Fixation
1670925690.757883,,Mouse,1414.0,359.5,,,Fixation
1670925690.767438,,Eye Tracker,1415.0,357.0,Valid,Valid,Fixation
1670925690.774538,,Mouse,1416.5,350.0,,,Fixation
1670925690.778556,,Eye Tracker,1418.0,343.0,Valid,Valid,Fixation
1670925690.791192,,Mouse,1429.0,344.5,,,Fixation
1670925690.798444,,Eye Tracker,1440.0,346.0,Valid,Valid,Fixation
1670925690.807848,,Mouse,1444.0,346.3333333333333,,,Fixation
1670925690.808459,,Mouse,1448.0,346.6666666666667,,,Fixation
1670925690.819711,,Eye Tracker,1452.0,347.0,Valid,Valid,Fixation
1670925690.824503,,Eye Tracker,1448.0,343.0,Valid,Valid,Fixation
1670925690.839674,,Mouse,1448.0,341.6666666666667,,,Fixation
1670925690.841157,,Mouse,1448.0,340.3333333333333,,,Fixation
1670925690.857812,,Eye Tracker,1448.0,339.0,Valid,Valid,Fixation
1670925690.859386,,Mouse,1448.5,340.5,,,Fixation
1670925690.869451,,Eye Tracker,1449.0,342.0,Valid,Valid,Fixation
1670925690.8744671,,Mouse,1452.5,340.0,,,Fixation
1670925690.8795211,,Eye Tracker,1456.0,338.0,Valid,Valid,Fixation
1670925690.8911211,,Mouse,1455.5,336.0,,,Fixation
1670925690.899431,,Eye Tracker,1455.0,334.0,Valid,Valid,Fixation
1670925690.907776,,Mouse,1454.6666666666667,334.6666666666667,,,Fixation
1670925690.909456,,Mouse,1454.3333333333333,335.3333333333333,,,Fixation
1670925690.91949,,Eye Tracker,1454.0,336.0,Valid,Valid,Fixation
1670925690.924431,,Eye Tracker,1457.0,338.0,Valid,Valid,Fixation
1670925690.938432,,Mouse,1457.0,339.6666666666667,,,Fixation
1670925690.941086,,Mouse,1457.0,341.3333333333333,,,Fixation
1670925690.9496,,Eye Tracker,1457.0,343.0,Valid,Valid,Fixation
1670925690.95774,,Mouse,1460.0,339.5,,,Fixation
1670925690.968447,,Eye Tracker,1463.0,336.0,Valid,Valid,Fixation
1670925690.974395,,Eye Tracker,1464.0,334.0,Valid,Valid,Fixation
1670925690.978518,,Mouse,1465.5,333.5,,,Fixation
1670925690.989443,,Eye Tracker,1467.0,333.0,Valid,Valid,Fixation
1670925690.99105,,Eye Tracker,1478.0,332.0,Valid,Valid,Fixation
1670925691.007705,,Mouse,1475.5,336.5,,,Fixation
1670925691.009413,,Eye Tracker,1473.0,341.0,Valid,Valid,Fixation
1670925691.02436,,Mouse,1474.0,336.0,,,Fixation
1670925691.029459,,Eye Tracker,1475.0,331.0,Valid,Valid,Fixation
1670925691.039637,,Mouse,1477.0,332.0,,,Fixation
1670925691.0410151,,Eye Tracker,1479.0,333.0,Valid,Valid,Fixation
1670925691.057669,,Mouse,1483.5,338.5,,,Fixation
1670925691.058435,,Eye Tracker,1488.0,344.0,Valid,Valid,Fixation
1670925691.069418,,Mouse,1504.5,345.0,,,Fixation
1670925691.0743241,,Eye Tracker,1521.0,346.0,Valid,Valid,Saccade
1670925691.079452,,Mouse,1552.0,337.0,,,Saccade
1670925691.090979,,Eye Tracker,1583.0,328.0,Valid,Valid,Saccade
1670925691.098431,,Mouse,1592.0,324.0,,,Saccade
1670925691.107633,,Eye Tracker,1601.0,320.0,Valid,Valid,Fixation
1670925691.108658,,Mouse,1603.5,319.0,,,Fixation
1670925691.119472,,Eye Tracker,1606.0,318.0,Valid,Valid,Fixation
1670925691.124288,,Eye Tracker,1609.0,315.0,Valid,Valid,Fixation
1670925691.139445,,Eye Tracker,1611.0,311.0,Valid,Valid,Fixation
1670925691.140943,,Eye Tracker,1611.0,311.0,Valid,Valid,Fixation
1670925691.1497161,,Eye Tracker,1606.0,316.0,Valid,Valid,Fixation
1670925691.157597,,Eye Tracker,1608.0,311.0,Valid,Valid,Fixation
1670925691.160438,MouseEvent,,1597.6666666666667,313.0,,,Saccade
1670925691.170687,,Mouse,1587.3333333333333,315.0,,,Saccade
1670925691.174252,,Eye Tracker,1577.0,317.0,Valid,Valid,Saccade
1670925691.18946,,Eye Tracker,1551.0,320.0,Valid,Valid,Saccade
1670925691.190907,,Mouse,1537.0,321.5,,,Saccade
1670925691.2004461,,Eye Tracker,1523.0,323.0,Valid,Valid,Saccade
1670925691.207562,,Mouse,1518.0,325.5,,,Fixation
1670925691.21048,,Eye Tracker,1513.0,328.0,Valid,Valid,Fixation
1670925691.224216,,Eye Tracker,1511.0,333.0,Valid,Valid,Fixation
1670925691.229409,,Eye Tracker,1509.0,332.0,Valid,Valid,Fixation
1670925691.2405481,,Mouse,1508.3333333333333,333.0,,,Fixation
1670925691.240871,,Mouse,1507.6666666666667,334.0,,,Fixation
1670925691.250649,,Eye Tracker,1507.0,335.0,Valid,Valid,Fixation
1670925691.257526,,Eye Tracker,1511.0,331.0,Valid,Valid,Fixation
1670925691.269419,,Mouse,1512.6666666666667,331.3333333333333,,,Fixation
1670925691.27418,,Mouse,1514.3333333333333,331.6666666666667,,,Fixation
1670925691.279706,,Eye Tracker,1516.0,332.0,Valid,Valid,Fixation
1670925691.290472,,Eye Tracker,1516.0,339.0,Valid,Valid,Fixation
1670925691.2908351,,Eye Tracker,1513.0,339.0,Valid,Valid,Fixation
1670925691.300626,,Eye Tracker,1509.0,340.0,Valid,Valid,Fixation
1670925691.30749,,Eye Tracker,1512.0,338.0,Valid,Valid,Fixation
1670925691.320434,,Eye Tracker,1512.0,338.0,Valid,Valid,Fixation
1670925691.3241441,,Eye Tracker,1508.0,340.0,Valid,Valid,Fixation
1670925691.331444,,Eye Tracker,1504.0,341.0,Valid,Valid,Fixation
1670925691.340799,,Eye Tracker,1504.0,342.0,Valid,Valid,Fixation
1670925691.341703,,Eye Tracker,1509.0,341.0,Valid,Valid,Fixation
1670925691.357455,,Eye Tracker,1515.0,336.0,Valid,Valid,Fixation
1670925691.360438,,Eye Tracker,1516.0,332.0,Valid,Valid,Fixation
1670925691.371473,,Eye Tracker,1516.0,331.0,Valid,Valid,Fixation
1670925691.374109,,Eye Tracker,1516.0,329.0,Valid,Valid,Fixation
1670925691.390764,,Eye Tracker,1512.0,344.0,Valid,Valid,Fixation
1670925691.391405,,Eye Tracker,1501.0,350.0,Valid,Valid,Fixation
1670925691.407419,,Eye Tracker,1501.0,345.0,Valid,Valid,Fixation
1670925691.411442,,Eye Tracker,1498.0,342.0,Valid,Valid,Fixation
1670925691.424073,,Eye Tracker,1496.0,343.0,Valid,Valid,Fixation
1670925691.431427,,Eye Tracker,1497.0,341.0,Valid,Valid,Fixation
1670925691.440728,,Eye Tracker,1503.0,340.0,Valid,Valid,Fixation
1670925691.450434,,Eye Tracker,1502.0,341.0,Valid,Valid,Fixation
1670925691.457383,,Eye Tracker,1498.0,340.0,Valid,Valid,Fixation
1670925691.461436,,Eye Tracker,1501.0,338.0,Valid,Valid,Fixation
1670925691.4740381,,Eye Tracker,1499.0,326.0,Valid,Valid,Fixation
1670925691.480707,,Eye Tracker,1502.0,322.0,Valid,Valid,Fixation
1670925691.4906921,,Mouse,1502.5,326.5,,,Fixation
1670925691.501731,,Eye Tracker,1503.0,331.0,Valid,Valid,Fixation
1670925691.507347,,Mouse,1502.6666666666667,332.3333333333333,,,Fixation
1670925691.521433,,Mouse,1502.3333333333333,333.6666666666667,,,Fixation
1670925691.524002,,Eye Tracker,1502.0,335.0,Valid,Valid,Fixation
1670925691.540656,,Mouse,1501.5,333.0,,,Fixation
1670925691.541694,,Eye Tracker,1501.0,331.0,Valid,Valid,Fixation
1670925691.557311,,Mouse,1500.5,330.0,,,Fixation
1670925691.561394,,Eye Tracker,1500.0,329.0,Valid,Valid,Fixation
1670925691.573966,,Mouse,1499.0,331.5,,,Fixation
1670925691.581472,,Eye Tracker,1498.0,334.0,Valid,Valid,Fixation
1670925691.59062,,Eye Tracker,1499.0,334.0,Valid,Valid,Fixation
1670925691.601455,,Eye Tracker,1501.0,332.0,Valid,Valid,Fixation
1670925691.607276,,Eye Tracker,1500.0,329.0,Valid,Valid,Fixation
1670925691.620482,,Eye Tracker,1502.0,335.0,Valid,Valid,Fixation
1670925691.623931,,Eye Tracker,1504.0,340.0,Valid,Valid,Fixation
1670925691.631442,,Eye Tracker,1505.0,333.0,Valid,Valid,Fixation
1670925691.640585,,Eye Tracker,1505.0,331.0,Valid,Valid,Fixation
1670925691.641476,,Eye Tracker,1503.0,332.0,Valid,Valid,Fixation
1670925691.65724,,Mouse,1502.5,332.5,,,Fixation
1670925691.661426,,Eye Tracker,1502.0,333.0,Valid,Valid,Fixation
1670925691.67271,,Mouse,1491.5,328.5,,,Fixation
1670925691.6738951,,Eye Tracker,1481.0,324.0,Valid,Valid,Saccade
1670925691.6905491,,Mouse,1462.0,314.0,,,Saccade
1670925691.692435,,Eye Tracker,1443.0,304.0,Valid,Valid,Saccade
1670925691.707204,,Mouse,1418.5,292.5,,,Saccade
1670925691.712467,,Eye Tracker,1394.0,281.0,Valid,Valid,Saccade
1670925691.723859,,Mouse,1391.5,281.0,,,Saccade
1670925691.7324271,,Eye Tracker,1389.0,281.0,Valid,Valid,Fixation
1670925691.740514,,Mouse,1388.3333333333333,283.0,,,Fixation
1670925691.752404,,Mouse,1387.6666666666667,285.0,,,Fixation
1670925691.757168,,Eye Tracker,1387.0,287.0,Valid,Valid,Fixation
1670925691.762477,,Mouse,1388.0,288.0,,,Fixation
1670925691.772631,,Eye Tracker,1389.0,289.0,Valid,Valid,Fixation
1670925691.773823,,Mouse,1389.0,287.0,,,Fixation
1670925691.790478,,Eye Tracker,1389.0,285.0,Valid,Valid,Fixation
1670925691.79148,,Mouse,1388.5,286.5,,,Fixation
1670925691.802715,,Eye Tracker,1388.0,288.0,Valid,Valid,Fixation
1670925691.807133,,Mouse,1389.5,295.0,,,Fixation
1670925691.822438,,Eye Tracker,1391.0,302.0,Valid,Valid,Fixation
1670925691.823788,,Mouse,1390.0,303.0,,,Fixation
1670925691.83272,,Eye Tracker,1389.0,304.0,Valid,Valid,Fixation
1670925691.8404431,,Mouse,1387.5,302.0,,,Fixation
1670925691.843704,,Eye Tracker,1386.0,300.0,Valid,Valid,Fixation
1670925691.8570971,,Mouse,1385.3333333333333,300.3333333333333,,,Fixation
1670925691.86346,,Mouse,1384.6666666666667,300.6666666666667,,,Fixation
1670925691.873752,,Eye Tracker,1384.0,301.0,Valid,Valid,Fixation
1670925691.883469,,Eye Tracker,1379.0,312.0,Valid,Valid,Fixation
1670925691.890407,,Mouse,1379.3333333333333,310.6666666666667,,,Fixation
1670925691.903711,,Mouse,1379.6666666666667,309.3333333333333,,,Fixation
1670925691.907061,,Eye Tracker,1380.0,308.0,Valid,Valid,Fixation
1670925691.923436,,Eye Tracker,1377.0,307.0,Valid,Valid,Fixation
1670925691.923716,,Mouse,1362.3333333333333,305.3333333333333,,,Fixation
1670925691.933454,,Mouse,1347.6666666666667,303.6666666666667,,,Saccade
1670925691.940371,,Eye Tracker,1333.0,302.0,Valid,Valid,Saccade
1670925691.943476,,Mouse,1301.5,295.0,,,Saccade
1670925691.957025,,Eye Tracker,1270.0,288.0,Valid,Valid,Saccade
1670925691.9624531,,Mouse,1261.5,289.5,,,Saccade
1670925691.973507,,Eye Tracker,1253.0,291.0,Valid,Valid,Fixation
1670925691.97368,,Mouse,1247.5,287.0,,,Fixation
1670925691.990335,,Eye Tracker,1242.0,283.0,Valid,Valid,Fixation
1670925691.992451,,Mouse,1243.0,281.3333333333333,,,Fixation
1670925692.00699,,Mouse,1244.0,279.6666666666667,,,Fixation
1670925692.013479,,Eye Tracker,1245.0,278.0,Valid,Valid,Fixation
1670925692.023644,,Eye Tracker,1253.0,278.0,Valid,Valid,Fixation
1670925692.033582,,Mouse,1253.0,278.0,,,Fixation
1670925692.040299,,Eye Tracker,1253.0,278.0,Valid,Valid,Fixation
1670925692.053388,,Mouse,1253.5,279.0,,,Fixation
1670925692.056955,,Eye Tracker,1254.0,280.0,Valid,Valid,Fixation
1670925692.063446,,Mouse,1254.5,278.5,,,Fixation
1670925692.0735261,,Eye Tracker,1255.0,277.0,Valid,Valid,Fixation
1670925692.073609,,Mouse,1253.0,274.0,,,Fixation
1670925692.090264,,Eye Tracker,1251.0,271.0,Valid,Valid,Fixation
1670925692.093661,,Mouse,1251.3333333333333,272.3333333333333,,,Fixation
1670925692.106919,,Mouse,1251.6666666666667,273.6666666666667,,,Fixation
1670925692.113465,,Eye Tracker,1252.0,275.0,Valid,Valid,Fixation
1670925692.123573,,Eye Tracker,1255.0,277.0,Valid,Valid,Fixation
1670925692.132466,,Mouse,1265.6666666666667,280.3333333333333,,,Fixation
1670925692.140228,,Mouse,1276.3333333333333,283.6666666666667,,,Saccade
1670925692.1434681,,Eye Tracker,1287.0,287.0,Valid,Valid,Saccade
1670925692.156883,,Mouse,1334.5,305.0,,,Saccade
1670925692.163372,,Eye Tracker,1382.0,323.0,Valid,Valid,Saccade
1670925692.173399,,Mouse,1404.5,333.0,,,Saccade
1670925692.173537,,Eye Tracker,1427.0,343.0,Valid,Valid,Saccade
1670925692.184436,,Mouse,1431.0,345.0,,,Saccade
1670925692.190192,,Eye Tracker,1435.0,347.0,Valid,Valid,Fixation
1670925692.194504,,Mouse,1432.5,353.0,,,Fixation
1670925692.204572,,Eye Tracker,1430.0,359.0,Valid,Valid,Fixation
1670925692.206847,,Mouse,1430.5,355.0,,,Fixation
1670925692.223501,,Eye Tracker,1431.0,351.0,Valid,Valid,Fixation
1670925692.2244341,,Mouse,1433.0,345.0,,,Fixation
1670925692.234705,,Eye Tracker,1435.0,339.0,Valid,Valid,Fixation
1670925692.240156,,Mouse,1434.5,342.5,,,Fixation
1670925692.253441,,Eye Tracker,1434.0,346.0,Valid,Valid,Fixation
1670925692.2568111,,Mouse,1432.0,343.5,,,Fixation
1670925692.2647011,,Eye Tracker,1430.0,341.0,Valid,Valid,Fixation
1670925692.273466,,Mouse,1421.5,338.0,,,Fixation
1670925692.2844381,,Eye Tracker,1413.0,335.0,Invalid,Valid,Fixation
1670925692.2901201,,Mouse,1417.3333333333333,345.0,,,Fixation
1670925692.3036191,,Mouse,1421.6666666666667,355.0,,,Fixation
1670925692.306775,,Eye Tracker,1426.0,365.0,Valid,Valid,Fixation
1670925692.3144321,,Eye Tracker,1430.0,351.0,Valid,Valid,Fixation
1670925692.32343,,Mouse,1430.6666666666667,349.0,,,Fixation
1670925692.32446,,Mouse,1431.3333333333333,347.0,,,Fixation
1670925692.334466,,Eye Tracker,1432.0,345.0,Valid,Valid,Fixation
1670925692.340084,,Mouse,1432.5,343.0,,,Fixation
1670925692.3557131,,Eye Tracker,1433.0,341.0,Valid,Valid,Fixation
1670925692.356739,,Mouse,1437.5,336.0,,,Fixation
1670925692.373394,,Eye Tracker,1442.0,331.0,Valid,Valid,Fixation
1670925692.3754501,,Mouse,1442.0,333.5,,,Fixation
1670925692.390048,,Eye Tracker,1442.0,336.0,Valid,Valid,Fixation
1670925692.395415,,Mouse,1442.0,336.5,,,Fixation
1670925692.405528,,Eye Tracker,1442.0,337.0,Valid,Valid,Fixation
1670925692.406704,,Mouse,1441.0,334.5,,,Fixation
1670925692.423359,,Eye Tracker,1440.0,332.0,Valid,Valid,Fixation
1670925692.424489,,Mouse,1440.6666666666667,330.3333333333333,,,Fixation
1670925692.43546,,Mouse,1441.3333333333333,328.6666666666667,,,Fixation
1670925692.440013,,Eye Tracker,1442.0,327.0,Valid,Valid,Fixation
1670925692.44559,,Mouse,1456.0,327.5,,,Saccade
1670925692.4566681,,Eye Tracker,1470.0,328.0,Valid,Valid,Saccade
1670925692.464669,,Mouse,1477.0,335.5,,,Fixation
1670925692.473323,,Eye Tracker,1484.0,343.0,Valid,Valid,Fixation
1670925692.475359,,Mouse,1483.5,344.0,,,Fixation
1670925692.485439,,Eye Tracker,1483.0,345.0,Valid,Valid,Fixation
1670925692.4899771,,Mouse,1484.0,344.0,,,Fixation
1670925692.5045261,,Eye Tracker,1485.0,343.0,Valid,Valid,Fixation
1670925692.506632,,Mouse,1487.5,344.5,,,Fixation
1670925692.523287,,Eye Tracker,1490.0,346.0,Valid,Valid,Fixation
1670925692.525504,,Mouse,1489.0,347.5,,,Fixation
1670925692.5356991,,Eye Tracker,1488.0,349.0,Valid,Valid,Fixation
1670925692.539942,,Mouse,1487.0,351.5,,,Fixation
1670925692.554718,,Eye Tracker,1486.0,354.0,Valid,Valid,Fixation
1670925692.556596,,Eye Tracker,1485.0,349.0,Valid,Valid,Fixation
1670925692.565592,,Mouse,1484.0,351.0,,,Fixation
1670925692.573251,,Eye Tracker,1483.0,353.0,Valid,Valid,Fixation
1670925692.585435,,Eye Tracker,1486.0,351.0,Valid,Valid,Fixation
1670925692.589906,,Mouse,1484.5,349.0,,,Fixation
1670925692.605998,,Eye Tracker,1483.0,347.0,Valid,Valid,Fixation
1670925692.60656,,Mouse,1482.5,348.5,,,Fixation
1670925692.623215,,Eye Tracker,1482.0,350.0,Valid,Valid,Fixation
1670925692.625544,,Eye Tracker,1489.0,350.0,Valid,Valid,Fixation
1670925692.63987,,Mouse,1489.5,349.5,,,Fixation
1670925692.644402,,Eye Tracker,1490.0,349.0,Valid,Valid,Fixation
1670925692.655419,,Eye Tracker,1488.0,351.0,Valid,Valid,Fixation
1670925692.656524,,Eye Tracker,1490.0,349.0,Valid,Valid,Fixation
1670925692.6655571,,Mouse,1488.5,352.5,,,Fixation
1670925692.6731791,,Eye Tracker,1487.0,356.0,Valid,Valid,Fixation
1670925692.68571,,Mouse,1484.0,358.0,,,Fixation
1670925692.689834,,Eye Tracker,1481.0,360.0,Valid,Valid,Fixation
1670925692.6964521,,Mouse,1473.5,362.5,,,Fixation
1670925692.706471,,Eye Tracker,1466.0,365.0,Valid,Valid,Fixation
1670925692.7064881,,Eye Tracker,1451.0,372.0,Valid,Valid,Fixation
1670925692.723143,,Mouse,1449.5,374.5,,,Fixation
1670925692.725409,,Eye Tracker,1448.0,377.0,Valid,Valid,Fixation
1670925692.736396,,Mouse,1446.5,381.0,,,Fixation
1670925692.739798,,Eye Tracker,1445.0,385.0,Valid,Valid,Fixation
1670925692.756453,,Mouse,1440.5,390.0,,,Fixation
1670925692.756586,,Eye Tracker,1436.0,395.0,Valid,Valid,Fixation
1670925692.773108,,Mouse,1437.0,394.5,,,Fixation
1670925692.776403,,Eye Tracker,1438.0,394.0,Valid,Valid,Fixation
1670925692.786446,,Eye Tracker,1447.0,395.0,Valid,Valid,Fixation
1670925692.789763,,Mouse,1446.5,392.5,,,Fixation
1670925692.796706,,Eye Tracker,1446.0,390.0,Valid,Valid,Fixation
1670925692.8064191,,Mouse,1444.0,390.0,,,Fixation
1670925692.815437,,Mouse,1442.0,390.0,,,Fixation
1670925692.8230731,,Eye Tracker,1440.0,390.0,Valid,Valid,Fixation
1670925692.8264961,,Mouse,1442.5,390.5,,,Fixation
1670925692.839728,,Eye Tracker,1445.0,391.0,Valid,Valid,Fixation
1670925692.846404,,Mouse,1444.5,388.5,,,Fixation
1670925692.856383,,Eye Tracker,1444.0,386.0,Valid,Valid,Fixation
1670925692.856461,,Mouse,1443.0,386.3333333333333,,,Fixation
1670925692.8674881,,Mouse,1442.0,386.6666666666667,,,Fixation
1670925692.873037,,Eye Tracker,1441.0,387.0,Valid,Valid,Fixation
1670925692.88771,,Mouse,1443.5,382.5,,,Fixation
1670925692.889692,,Eye Tracker,1446.0,378.0,Valid,Valid,Fixation
1670925692.906347,,Mouse,1453.5,378.0,,,Fixation
1670925692.907473,,Eye Tracker,1461.0,378.0,Valid,Valid,Fixation
1670925692.923001,,Mouse,1469.0,379.0,,,Fixation
1670925692.927466,,Eye Tracker,1477.0,380.0,Valid,Valid,Fixation
1670925692.939656,,Eye Tracker,1481.0,375.0,Valid,Valid,Fixation
1670925692.947436,,Mouse,1488.0,369.0,,,Fixation
1670925692.956311,,Eye Tracker,1495.0,363.0,Valid,Valid,Fixation
1670925692.957775,,Mouse,1496.0,361.5,,,Fixation
1670925692.972965,,Eye Tracker,1497.0,360.0,Valid,Valid,Fixation
1670925692.9764311,,Mouse,1496.0,362.5,,,Fixation
1670925692.987447,,Eye Tracker,1495.0,365.0,Valid,Valid,Fixation
1670925692.98962,,Mouse,1494.6666666666667,366.3333333333333,,,Fixation
1670925692.9977071,,Mouse,1494.3333333333333,367.6666666666667,,,Fixation
1670925693.006275,,Eye Tracker,1494.0,369.0,Valid,Valid,Fixation
1670925693.0167,,Mouse,1495.5,366.0,,,Fixation
1670925693.022929,,Eye Tracker,1497.0,363.0,Valid,Valid,Fixation
1670925693.026712,,Mouse,1498.0,362.5,,,Fixation
1670925693.037431,,Eye Tracker,1499.0,362.0,Valid,Valid,Fixation
1670925693.039584,,Mouse,1499.0,364.5,,,Fixation
1670925693.0562391,,Eye Tracker,1499.0,367.0,Valid,Valid,Fixation
1670925693.057562,,Mouse,1499.0,366.0,,,Fixation
1670925693.072894,,Eye Tracker,1499.0,365.0,Valid,Valid,Fixation
1670925693.077401,,Mouse,1495.5,365.0,,,Fixation
1670925693.087567,,Eye Tracker,1492.0,365.0,Valid,Valid,Fixation
1670925693.089548,,Mouse,1492.5,366.5,,,Fixation
1670925693.097569,,Eye Tracker,1493.0,368.0,Valid,Valid,Fixation
1670925693.106203,,Mouse,1494.3333333333333,368.3333333333333,,,Fixation
1670925693.1174161,,Mouse,1495.6666666666667,368.6666666666667,,,Fixation
1670925693.122859,,Eye Tracker,1497.0,369.0,Valid,Valid,Fixation
1670925693.127703,,Mouse,1496.5,368.0,,,Fixation
1670925693.139513,,Eye Tracker,1496.0,367.0,Valid,Valid,Fixation
1670925693.146392,,Mouse,1497.5,367.0,,,Fixation
1670925693.156168,,Eye Tracker,1499.0,367.0,Valid,Valid,Fixation
1670925693.157461,,Mouse,1497.5,365.5,,,Fixation
1670925693.172823,,Eye Tracker,1496.0,364.0,Valid,Valid,Fixation
1670925693.177433,,Eye Tracker,1491.0,353.0,Valid,Valid,Fixation
1670925693.187468,,Eye Tracker,1492.0,351.0,Valid,Valid,Fixation
1670925693.189477,,Eye Tracker,1495.0,354.0,Valid,Valid,Fixation
1670925693.197704,,Mouse,1496.5,354.0,,,Fixation
1670925693.206132,,Eye Tracker,1498.0,354.0,Valid,Valid,Fixation
1670925693.208448,,Mouse,1500.0,351.6666666666667,,,Fixation
1670925693.2227871,,Mouse,1502.0,349.3333333333333,,,Fixation
1670925693.228672,,Eye Tracker,1504.0,347.0,Valid,Valid,Fixation
1670925693.239441,,Mouse,1501.5,347.5,,,Fixation
1670925693.2484121,,Eye Tracker,1499.0,348.0,Valid,Valid,Fixation
1670925693.2560961,,Mouse,1493.0,351.0,,,Fixation
1670925693.268433,,Eye Tracker,1487.0,354.0,Valid,Valid,Fixation
1670925693.272751,,Mouse,1488.0,352.0,,,Fixation
1670925693.288697,,Eye Tracker,1489.0,350.0,Valid,Valid,Fixation
1670925693.289405,,Mouse,1496.5,349.0,,,Fixation
1670925693.30606,,Eye Tracker,1504.0,348.0,Valid,Valid,Fixation
1670925693.308427,,Eye Tracker,1503.0,347.0,Valid,Valid,Fixation
1670925693.322715,,Mouse,1498.0,348.0,,,Fixation
1670925693.328643,,Eye Tracker,1493.0,349.0,Valid,Valid,Fixation
1670925693.33937,,Mouse,1493.5,350.0,,,Fixation
1670925693.348707,,Eye Tracker,1494.0,351.0,Valid,Valid,Fixation
1670925693.356024,,Eye Tracker,1491.0,351.0,Valid,Valid,Fixation
1670925693.368387,,Eye Tracker,1491.0,350.0,Valid,Valid,Fixation
1670925693.372679,,Eye Tracker,1490.0,347.0,Valid,Valid,Fixation
1670925693.3794801,,Mouse,1490.0,347.0,,,Fixation
1670925693.389334,,Eye Tracker,1490.0,347.0,Valid,Valid,Fixation
1670925693.389703,,Eye Tracker,1499.0,345.0,Valid,Valid,Fixation
1670925693.405988,,Mouse,1499.0,342.5,,,Fixation
1670925693.419493,,Eye Tracker,1499.0,340.0,Valid,Valid,Fixation
1670925693.422643,,Mouse,1498.5,339.0,,,Fixation
1670925693.439298,,Eye Tracker,1498.0,338.0,Valid,Valid,Fixation
1670925693.44842,,Mouse,1498.0,338.0,,,Fixation
1670925693.455952,,Eye Tracker,1498.0,338.0,Valid,Valid,Fixation
1670925693.459574,,Mouse,1500.0,336.5,,,Fixation
1670925693.472608,,Eye Tracker,1502.0,335.0,Valid,Valid,Fixation
1670925693.479495,,Mouse,1500.5,335.5,,,Fixation
1670925693.489263,,Eye Tracker,1499.0,336.0,Valid,Valid,Fixation
1670925693.4994311,,Mouse,1494.5,336.5,,,Fixation
1670925693.505917,,Eye Tracker,1490.0,337.0,Valid,Valid,Fixation
1670925693.509432,,Eye Tracker,1494.0,334.0,Valid,Valid,Fixation
1670925693.51969,,Eye Tracker,1500.0,327.0,Valid,Valid,Fixation
1670925693.522572,,Mouse,1501.0,328.0,,,Fixation
1670925693.538436,,Eye Tracker,1502.0,329.0,Valid,Valid,Fixation
1670925693.539227,,Eye Tracker,1500.0,328.0,Valid,Valid,Fixation
1670925693.549438,,Eye Tracker,1496.0,334.0,Valid,Valid,Fixation
1670925693.555881,,Eye Tracker,1493.0,339.0,Valid,Valid,Fixation
1670925693.559508,,Mouse,1493.0,337.0,,,Fixation
1670925693.559927,,Eye Tracker,1493.0,335.0,Valid,Valid,Fixation
1670925693.559927,,Mouse,1495.3333333333333,336.0,,,Fixation
1670925693.572536,,Mouse,1497.6666666666667,337.0,,,Fixation
1670925693.578401,,Eye Tracker,1500.0,338.0,Valid,Valid,Fixation
1670925693.589191,,Eye Tracker,1502.0,337.0,Valid,Valid,Fixation
1670925693.589509,,Eye Tracker,1494.0,333.0,Valid,Valid,Fixation
1670925693.605846,,Eye Tracker,1495.0,333.0,Valid,Valid,Fixation
1670925693.609385,,Eye Tracker,1500.0,328.0,Valid,Valid,Fixation
1670925693.6225,,Eye Tracker,1503.0,331.0,Valid,Valid,Fixation
1670925693.629435,MouseEvent,,1503.3333333333333,333.0,,,Fixation
1670925693.6391551,,Mouse,1503.6666666666667,335.0,,,Fixation
1670925693.65581,,Eye Tracker,1504.0,337.0,Valid,Valid,Fixation
1670925693.6724641,,Eye Tracker,1502.0,336.0,Valid,Valid,Fixation
1670925693.679451,,Eye Tracker,1497.0,334.0,Valid,Valid,Fixation
1670925693.689119,,Eye Tracker,1496.0,333.0,Valid,Valid,Fixation
1670925693.699652,,Mouse,1515.0,329.5,,,Fixation
1670925693.705774,,Eye Tracker,1534.0,326.0,Valid,Valid,Saccade
1670925693.722428,,Mouse,1545.5,327.5,,,Saccade
1670925693.73045,,Eye Tracker,1557.0,329.0,Valid,Valid,Saccade
1670925693.739083,,Mouse,1558.5,327.5,,,Fixation
1670925693.740668,,Eye Tracker,1560.0,326.0,Valid,Valid,Fixation
1670925693.755738,,Mouse,1561.0,326.0,,,Fixation
1670925693.76047,,Eye Tracker,1562.0,326.0,Valid,Valid,Fixation
1670925693.7703981,,Mouse,1563.5,328.0,,,Fixation
1670925693.772392,,Eye Tracker,1565.0,330.0,Valid,Valid,Fixation
1670925693.789047,,Mouse,1565.0,329.5,,,Fixation
1670925693.805702,,Eye Tracker,1565.0,329.0,Valid,Valid,Fixation
1670925693.822357,,Mouse,1562.0,331.0,,,Fixation
1670925693.8390121,,Eye Tracker,1559.0,333.0,Valid,Valid,Fixation
1670925693.855667,,Mouse,1557.5,335.0,,,Fixation
1670925693.872322,,Eye Tracker,1556.0,337.0,Valid,Valid,Fixation
1670925693.888976,,Mouse,1555.0,340.0,,,Fixation
1670925693.905631,,Eye Tracker,1554.0,343.0,Valid,Valid,Fixation
1670925693.922286,,Mouse,1555.0,343.5,,,Fixation
1670925693.93894,,Eye Tracker,1556.0,344.0,Valid,Valid,Fixation
1670925693.955595,,Mouse,1555.5,346.0,,,Fixation
1670925693.97225,,Eye Tracker,1555.0,348.0,Valid,Valid,Fixation
1670925693.981577,,Mouse,1554.0,347.5,,,Fixation
1670925693.981577,,Eye Tracker,1553.0,347.0,Valid,Valid,Fixation
1670925693.988904,,Mouse,1554.0,343.5,,,Fixation
1670925694.005559,,Eye Tracker,1555.0,340.0,Valid,Valid,Fixation
1670925694.022214,,Eye Tracker,1559.0,337.0,Valid,Valid,Fixation
1670925694.038868,,Mouse,1557.0,338.3333333333333,,,Fixation
1670925694.055523,,Mouse,1555.0,339.6666666666667,,,Fixation
1670925694.0721781,,Eye Tracker,1553.0,341.0,Valid,Valid,Fixation
1670925694.0888321,,Mouse,1550.5,342.5,,,Fixation
1670925694.105487,,Eye Tracker,1548.0,344.0,Valid,Valid,Fixation
1670925694.122142,,Mouse,1550.5,340.0,,,Fixation
1670925694.138797,,Eye Tracker,1553.0,336.0,Valid,Valid,Fixation
1670925694.155451,,Mouse,1548.5,335.5,,,Fixation
1670925694.172107,,Eye Tracker,1544.0,335.0,Valid,Valid,Fixation
1670925694.188762,,Mouse,1542.0,333.5,,,Fixation
1670925694.201426,,Eye Tracker,1540.0,332.0,Valid,Valid,Fixation
1670925694.205416,,Mouse,1541.0,328.0,,,Fixation
1670925694.2116761,,Eye Tracker,1542.0,324.0,Valid,Valid,Fixation
1670925694.222071,,Mouse,1541.5,321.5,,,Fixation
1670925694.23244,,Eye Tracker,1541.0,319.0,Valid,Valid,Fixation
1670925694.2387261,,Mouse,1543.0,317.5,,,Fixation
1670925694.242736,,Eye Tracker,1545.0,316.0,Valid,Valid,Fixation
1670925694.25538,,Mouse,1549.5,316.0,,,Fixation
1670925694.26146,,Eye Tracker,1554.0,316.0,Valid,Valid,Fixation
1670925694.2720351,,Mouse,1555.5,317.5,,,Fixation
1670925694.272535,,Eye Tracker,1557.0,319.0,Valid,Valid,Fixation
1670925694.28869,,Mouse,1556.0,320.5,,,Fixation
1670925694.292426,,Eye Tracker,1555.0,322.0,Valid,Valid,Fixation
1670925694.305344,,Mouse,1554.5,323.5,,,Fixation
1670925694.312684,,Eye Tracker,1554.0,325.0,Valid,Valid,Fixation
1670925694.321999,,Mouse,1553.0,323.0,,,Fixation
1670925694.332576,,Mouse,1552.0,321.0,,,Fixation
1670925694.338654,,Eye Tracker,1551.0,319.0,Valid,Valid,Fixation
1670925694.352391,,Eye Tracker,1563.0,317.0,Valid,Valid,Fixation
1670925694.355308,,Mouse,1580.3333333333333,314.3333333333333,,,Fixation
1670925694.362431,,Mouse,1597.6666666666667,311.6666666666667,,,Saccade
1670925694.371963,,Eye Tracker,1615.0,309.0,Valid,Valid,Saccade
1670925694.372523,,Mouse,1627.5,306.0,,,Saccade
1670925694.388618,,Eye Tracker,1640.0,303.0,Valid,Valid,Saccade
1670925694.393428,,Mouse,1648.5,302.5,,,Saccade
1670925694.403569,,Eye Tracker,1657.0,302.0,Valid,Valid,Fixation
1670925694.405273,,Mouse,1656.5,303.0,,,Fixation
1670925694.413574,,Eye Tracker,1656.0,304.0,Valid,Valid,Fixation
1670925694.421927,,Mouse,1656.6666666666667,304.0,,,Fixation
1670925694.4324381,,Mouse,1657.3333333333333,304.0,,,Fixation
1670925694.438582,,Eye Tracker,1658.0,304.0,Valid,Valid,Fixation
1670925694.443576,,Eye Tracker,1658.0,308.0,Valid,Valid,Fixation
1670925694.455237,,Mouse,1658.0,307.6666666666667,,,Fixation
1670925694.463605,,Mouse,1658.0,307.3333333333333,,,Fixation
1670925694.471891,,Eye Tracker,1658.0,307.0,Valid,Valid,Fixation
1670925694.483411,,Mouse,1659.5,304.5,,,Fixation
1670925694.4885461,,Eye Tracker,1661.0,302.0,Valid,Valid,Fixation
1670925694.493429,,Mouse,1662.0,299.5,,,Fixation
1670925694.503617,,Eye Tracker,1663.0,297.0,Valid,Valid,Fixation
1670925694.505201,,Mouse,1663.0,296.0,,,Fixation
1670925694.521856,,Eye Tracker,1663.0,295.0,Valid,Valid,Fixation
1670925694.523429,,Mouse,1664.6666666666667,293.6666666666667,,,Fixation
1670925694.533583,,Mouse,1666.3333333333333,292.3333333333333,,,Fixation
1670925694.538511,,Eye Tracker,1668.0,291.0,Valid,Valid,Fixation
1670925694.552387,,Mouse,1667.5,291.5,,,Fixation
1670925694.555166,,Eye Tracker,1667.0,292.0,Valid,Valid,Fixation
1670925694.563443,,Mouse,1665.0,290.5,,,Fixation
1670925694.57182,,Eye Tracker,1663.0,289.0,Valid,Valid,Fixation
1670925694.573735,,Mouse,1664.0,288.5,,,Fixation
1670925694.588475,,Eye Tracker,1665.0,288.0,Valid,Valid,Fixation
1670925694.593435,,Mouse,1675.0,287.5,,,Fixation
1670925694.60513,,Eye Tracker,1685.0,287.0,Valid,Valid,Fixation
1670925694.613463,,Mouse,1697.0,288.5,,,Saccade
1670925694.621784,,Eye Tracker,1709.0,290.0,Valid,Valid,Saccade
1670925694.633402,,Eye Tracker,1745.0,286.0,Valid,Valid,Saccade
1670925694.638439,,Mouse,1751.5,287.0,,,Fixation
1670925694.653454,,Eye Tracker,1758.0,288.0,Valid,Valid,Fixation
1670925694.6550941,,Mouse,1761.0,284.0,,,Fixation
1670925694.6636481,,Eye Tracker,1764.0,280.0,Valid,Valid,Fixation
1670925694.671749,,Mouse,1763.0,278.0,,,Fixation
1670925694.673712,,Eye Tracker,1762.0,276.0,Valid,Valid,Fixation
1670925694.6884031,,Mouse,1762.0,276.5,,,Fixation
1670925694.693435,,Eye Tracker,1762.0,277.0,Valid,Valid,Fixation
1670925694.703542,,Eye Tracker,1761.0,276.0,Valid,Valid,Fixation
1670925694.705058,,Mouse,1757.0,275.5,,,Fixation
1670925694.713577,,Eye Tracker,1753.0,275.0,Valid,Valid,Fixation
1670925694.721713,,Mouse,1754.5,272.5,,,Fixation
1670925694.734477,,Eye Tracker,1756.0,270.0,Valid,Valid,Fixation
1670925694.738367,,Mouse,1761.0,266.5,,,Fixation
1670925694.754429,,Eye Tracker,1766.0,263.0,Valid,Valid,Fixation
1670925694.755022,,Mouse,1764.5,265.0,,,Fixation
1670925694.771677,,Eye Tracker,1763.0,267.0,Valid,Valid,Fixation
1670925694.773541,,Eye Tracker,1768.0,266.0,Valid,Valid,Fixation
1670925694.78447,,Mouse,1769.6666666666667,264.3333333333333,,,Fixation
1670925694.788331,,Mouse,1771.3333333333333,262.6666666666667,,,Fixation
1670925694.794573,,Eye Tracker,1773.0,261.0,Valid,Valid,Fixation
1670925694.804598,,Mouse,1769.5,261.5,,,Fixation
1670925694.804986,,Eye Tracker,1766.0,262.0,Valid,Valid,Fixation
1670925694.821641,,Mouse,1768.5,260.5,,,Fixation
1670925694.824414,,Eye Tracker,1771.0,259.0,Valid,Valid,Fixation
1670925694.834945,,Mouse,1770.0,264.0,,,Fixation
1670925694.838295,,Eye Tracker,1769.0,269.0,Valid,Valid,Fixation
1670925694.853425,,Eye Tracker,1761.0,267.0,Valid,Valid,Fixation
1670925694.85495,,Mouse,1759.5,269.5,,,Fixation
1670925694.871606,,Eye Tracker,1758.0,272.0,Valid,Valid,Fixation
1670925694.874574,,Mouse,1741.5,276.0,,,Fixation
1670925694.8882601,,Eye Tracker,1725.0,280.0,Invalid,Valid,Fixation
1670925694.904915,,Mouse,1747.0,262.0,,,Fixation
1670925694.92157,,Eye Tracker,1769.0,244.0,Valid,Valid,Fixation
1670925694.938225,,Mouse,1766.5,250.5,,,Fixation
1670925694.954879,,Eye Tracker,1764.0,257.0,Valid,Valid,Fixation
1670925694.955583,,Mouse,1775.3333333333333,247.66666666666666,,,Fixation
1670925694.971534,,Mouse,1786.6666666666667,238.33333333333334,,,Fixation
1670925694.975463,,Eye Tracker,1798.0,229.0,Valid,Valid,Fixation
1670925694.988189,,Mouse,1808.5,215.0,,,Fixation
1670925694.9955,,Eye Tracker,1819.0,201.0,Valid,Valid,Fixation
1670925695.004843,,Mouse,1804.0,216.66666666666666,,,Fixation
1670925695.015457,,Mouse,1789.0,232.33333333333334,,,Fixation
1670925695.021498,,Eye Tracker,1774.0,248.0,Valid,Valid,Fixation
1670925695.035541,,Mouse,1770.5,248.0,,,Fixation
1670925695.038153,,Eye Tracker,1767.0,248.0,Valid,Valid,Fixation
1670925695.045661,,Eye Tracker,1751.0,262.0,Valid,Valid,Fixation
1670925695.054807,,Eye Tracker,1749.0,264.0,Valid,Valid,Fixation
1670925695.064614,,Mouse,1750.0,264.5,,,Fixation
1670925695.071462,,Eye Tracker,1751.0,265.0,Valid,Valid,Fixation
1670925695.075434,,Eye Tracker,1754.0,267.0,Valid,Valid,Fixation
1670925695.0881171,,Eye Tracker,1747.0,282.0,Valid,Valid,Fixation
1670925695.095451,,Eye Tracker,1740.0,284.0,Valid,Valid,Fixation
1670925695.1047711,,Eye Tracker,1745.0,291.0,Valid,Valid,Fixation
1670925695.1056871,,Mouse,1745.0,290.5,,,Fixation
1670925695.121426,,Eye Tracker,1745.0,290.0,Valid,Valid,Fixation
1670925695.125525,,Mouse,1736.5,288.5,,,Fixation
1670925695.138081,,Eye Tracker,1728.0,287.0,Valid,Valid,Fixation
1670925695.145466,,Eye Tracker,1726.0,290.0,Valid,Valid,Fixation
1670925695.154735,,Mouse,1735.0,289.0,,,Fixation
1670925695.17139,,Eye Tracker,1744.0,288.0,Valid,Valid,Fixation
1670925695.188045,,Mouse,1743.3333333333333,288.6666666666667,,,Fixation
1670925695.2047,,Mouse,1742.6666666666667,289.3333333333333,,,Fixation
1670925695.215669,,Eye Tracker,1742.0,290.0,Valid,Valid,Fixation
1670925695.221354,,Mouse,1735.5,299.0,,,Fixation
1670925695.235441,,Eye Tracker,1729.0,308.0,Valid,Valid,Fixation
1670925695.23801,,Mouse,1740.0,292.0,,,Fixation
1670925695.246398,,Eye Tracker,1751.0,276.0,Valid,Valid,Fixation
1670925695.2546651,,Mouse,1750.0,274.5,,,Fixation
1670925695.256689,,Eye Tracker,1749.0,273.0,Valid,Valid,Fixation
1670925695.271319,,Eye Tracker,1729.0,300.0,Valid,Valid,Saccade
1670925695.287974,,Mouse,1723.0,307.0,,,Saccade
1670925695.304629,,Mouse,1717.0,314.0,,,Fixation
1670925695.321283,,Eye Tracker,1711.0,321.0,Valid,Valid,Fixation
1670925695.336539,,Mouse,1709.5,323.0,,,Fixation
1670925695.337938,,Eye Tracker,1708.0,325.0,Valid,Valid,Fixation
1670925695.346656,,Eye Tracker,1700.0,320.0,Valid,Valid,Fixation
1670925695.354593,,Eye Tracker,1697.0,321.0,Valid,Valid,Fixation
1670925695.371247,,Eye Tracker,1688.0,333.0,Valid,Valid,Fixation
1670925695.376415,,Eye Tracker,1685.0,337.0,Valid,Valid,Fixation
1670925695.386516,,Eye Tracker,1681.0,344.0,Valid,Valid,Fixation
1670925695.387902,,Mouse,1685.0,340.0,,,Fixation
1670925695.404557,,Eye Tracker,1689.0,336.0,Valid,Valid,Fixation
1670925695.406564,,Mouse,1687.0,342.0,,,Fixation
1670925695.417426,,Eye Tracker,1685.0,348.0,Valid,Valid,Fixation
1670925695.421211,,Mouse,1676.0,354.5,,,Fixation
1670925695.427696,,Eye Tracker,1667.0,361.0,Valid,Valid,Fixation
1670925695.437866,,Mouse,1672.0,356.0,,,Fixation
1670925695.447448,,Eye Tracker,1677.0,351.0,Valid,Valid,Fixation
1670925695.454521,,Mouse,1677.5,350.5,,,Fixation
1670925695.457639,,Eye Tracker,1678.0,350.0,Valid,Valid,Fixation
1670925695.4711761,,Eye Tracker,1675.0,346.0,Valid,Valid,Fixation
1670925695.47742,,Eye Tracker,1692.0,342.0,Valid,Valid,Fixation
1670925695.487435,,Eye Tracker,1677.0,348.0,Valid,Valid,Fixation
1670925695.48783,,Mouse,1670.0,350.6666666666667,,,Fixation
1670925695.5044851,,Mouse,1663.0,353.3333333333333,,,Fixation
1670925695.507549,,Eye Tracker,1656.0,356.0,Valid,Valid,Fixation
1670925695.52114,,Eye Tracker,1662.0,357.0,Valid,Valid,Fixation
1670925695.5275261,,Mouse,1659.0,359.0,,,Fixation
1670925695.537794,,Eye Tracker,1656.0,361.0,Valid,Valid,Fixation
1670925695.5474281,,Eye Tracker,1660.0,361.0,Valid,Valid,Fixation
1670925695.554449,,Eye Tracker,1663.0,360.0,Valid,Valid,Fixation
1670925695.5574741,,Mouse,1665.5,356.5,,,Fixation
1670925695.567568,,Eye Tracker,1668.0,353.0,Valid,Valid,Fixation
1670925695.571104,,Eye Tracker,1673.0,347.0,Valid,Valid,Fixation
1670925695.587759,,Eye Tracker,1674.0,350.0,Valid,Valid,Fixation
1670925695.604414,,Mouse,1677.0,348.0,,,Fixation
1670925695.617408,,Eye Tracker,1680.0,346.0,Valid,Valid,Fixation
1670925695.621069,,Mouse,1678.5,342.0,,,Fixation
1670925695.637399,,Eye Tracker,1677.0,338.0,Valid,Valid,Fixation
1670925695.637723,,Eye Tracker,1679.0,335.0,Valid,Valid,Fixation
1670925695.6474261,,Mouse,1678.0,334.0,,,Fixation
1670925695.654378,,Eye Tracker,1677.0,333.0,Valid,Valid,Fixation
1670925695.657743,,Mouse,1678.0,331.0,,,Fixation
1670925695.6710331,,Eye Tracker,1679.0,329.0,Valid,Valid,Fixation
1670925695.677388,,Mouse,1679.5,327.0,,,Fixation
1670925695.687687,,Eye Tracker,1680.0,325.0,Valid,Valid,Fixation
1670925695.697544,,Mouse,1680.0,326.0,,,Fixation
1670925695.7043421,,Eye Tracker,1680.0,327.0,Valid,Valid,Fixation
1670925695.717652,,Mouse,1684.5,325.5,,,Fixation
1670925695.720997,,Eye Tracker,1689.0,324.0,Valid,Valid,Fixation
1670925695.7375,,Eye Tracker,1691.0,322.0,Valid,Valid,Fixation
1670925695.737652,,Mouse,1689.5,323.0,,,Fixation
1670925695.747503,,Eye Tracker,1688.0,324.0,Valid,Valid,Fixation
1670925695.754306,,Eye Tracker,1688.0,322.0,Valid,Valid,Fixation
1670925695.758415,,Eye Tracker,1684.0,315.0,Valid,Valid,Fixation
1670925695.7688031,,Mouse,1685.5,314.0,,,Fixation
1670925695.770961,,Eye Tracker,1687.0,313.0,Valid,Valid,Fixation
1670925695.787616,,Mouse,1689.0,312.5,,,Fixation
1670925695.788456,,Eye Tracker,1691.0,312.0,Valid,Valid,Fixation
1670925695.7987041,,Mouse,1690.0,311.0,,,Fixation
1670925695.80427,,Eye Tracker,1689.0,310.0,Valid,Valid,Fixation
1670925695.818415,,Mouse,1688.0,313.0,,,Fixation
1670925695.820925,,Eye Tracker,1687.0,316.0,Valid,Valid,Fixation
1670925695.8284721,,Mouse,1689.5,319.5,,,Fixation
1670925695.83758,,Eye Tracker,1692.0,323.0,Valid,Valid,Fixation
1670925695.848571,,Eye Tracker,1696.0,323.0,Valid,Valid,Fixation
1670925695.854234,,Mouse,1695.3333333333333,323.3333333333333,,,Fixation
1670925695.870889,,Mouse,1694.6666666666667,323.6666666666667,,,Fixation
1670925695.887544,,Eye Tracker,1694.0,324.0,Valid,Valid,Fixation
1670925695.88843,,Mouse,1693.5,325.5,,,Fixation
1670925695.904198,,Eye Tracker,1693.0,327.0,Valid,Valid,Fixation
1670925695.918452,,Mouse,1695.5,323.5,,,Fixation
1670925695.9208531,,Eye Tracker,1698.0,320.0,Valid,Valid,Fixation
1670925695.92948,,Eye Tracker,1699.0,317.0,Valid,Valid,Fixation
1670925695.937509,,Mouse,1698.0,319.0,,,Fixation
1670925695.949428,,Eye Tracker,1697.0,321.0,Valid,Valid,Fixation
1670925695.954163,,Eye Tracker,1695.0,322.0,Valid,Valid,Fixation
1670925695.9595551,,Mouse,1697.5,321.5,,,Fixation
1670925695.969717,,Eye Tracker,1700.0,321.0,Valid,Valid,Fixation
1670925695.970818,,Eye Tracker,1700.0,321.0,Valid,Valid,Fixation
1670925695.987473,,Eye Tracker,1696.0,319.0,Valid,Valid,Fixation
1670925695.9896991,,Eye Tracker,1697.0,321.0,Valid,Valid,Fixation
1670925696.004128,,Eye Tracker,1700.0,316.0,Valid,Valid,Fixation
1670925696.009452,,Mouse,1702.5,314.0,,,Fixation
1670925696.020782,,Eye Tracker,1705.0,312.0,Valid,Valid,Fixation
1670925696.037437,,Eye Tracker,1700.0,317.0,Valid,Valid,Fixation
1670925696.054092,,Eye Tracker,1697.0,316.0,Valid,Valid,Fixation
1670925696.070746,,Eye Tracker,1698.0,313.0,Valid,Valid,Fixation
1670925696.087401,,Eye Tracker,1699.0,316.0,Valid,Valid,Fixation
1670925696.1040561,,Mouse,1700.0,318.0,,,Fixation
1670925696.1207101,,Eye Tracker,1701.0,320.0,Valid,Valid,Fixation
1670925696.137365,,Eye Tracker,1707.0,319.0,Valid,Valid,Fixation
1670925696.149467,,Eye Tracker,1710.0,318.0,Valid,Valid,Fixation
1670925696.15402,,Mouse,1711.5,316.0,,,Fixation
1670925696.169547,,Eye Tracker,1713.0,314.0,Valid,Valid,Fixation
1670925696.170674,,Mouse,1715.0,311.0,,,Fixation
1670925696.179699,,Eye Tracker,1717.0,308.0,Valid,Valid,Fixation
1670925696.187329,,Eye Tracker,1712.0,308.0,Valid,Valid,Fixation
1670925696.189704,,Eye Tracker,1709.0,304.0,Valid,Valid,Fixation
1670925696.203984,,Eye Tracker,1713.0,302.0,Valid,Valid,Fixation
1670925696.209416,,Mouse,1711.5,305.5,,,Fixation
1670925696.220638,,Eye Tracker,1710.0,309.0,Valid,Valid,Fixation
1670925696.237293,,Eye Tracker,1711.0,310.0,Valid,Valid,Fixation
1670925696.253948,,Eye Tracker,1716.0,308.0,Valid,Valid,Fixation
1670925696.259552,,Eye Tracker,1718.0,303.0,Valid,Valid,Fixation
1670925696.270603,,Eye Tracker,1715.0,304.0,Valid,Valid,Fixation
1670925696.2872581,,Eye Tracker,1715.0,303.0,Valid,Valid,Fixation
1670925696.303913,,Mouse,1716.5,300.0,,,Fixation
1670925696.320568,,Eye Tracker,1718.0,297.0,Valid,Valid,Fixation
1670925696.330518,,Mouse,1717.5,298.5,,,Fixation
1670925696.337222,,Eye Tracker,1717.0,300.0,Valid,Valid,Fixation
1670925696.350418,,Mouse,1717.3333333333333,300.3333333333333,,,Fixation
1670925696.353877,,Mouse,1717.6666666666667,300.6666666666667,,,Fixation
1670925696.360464,,Eye Tracker,1718.0,301.0,Valid,Valid,Fixation
1670925696.370532,,Mouse,1718.0,298.5,,,Fixation
1670925696.380732,,Eye Tracker,1718.0,296.0,Valid,Valid,Fixation
1670925696.387186,,Eye Tracker,1718.0,298.0,Valid,Valid,Fixation
1670925696.4004571,,Mouse,1717.0,297.0,,,Fixation
1670925696.403841,,Eye Tracker,1716.0,296.0,Valid,Valid,Fixation
1670925696.420496,,Mouse,1717.0,295.3333333333333,,,Fixation
1670925696.420713,,Mouse,1718.0,294.6666666666667,,,Fixation
1670925696.43715,,Eye Tracker,1719.0,294.0,Valid,Valid,Fixation
1670925696.453805,,Mouse,1722.5,292.0,,,Fixation
1670925696.47046,,Eye Tracker,1726.0,290.0,Valid,Valid,Fixation
1670925696.487114,,Mouse,1726.5,291.0,,,Fixation
1670925696.503769,,Eye Tracker,1727.0,292.0,Valid,Valid,Fixation
1670925696.511445,,Eye Tracker,1722.0,297.0,Valid,Valid,Fixation
1670925696.5204241,,Mouse,1719.5,296.0,,,Fixation
1670925696.537079,,Eye Tracker,1717.0,295.0,Valid,Valid,Fixation
1670925696.54144,,Eye Tracker,1720.0,295.0,Valid,Valid,Fixation
1670925696.551484,,Eye Tracker,1723.0,288.0,Valid,Valid,Fixation
1670925696.553733,,Eye Tracker,1713.0,292.0,Valid,Valid,Fixation
1670925696.570388,,Mouse,1712.5,295.5,,,Fixation
1670925696.5713851,,Eye Tracker,1712.0,299.0,Valid,Valid,Fixation
1670925696.581464,,Eye Tracker,1711.0,295.0,Valid,Valid,Fixation
1670925696.587043,,Eye Tracker,1710.0,302.0,Valid,Valid,Fixation
1670925696.603697,,Eye Tracker,1713.0,304.0,Valid,Valid,Fixation
1670925696.620352,,Mouse,1713.5,301.0,,,Fixation
1670925696.637008,,Eye Tracker,1714.0,298.0,Valid,Valid,Fixation
1670925696.653662,,Mouse,1719.0,299.5,,,Fixation
1670925696.670317,,Eye Tracker,1724.0,301.0,Valid,Valid,Fixation
1670925696.6869721,,Mouse,1736.0,295.5,,,Fixation
1670925696.701436,,Eye Tracker,1748.0,290.0,Valid,Valid,Fixation
1670925696.703626,,Eye Tracker,1754.0,288.0,Valid,Valid,Fixation
1670925696.7202811,,Eye Tracker,1733.0,304.0,Valid,Valid,Fixation
1670925696.736936,,Eye Tracker,1728.0,312.0,Valid,Valid,Fixation
1670925696.741416,,Eye Tracker,1729.0,312.0,Valid,Valid,Fixation
1670925696.75359,,Mouse,1726.5,311.0,,,Fixation
1670925696.761453,,Eye Tracker,1724.0,310.0,Valid,Valid,Fixation
1670925696.770245,,Mouse,1725.5,308.5,,,Fixation
1670925696.782565,,Eye Tracker,1727.0,307.0,Valid,Valid,Fixation
1670925696.7869,,Mouse,1729.5,308.0,,,Fixation
1670925696.802388,,Eye Tracker,1732.0,309.0,Valid,Valid,Fixation
1670925696.803555,,Mouse,1730.5,309.5,,,Fixation
1670925696.81246,,Eye Tracker,1729.0,310.0,Valid,Valid,Fixation
1670925696.820209,,Eye Tracker,1733.0,306.0,Valid,Valid,Fixation
1670925696.8327,,Mouse,1731.5,304.0,,,Fixation
1670925696.836864,,Eye Tracker,1730.0,302.0,Valid,Valid,Fixation
1670925696.853519,,Mouse,1727.0,300.0,,,Fixation
1670925696.870173,,Eye Tracker,1724.0,298.0,Valid,Valid,Fixation
1670925696.886828,,Mouse,1728.0,298.3333333333333,,,Fixation
1670925696.903483,,Mouse,1732.0,298.6666666666667,,,Fixation
1670925696.920137,,Eye Tracker,1736.0,299.0,Valid,Valid,Fixation
1670925696.922555,,Mouse,1738.0,300.5,,,Fixation
1670925696.9367921,,Eye Tracker,1740.0,302.0,Valid,Valid,Fixation
1670925696.953447,,Mouse,1739.0,301.75,,,Fixation
1670925696.963454,MouseEvent,,1738.0,301.5,,,Fixation
1670925696.970101,,Mouse,1737.0,301.25,,,Fixation
1670925696.986757,,Eye Tracker,1736.0,301.0,Valid,Valid,Fixation
1670925697.003412,,Eye Tracker,1730.0,299.0,Valid,Valid,Fixation
1670925697.020066,,Eye Tracker,1731.0,299.0,Valid,Valid,Fixation
1670925697.036721,,Eye Tracker,1732.0,300.0,Valid,Valid,Fixation
1670925697.053376,,Eye Tracker,1734.0,300.0,Valid,Valid,Fixation
1670925697.070031,,Eye Tracker,1731.0,300.0,Valid,Valid,Fixation
1670925697.073398,,Eye Tracker,1727.0,298.0,Valid,Valid,Fixation
1670925697.083443,,Eye Tracker,1735.0,298.0,Valid,Valid,Fixation
1670925697.086685,,Eye Tracker,1742.0,300.0,Valid,Valid,Fixation
1670925697.093471,,Eye Tracker,1738.0,299.0,Valid,Valid,Fixation
1670925697.1033401,,Eye Tracker,1737.0,298.0,Valid,Valid,Fixation
1670925697.112488,,Eye Tracker,1734.0,302.0,Valid,Valid,Fixation
1670925697.119995,,Eye Tracker,1730.0,302.0,Valid,Valid,Fixation
1670925697.133437,,Mouse,1731.5,300.0,,,Fixation
1670925697.1366491,,Eye Tracker,1733.0,298.0,Valid,Valid,Fixation
1670925697.153304,,Eye Tracker,1732.0,298.0,Valid,Valid,Fixation
1670925697.153539,,Mouse,1735.5,295.5,,,Fixation
1670925697.169959,,Eye Tracker,1739.0,293.0,Valid,Valid,Fixation
1670925697.1735091,,Eye Tracker,1736.0,295.0,Valid,Valid,Fixation
1670925697.183521,,Eye Tracker,1736.0,295.0,Valid,Valid,Fixation
1670925697.186613,,Eye Tracker,1736.0,294.0,Valid,Valid,Fixation
1670925697.203268,,Eye Tracker,1737.0,290.0,Valid,Valid,Fixation
1670925697.203439,,Eye Tracker,1736.0,285.0,Valid,Valid,Fixation
1670925697.213635,,Eye Tracker,1715.0,317.0,Valid,Valid,Fixation
1670925697.219923,,Eye Tracker,1283.0,252.0,Valid,Valid,Saccade
1670925697.223682,,Eye Tracker,1247.0,257.0,Valid,Valid,Saccade
1670925697.236577,,Eye Tracker,1215.0,261.0,Valid,Valid,Saccade
1670925697.253232,,Eye Tracker,1208.0,253.0,Valid,Valid,Fixation
1670925697.253553,,Mouse,1207.5,255.5,,,Fixation
1670925697.269887,,Eye Tracker,1207.0,258.0,Valid,Valid,Fixation
1670925697.286541,MouseEvent,,1207.75,260.75,,,Fixation
1670925697.303196,,Mouse,1208.5,263.5,,,Fixation
1670925697.319851,,Mouse,1209.25,266.25,,,Fixation
1670925697.3365061,,Eye Tracker,1210.0,269.0,Valid,Valid,Fixation
1670925697.353161,,Eye Tracker,1215.0,263.0,Valid,Valid,Fixation
1670925697.369816,,Mouse,1219.5,262.0,,,Fixation
1670925697.386471,,Eye Tracker,1224.0,261.0,Valid,Valid,Fixation
1670925697.403125,,Mouse,1213.0,256.0,,,Fixation
1670925697.41978,,Eye Tracker,1202.0,251.0,Valid,Valid,Fixation
1670925697.436435,,Mouse,1174.0,236.0,,,Fixation
1670925697.453089,,Eye Tracker,1146.0,221.0,Valid,Valid,Saccade
1670925697.469744,,Mouse,1137.0,220.0,,,Saccade
1670925697.485677,,Eye Tracker,1128.0,219.0,Valid,Valid,Fixation
1670925697.485677,,Mouse,1127.6666666666667,217.66666666666666,,,Fixation
1670925697.486399,,Mouse,1127.3333333333333,216.33333333333334,,,Fixation
1670925697.503053,,Eye Tracker,1127.0,215.0,Valid,Valid,Fixation
1670925697.519708,,Eye Tracker,1132.0,212.0,Valid,Valid,Fixation
1670925697.5363631,,Eye Tracker,1127.0,219.0,Valid,Valid,Fixation
1670925697.5530171,,Mouse,1124.0,220.5,,,Fixation
1670925697.569672,,Eye Tracker,1121.0,222.0,Valid,Valid,Fixation
1670925697.586327,,Mouse,1123.5,222.0,,,Fixation
1670925697.602982,,Eye Tracker,1126.0,222.0,Valid,Valid,Fixation
1670925697.619636,,Mouse,1126.5,221.0,,,Fixation
1670925697.636291,,Eye Tracker,1127.0,220.0,Valid,Valid,Fixation
1670925697.652946,,Eye Tracker,1138.0,215.0,Valid,Valid,Fixation
1670925697.6696,,Eye Tracker,1140.0,215.0,Valid,Valid,Fixation
1670925697.67542,,Eye Tracker,1143.0,209.0,Valid,Valid,Fixation
1670925697.686255,,Eye Tracker,1142.0,204.0,Valid,Valid,Fixation
1670925697.7029111,,Mouse,1139.5,204.0,,,Fixation
1670925697.719565,,Eye Tracker,1137.0,204.0,Valid,Valid,Fixation
1670925697.7354531,,Mouse,1137.5,203.0,,,Fixation
1670925697.7362201,,Eye Tracker,1138.0,202.0,Valid,Valid,Fixation
1670925697.752875,,Mouse,1134.0,203.0,,,Fixation
1670925697.76569,,Eye Tracker,1130.0,204.0,Valid,Valid,Fixation
1670925697.769529,,Mouse,1131.0,205.0,,,Fixation
1670925697.786184,,Eye Tracker,1132.0,206.0,Valid,Valid,Fixation
1670925697.802839,,Mouse,1124.5,209.0,,,Fixation
1670925697.819493,,Eye Tracker,1117.0,212.0,Valid,Valid,Fixation
1670925697.836148,,Mouse,1078.5,231.5,,,Saccade
1670925697.846604,,Eye Tracker,1040.0,251.0,Valid,Valid,Saccade
1670925697.852803,,Mouse,979.0,283.5,,,Saccade
1670925697.869458,,Eye Tracker,918.0,316.0,Valid,Valid,Saccade
1670925697.876676,,Mouse,902.5,327.0,,,Saccade
1670925697.886112,,Eye Tracker,887.0,338.0,Valid,Valid,Saccade
1670925697.89642,,Mouse,879.0,344.0,,,Saccade
1670925697.902767,,Eye Tracker,871.0,350.0,Valid,Valid,Fixation
1670925697.906537,,Mouse,873.0,346.5,,,Fixation
1670925697.916537,,Eye Tracker,875.0,343.0,Valid,Valid,Fixation
1670925697.9194221,,Mouse,877.0,341.0,,,Fixation
1670925697.936076,,Eye Tracker,879.0,339.0,Valid,Valid,Fixation
1670925697.936423,,Mouse,880.6666666666666,342.3333333333333,,,Fixation
1670925697.946687,,Mouse,882.3333333333334,345.6666666666667,,,Fixation
1670925697.9527311,,Eye Tracker,884.0,349.0,Valid,Valid,Fixation
1670925697.966638,,Mouse,886.5,349.5,,,Fixation
1670925697.969386,,Eye Tracker,889.0,350.0,Valid,Valid,Fixation
1670925697.98604,,Mouse,888.5,347.5,,,Fixation
1670925698.002695,,Eye Tracker,888.0,345.0,Valid,Valid,Fixation
1670925698.01935,,Mouse,887.0,347.0,,,Fixation
1670925698.036004,,Mouse,886.0,349.0,,,Fixation
1670925698.037707,,Eye Tracker,885.0,351.0,Valid,Valid,Fixation
1670925698.05266,,Eye Tracker,887.0,353.0,Valid,Valid,Fixation
1670925698.056425,,Mouse,890.0,353.5,,,Fixation
1670925698.069315,,Eye Tracker,893.0,354.0,Valid,Valid,Fixation
1670925698.077478,,Mouse,892.6666666666666,354.6666666666667,,,Fixation
1670925698.085969,,Mouse,892.3333333333334,355.3333333333333,,,Fixation
1670925698.096422,,Eye Tracker,892.0,356.0,Valid,Valid,Fixation
1670925698.1026251,,Mouse,890.5,356.5,,,Fixation
1670925698.1075041,,Eye Tracker,889.0,357.0,Valid,Valid,Fixation
1670925698.11928,,Mouse,889.3333333333334,356.0,,,Fixation
1670925698.127429,,Mouse,889.6666666666666,355.0,,,Fixation
1670925698.135935,,Eye Tracker,890.0,354.0,Valid,Valid,Fixation
1670925698.152589,,Mouse,891.0,353.0,,,Fixation
1670925698.157444,,Eye Tracker,892.0,352.0,Valid,Valid,Fixation
1670925698.167542,,Eye Tracker,892.0,358.0,Valid,Valid,Fixation
1670925698.169244,,Mouse,892.5,362.0,,,Fixation
1670925698.185899,,Eye Tracker,893.0,366.0,Valid,Valid,Fixation
1670925698.197428,,Mouse,892.6666666666666,365.0,,,Fixation
1670925698.202553,,Mouse,892.3333333333334,364.0,,,Fixation
1670925698.20767,,Eye Tracker,892.0,363.0,Valid,Valid,Fixation
1670925698.219208,,Mouse,893.5,366.5,,,Fixation
1670925698.22651,,Eye Tracker,895.0,370.0,Valid,Valid,Fixation
1670925698.235863,,Mouse,895.0,369.0,,,Fixation
1670925698.23757,,Eye Tracker,895.0,368.0,Valid,Valid,Fixation
1670925698.252517,,Mouse,896.0,364.0,,,Fixation
1670925698.257423,,Eye Tracker,897.0,360.0,Valid,Valid,Fixation
1670925698.269172,,Mouse,895.0,362.5,,,Fixation
1670925698.277546,,Eye Tracker,893.0,365.0,Valid,Valid,Fixation
1670925698.285827,,Mouse,887.0,367.0,,,Fixation
1670925698.2977061,,Eye Tracker,881.0,369.0,Valid,Valid,Fixation
1670925698.3024821,,Mouse,881.5,369.0,,,Fixation
1670925698.318408,,Eye Tracker,882.0,369.0,Valid,Valid,Fixation
1670925698.319137,,Mouse,889.0,366.5,,,Fixation
1670925698.328478,,Eye Tracker,896.0,364.0,Valid,Valid,Fixation
1670925698.335792,,Mouse,895.5,363.5,,,Fixation
1670925698.3386881,,Eye Tracker,895.0,363.0,Valid,Valid,Fixation
1670925698.352446,,Mouse,892.6666666666666,364.6666666666667,,,Fixation
1670925698.358417,,Mouse,890.3333333333334,366.3333333333333,,,Fixation
1670925698.368681,,Eye Tracker,888.0,368.0,Valid,Valid,Fixation
1670925698.369101,,Eye Tracker,888.0,365.0,Valid,Valid,Fixation
1670925698.385756,,Mouse,887.0,363.6666666666667,,,Fixation
1670925698.388416,,Mouse,886.0,362.3333333333333,,,Fixation
1670925698.402412,,Eye Tracker,885.0,361.0,Valid,Valid,Fixation
1670925698.408551,,Mouse,885.5,363.5,,,Fixation
1670925698.419066,,Eye Tracker,886.0,366.0,Valid,Valid,Fixation
1670925698.428627,,Mouse,886.5,365.0,,,Fixation
1670925698.435721,,Eye Tracker,887.0,364.0,Valid,Valid,Fixation
1670925698.448374,,Mouse,886.5,362.5,,,Fixation
1670925698.4523761,,Eye Tracker,886.0,361.0,Valid,Valid,Fixation
1670925698.458414,,Mouse,892.5,349.0,,,Fixation
1670925698.468489,,Eye Tracker,899.0,337.0,Valid,Valid,Fixation
1670925698.4690301,,Mouse,901.0,335.0,,,Fixation
1670925698.485685,,Eye Tracker,903.0,333.0,Valid,Valid,Fixation
1670925698.4894211,,Mouse,900.0,340.3333333333333,,,Fixation
1670925698.499528,,Mouse,897.0,347.6666666666667,,,Fixation
1670925698.50234,,Eye Tracker,894.0,355.0,Valid,Valid,Fixation
1670925698.518995,,Mouse,892.0,354.0,,,Fixation
1670925698.519411,,Eye Tracker,890.0,353.0,Valid,Valid,Fixation
1670925698.529434,,Mouse,884.5,347.0,,,Fixation
1670925698.53565,,Eye Tracker,879.0,341.0,Valid,Valid,Fixation
1670925698.5395591,,Eye Tracker,868.0,351.0,Valid,Valid,Fixation
1670925698.552305,,Eye Tracker,860.0,385.0,Valid,Valid,Saccade
1670925698.559392,,Eye Tracker,815.375,412.875,Invalid,Invalid,EyesNotFound
1670925698.568959,,Eye Tracker,770.75,440.75,Invalid,Invalid,EyesNotFound
1670925698.579412,,Eye Tracker,726.125,468.625,Invalid,Invalid,EyesNotFound
1670925698.585614,,Eye Tracker,681.5,496.5,Invalid,Invalid,EyesNotFound
1670925698.59944,,Eye Tracker,636.875,524.375,Invalid,Invalid,EyesNotFound
1670925698.602269,,Eye Tracker,592.25,552.25,Invalid,Invalid,EyesNotFound
1670925698.618923,,Eye Tracker,547.625,580.125,Invalid,Invalid,EyesNotFound
1670925698.619427,,Eye Tracker,503.0,608.0,Invalid,Valid,Saccade
1670925698.629433,,Eye Tracker,658.0,607.0,Valid,Valid,Saccade
1670925698.635578,,Eye Tracker,717.0,557.0,Valid,Valid,Saccade
1670925698.6395571,,Eye Tracker,717.0,457.0,Valid,Valid,Saccade
1670925698.6522331,,Eye Tracker,714.0,461.0,Valid,Valid,Fixation
1670925698.659418,,Eye Tracker,708.0,459.0,Valid,Valid,Fixation
1670925698.668888,,Eye Tracker,706.0,455.0,Valid,Valid,Fixation
1670925698.669434,,Eye Tracker,708.0,454.0,Valid,Valid,Fixation
1670925698.685542,,Eye Tracker,707.0,459.0,Valid,Valid,Fixation
1670925698.689418,,Eye Tracker,707.0,461.0,Valid,Valid,Fixation
1670925698.699757,,Eye Tracker,701.0,458.0,Valid,Valid,Fixation
1670925698.702198,,Eye Tracker,704.0,460.0,Valid,Valid,Fixation
1670925698.718853,,Eye Tracker,711.0,458.0,Valid,Valid,Fixation
1670925698.719413,,Eye Tracker,712.0,458.0,Valid,Valid,Fixation
1670925698.729419,,Eye Tracker,710.0,456.0,Valid,Valid,Fixation
1670925698.735507,,Eye Tracker,706.0,453.0,Valid,Valid,Fixation
1670925698.749401,,Eye Tracker,705.0,457.0,Valid,Valid,Fixation
1670925698.752163,,Eye Tracker,710.0,459.0,Valid,Valid,Fixation
1670925698.75969,,Eye Tracker,708.0,453.0,Valid,Valid,Fixation
1670925698.7688181,,Eye Tracker,704.0,456.0,Valid,Valid,Fixation
1670925698.778438,,Eye Tracker,706.0,467.0,Valid,Valid,Fixation
1670925698.785472,,Eye Tracker,705.0,465.0,Valid,Valid,Fixation
1670925698.789404,,Eye Tracker,717.0,463.0,Valid,Valid,Fixation
1670925698.79958,,Mouse,717.0,464.5,,,Fixation
1670925698.8021271,,Eye Tracker,717.0,466.0,Valid,Valid,Fixation
1670925698.818782,,Mouse,716.0,466.0,,,Fixation
1670925698.819382,,Eye Tracker,715.0,466.0,Valid,Valid,Fixation
1670925698.830475,,Mouse,714.0,462.0,,,Fixation
1670925698.835436,,Eye Tracker,713.0,458.0,Valid,Valid,Fixation
1670925698.840655,,Mouse,711.6666666666666,458.3333333333333,,,Fixation
1670925698.852091,,Mouse,710.3333333333334,458.6666666666667,,,Fixation
1670925698.860429,,Eye Tracker,709.0,459.0,Valid,Valid,Fixation
1670925698.868746,,Mouse,710.5,460.5,,,Fixation
1670925698.88041,,Eye Tracker,712.0,462.0,Valid,Valid,Fixation
1670925698.8854,,Eye Tracker,708.0,459.0,Valid,Valid,Fixation
1670925698.900664,,Mouse,710.3333333333334,460.6666666666667,,,Fixation
1670925698.902055,,Mouse,712.6666666666666,462.3333333333333,,,Fixation
1670925698.91871,,Eye Tracker,715.0,464.0,Valid,Valid,Fixation
1670925698.920419,,Mouse,719.0,466.0,,,Fixation
1670925698.930422,,Eye Tracker,723.0,468.0,Valid,Valid,Fixation
1670925698.935365,,Mouse,721.0,461.0,,,Fixation
1670925698.949394,,Eye Tracker,719.0,454.0,Valid,Valid,Fixation
1670925698.95202,,Mouse,722.5,448.0,,,Fixation
1670925698.96067,,Eye Tracker,726.0,442.0,Valid,Valid,Fixation
1670925698.9686751,,Mouse,725.5,445.0,,,Fixation
1670925698.970684,,Eye Tracker,725.0,448.0,Valid,Valid,Fixation
1670925698.98533,,Mouse,723.0,445.6666666666667,,,Fixation
1670925698.99037,,Mouse,721.0,443.3333333333333,,,Fixation
1670925699.001349,,Eye Tracker,719.0,441.0,Valid,Valid,Fixation
1670925699.0019841,,Mouse,718.0,441.0,,,Fixation
1670925699.011413,,Eye Tracker,717.0,441.0,Valid,Valid,Fixation
1670925699.018639,,Eye Tracker,709.0,440.0,Valid,Valid,Fixation
1670925699.031411,,Mouse,698.5,441.0,,,Fixation
1670925699.035294,,Eye Tracker,688.0,442.0,Valid,Valid,Fixation
1670925699.051411,,Mouse,669.6666666666666,448.3333333333333,,,Fixation
1670925699.051948,,Mouse,651.3333333333334,454.6666666666667,,,Saccade
1670925699.061512,,Eye Tracker,633.0,461.0,Valid,Valid,Saccade
1670925699.068603,,Mouse,624.0,459.0,,,Saccade
1670925699.080411,,Eye Tracker,615.0,457.0,Valid,Valid,Fixation
1670925699.085258,,Mouse,605.5,455.0,,,Fixation
1670925699.0914311,,Eye Tracker,596.0,453.0,Valid,Valid,Fixation
1670925699.101456,,Mouse,596.0,455.6666666666667,,,Fixation
1670925699.101913,,Mouse,596.0,458.3333333333333,,,Fixation
1670925699.118568,,Eye Tracker,596.0,461.0,Valid,Valid,Fixation
1670925699.120424,,Mouse,595.0,459.0,,,Fixation
1670925699.131419,,Eye Tracker,594.0,457.0,Valid,Valid,Fixation
1670925699.135223,,Mouse,595.5,455.0,,,Fixation
1670925699.141443,,Eye Tracker,597.0,453.0,Valid,Valid,Fixation
1670925699.151877,,Mouse,603.5,457.0,,,Fixation
1670925699.160655,,Eye Tracker,610.0,461.0,Valid,Valid,Fixation
1670925699.168533,,Eye Tracker,608.0,460.0,Valid,Valid,Fixation
1670925699.171477,,Mouse,603.0,460.5,,,Fixation
1670925699.185188,,Eye Tracker,598.0,461.0,Valid,Valid,Fixation
1670925699.191474,,Mouse,597.3333333333334,461.3333333333333,,,Fixation
1670925699.201704,,Mouse,596.6666666666666,461.6666666666667,,,Fixation
1670925699.201843,,Eye Tracker,596.0,462.0,Valid,Valid,Fixation
1670925699.218497,,Mouse,600.5,463.5,,,Fixation
1670925699.221381,,Eye Tracker,605.0,465.0,Valid,Valid,Fixation
1670925699.235152,,Mouse,605.6666666666666,465.3333333333333,,,Fixation
1670925699.241413,,Mouse,606.3333333333334,465.6666666666667,,,Fixation
1670925699.251807,,Eye Tracker,607.0,466.0,Valid,Valid,Fixation
1670925699.261445,,Mouse,603.0,461.0,,,Fixation
1670925699.268461,,Eye Tracker,599.0,456.0,Valid,Valid,Fixation
1670925699.28141,,Mouse,598.5,456.5,,,Fixation
1670925699.285116,,Eye Tracker,598.0,457.0,Valid,Valid,Fixation
1670925699.301455,,Mouse,598.0,456.6666666666667,,,Fixation
1670925699.301771,,Mouse,598.0,456.3333333333333,,,Fixation
1670925699.318425,,Eye Tracker,598.0,456.0,Valid,Valid,Fixation
1670925699.321432,,Mouse,598.0,455.5,,,Fixation
1670925699.331453,,Eye Tracker,598.0,455.0,Valid,Valid,Fixation
1670925699.335081,,Eye Tracker,594.0,451.0,Valid,Valid,Fixation
1670925699.342448,,Mouse,593.0,449.5,,,Fixation
1670925699.351736,,Eye Tracker,592.0,448.0,Valid,Valid,Fixation
1670925699.35268,,Mouse,591.0,450.5,,,Fixation
1670925699.36839,,Eye Tracker,590.0,453.0,Valid,Valid,Fixation
1670925699.372412,,Mouse,589.0,453.5,,,Fixation
1670925699.382416,,Eye Tracker,588.0,454.0,Valid,Valid,Fixation
1670925699.385045,,Mouse,592.0,454.0,,,Fixation
1670925699.39251,,Eye Tracker,596.0,454.0,Valid,Valid,Fixation
1670925699.4017,,Mouse,595.5,456.5,,,Fixation
1670925699.4124231,,Eye Tracker,595.0,459.0,Valid,Valid,Fixation
1670925699.418354,,Mouse,594.0,458.5,,,Fixation
1670925699.432423,,Eye Tracker,593.0,458.0,Valid,Valid,Fixation
1670925699.435009,,Mouse,593.5,456.0,,,Fixation
1670925699.451664,,Eye Tracker,594.0,454.0,Valid,Valid,Fixation
1670925699.452424,,Eye Tracker,592.0,456.0,Valid,Valid,Fixation
1670925699.4683201,,Eye Tracker,593.0,460.0,Valid,Valid,Fixation
1670925699.472442,,Eye Tracker,597.0,463.0,Valid,Valid,Fixation
1670925699.4849741,,Eye Tracker,586.0,453.0,Valid,Valid,Fixation
1670925699.4927301,,Eye Tracker,593.0,459.0,Valid,Valid,Fixation
1670925699.501629,,Eye Tracker,333.0,504.0,Valid,Valid,Saccade
1670925699.513408,,Eye Tracker,301.0,513.0,Valid,Valid,Saccade
1670925699.518284,,Eye Tracker,290.0,515.0,Valid,Valid,Fixation
1670925699.523438,,Eye Tracker,300.0,519.0,Valid,Valid,Fixation
1670925699.533536,,Eye Tracker,304.0,520.0,Valid,Valid,Fixation
1670925699.534938,,Eye Tracker,308.0,524.0,Valid,Valid,Fixation
1670925699.551593,,Eye Tracker,304.0,525.0,Valid,Valid,Fixation
1670925699.553457,,Eye Tracker,306.0,529.0,Valid,Valid,Fixation
1670925699.568249,,Mouse,308.5,530.5,,,Fixation
1670925699.573407,,Eye Tracker,311.0,532.0,Valid,Valid,Fixation
1670925699.583419,,Mouse,305.5,525.0,,,Fixation
1670925699.584903,,Eye Tracker,300.0,518.0,Valid,Valid,Fixation
1670925699.593578,,Eye Tracker,253.0,498.0,Valid,Valid,Saccade
1670925699.601558,,Mouse,222.0,487.0,,,Saccade
1670925699.613419,,Eye Tracker,191.0,476.0,Valid,Valid,Saccade
1670925699.618213,,Mouse,184.0,471.3333333333333,,,Saccade
1670925699.623666,,Mouse,177.0,466.6666666666667,,,Saccade
1670925699.634867,,Eye Tracker,170.0,462.0,Valid,Valid,Saccade
1670925699.643385,,Eye Tracker,162.0,464.0,Valid,Valid,Fixation
1670925699.651522,,Mouse,161.0,468.0,,,Fixation
1670925699.653399,,Eye Tracker,160.0,472.0,Valid,Valid,Fixation
1670925699.6681771,,Mouse,162.5,466.5,,,Fixation
1670925699.672443,,Eye Tracker,165.0,461.0,Valid,Valid,Fixation
1670925699.6834,,Mouse,166.5,460.0,,,Fixation
1670925699.6848311,,Eye Tracker,168.0,459.0,Valid,Valid,Fixation
1670925699.693568,,Mouse,169.5,461.5,,,Fixation
1670925699.701486,,Eye Tracker,171.0,464.0,Valid,Valid,Fixation
1670925699.713382,,Mouse,171.66666666666666,463.3333333333333,,,Fixation
1670925699.718141,,Mouse,172.33333333333334,462.6666666666667,,,Fixation
1670925699.723716,,Eye Tracker,173.0,462.0,Valid,Valid,Fixation
1670925699.734796,,Eye Tracker,170.0,468.0,Valid,Valid,Fixation
1670925699.743379,,Mouse,170.0,467.5,,,Fixation
1670925699.751451,,Eye Tracker,170.0,467.0,Valid,Valid,Fixation
1670925699.753416,,Mouse,169.66666666666666,467.3333333333333,,,Fixation
1670925699.768106,,Mouse,169.33333333333334,467.6666666666667,,,Fixation
1670925699.773411,,Eye Tracker,169.0,468.0,Valid,Valid,Fixation
1670925699.784761,,Mouse,166.5,469.5,,,Fixation
1670925699.793576,,Eye Tracker,164.0,471.0,Valid,Valid,Fixation
1670925699.801415,,Mouse,164.0,469.0,,,Fixation
1670925699.813448,,Eye Tracker,164.0,467.0,Valid,Valid,Fixation
1670925699.81807,,Mouse,167.0,466.0,,,Fixation
1670925699.823509,,Eye Tracker,170.0,465.0,Valid,Valid,Fixation
1670925699.834726,,Mouse,169.0,464.5,,,Fixation
1670925699.843408,,Eye Tracker,168.0,464.0,Valid,Valid,Fixation
1670925699.85138,,Mouse,167.0,464.6666666666667,,,Fixation
1670925699.854585,,Mouse,166.0,465.3333333333333,,,Fixation
1670925699.868035,,Eye Tracker,165.0,466.0,Valid,Valid,Fixation
1670925699.874385,,Mouse,165.5,466.5,,,Fixation
1670925699.884398,,Eye Tracker,166.0,467.0,Valid,Valid,Fixation
1670925699.88469,,Eye Tracker,165.0,466.0,Valid,Valid,Fixation
1670925699.901344,,Mouse,165.5,466.5,,,Fixation
1670925699.904418,,Eye Tracker,166.0,467.0,Valid,Valid,Fixation
1670925699.914424,,Mouse,166.5,468.5,,,Fixation
1670925699.917999,,Eye Tracker,167.0,470.0,Valid,Valid,Fixation
1670925699.924676,,Mouse,168.5,467.0,,,Fixation
1670925699.934654,,Eye Tracker,170.0,464.0,Valid,Valid,Fixation
1670925699.944389,,Mouse,170.5,464.0,,,Fixation
1670925699.951309,,Eye Tracker,171.0,464.0,Valid,Valid,Fixation
1670925699.954442,,Mouse,170.0,466.5,,,Fixation
1670925699.967964,,Eye Tracker,169.0,469.0,Valid,Valid,Fixation
1670925699.973474,,Mouse,168.0,468.5,,,Fixation
1670925699.984399,,Eye Tracker,167.0,468.0,Valid,Valid,Fixation
1670925699.9846191,,Mouse,168.0,466.5,,,Fixation
1670925699.994527,,Eye Tracker,169.0,465.0,Valid,Valid,Fixation
1670925700.001274,,Mouse,172.33333333333334,464.6666666666667,,,Fixation
1670925700.014556,,Mouse,175.66666666666666,464.3333333333333,,,Fixation
1670925700.0179281,,Eye Tracker,179.0,464.0,Valid,Valid,Fixation
1670925700.025562,,Eye Tracker,180.0,464.0,Valid,Valid,Fixation
1670925700.034583,,Mouse,179.66666666666666,465.6666666666667,,,Fixation
1670925700.0453541,,Mouse,179.33333333333334,467.3333333333333,,,Fixation
1670925700.051238,,Eye Tracker,179.0,469.0,Valid,Valid,Fixation
1670925700.0554771,,Mouse,178.5,472.5,,,Fixation
1670925700.067892,,Eye Tracker,178.0,476.0,Valid,Valid,Fixation
1670925700.075413,,Mouse,178.5,475.5,,,Fixation
1670925700.084547,,Eye Tracker,179.0,475.0,Valid,Valid,Fixation
1670925700.085699,,Mouse,180.5,477.0,,,Fixation
1670925700.101202,,Eye Tracker,182.0,479.0,Valid,Valid,Fixation
1670925700.10538,,Mouse,184.0,478.5,,,Fixation
1670925700.115426,,Eye Tracker,186.0,478.0,Valid,Valid,Fixation
1670925700.117856,,Mouse,185.5,475.5,,,Fixation
1670925700.125852,,Eye Tracker,185.0,473.0,Valid,Valid,Fixation
1670925700.134511,,Mouse,187.0,472.5,,,Fixation
1670925700.144475,,Eye Tracker,189.0,472.0,Valid,Valid,Fixation
1670925700.151167,,Mouse,195.33333333333334,475.3333333333333,,,Fixation
1670925700.155505,,Mouse,201.66666666666666,478.6666666666667,,,Fixation
1670925700.1678221,,Eye Tracker,208.0,482.0,Valid,Valid,Fixation
1670925700.175508,,Eye Tracker,214.0,485.0,Valid,Valid,Fixation
1670925700.184477,,Mouse,213.0,481.5,,,Fixation
1670925700.195432,,Eye Tracker,212.0,478.0,Valid,Valid,Fixation
1670925700.201132,,Mouse,219.5,486.0,,,Fixation
1670925700.215401,,Eye Tracker,227.0,494.0,Valid,Valid,Fixation
1670925700.217786,,Mouse,256.0,536.5,,,Saccade
1670925700.234441,,Eye Tracker,285.0,579.0,Valid,Valid,Saccade
1670925700.235409,,Mouse,300.0,608.5,,,Saccade
1670925700.251096,,Eye Tracker,315.0,638.0,Valid,Valid,Saccade
1670925700.255426,,Mouse,323.5,656.0,,,Saccade
1670925700.267751,,Eye Tracker,332.0,674.0,Valid,Valid,Saccade
1670925700.275413,,Mouse,336.5,680.0,,,Saccade
1670925700.284405,,Eye Tracker,341.0,686.0,Valid,Valid,Fixation
1670925700.285535,,Mouse,341.0,688.6666666666666,,,Fixation
1670925700.30106,,Mouse,341.0,691.3333333333334,,,Fixation
1670925700.305378,,Eye Tracker,341.0,694.0,Valid,Valid,Fixation
1670925700.317715,,Mouse,339.0,696.0,,,Fixation
1670925700.325437,,Eye Tracker,337.0,698.0,Valid,Valid,Fixation
1670925700.334369,,Mouse,336.5,701.0,,,Fixation
1670925700.3454201,,Eye Tracker,336.0,704.0,Valid,Valid,Fixation
1670925700.351024,,Mouse,338.0,704.6666666666666,,,Fixation
1670925700.355573,,Mouse,340.0,705.3333333333334,,,Fixation
1670925700.366406,,Eye Tracker,342.0,706.0,Valid,Valid,Fixation
1670925700.36768,,Mouse,362.0,727.0,,,Fixation
1670925700.384334,,Eye Tracker,382.0,748.0,Valid,Valid,Saccade
1670925700.38645,,Mouse,399.0,784.5,,,Saccade
1670925700.400989,,Eye Tracker,416.0,821.0,Valid,Valid,Saccade
1670925700.406404,,Eye Tracker,446.0,872.0,Valid,Valid,Saccade
1670925700.416665,,Eye Tracker,449.0,883.0,Valid,Valid,Fixation
1670925700.417644,,Mouse,444.0,885.0,,,Fixation
1670925700.434298,,Eye Tracker,439.0,887.0,Valid,Valid,Fixation
1670925700.436405,,Mouse,438.0,889.5,,,Fixation
1670925700.446444,,Eye Tracker,437.0,892.0,Valid,Valid,Fixation
1670925700.450953,,Mouse,441.0,889.5,,,Fixation
1670925700.456666,,Eye Tracker,445.0,887.0,Valid,Valid,Fixation
1670925700.467609,,Mouse,444.0,885.5,,,Fixation
1670925700.476465,,Eye Tracker,443.0,884.0,Valid,Valid,Fixation
1670925700.484263,,Mouse,438.5,883.5,,,Fixation
1670925700.496392,,Eye Tracker,434.0,883.0,Valid,Valid,Fixation
1670925700.500918,,Eye Tracker,431.0,882.0,Valid,Valid,Fixation
1670925700.5165331,,Eye Tracker,435.0,879.0,Valid,Valid,Fixation
1670925700.517573,,Eye Tracker,436.0,876.0,Valid,Valid,Fixation
1670925700.534228,,Mouse,429.0,878.5,,,Fixation
1670925700.537376,,Eye Tracker,422.0,881.0,Valid,Valid,Fixation
1670925700.5474951,,Mouse,422.5,879.5,,,Fixation
1670925700.550882,,Eye Tracker,423.0,878.0,Valid,Valid,Fixation
1670925700.567346,,Mouse,424.0,877.0,,,Fixation
1670925700.567537,,Eye Tracker,425.0,876.0,Valid,Valid,Fixation
1670925700.577423,,Mouse,425.5,878.5,,,Fixation
1670925700.584193,,Eye Tracker,426.0,881.0,Valid,Valid,Fixation
1670925700.58769,,Eye Tracker,421.0,879.0,Valid,Valid,Fixation
1670925700.600847,,Mouse,421.0,878.5,,,Fixation
1670925700.6074731,,Eye Tracker,421.0,878.0,Valid,Valid,Fixation
1670925700.617486,,Mouse,421.5,878.0,,,Fixation
1670925700.617502,,Eye Tracker,422.0,878.0,Valid,Valid,Fixation
1670925700.634157,,Mouse,422.0,879.5,,,Fixation
1670925700.637434,,Eye Tracker,422.0,881.0,Valid,Valid,Fixation
1670925700.6476831,,Mouse,422.0,881.5,,,Fixation
1670925700.650811,,Eye Tracker,422.0,882.0,Valid,Valid,Fixation
1670925700.667377,,Eye Tracker,423.0,880.0,Valid,Valid,Fixation
1670925700.667466,,Mouse,435.0,881.5,,,Fixation
1670925700.6774611,,Eye Tracker,447.0,883.0,Valid,Valid,Saccade
1670925700.6841211,,Mouse,459.0,887.5,,,Saccade
1670925700.687745,,Eye Tracker,471.0,892.0,Valid,Valid,Saccade
1670925700.7007751,,Mouse,470.0,895.5,,,Fixation
1670925700.7073681,,Eye Tracker,469.0,899.0,Valid,Valid,Fixation
1670925700.71743,,Mouse,469.3333333333333,898.6666666666666,,,Fixation
1670925700.717668,,Mouse,469.6666666666667,898.3333333333334,,,Fixation
1670925700.734086,,Eye Tracker,470.0,898.0,Valid,Valid,Fixation
1670925700.7374961,,Mouse,474.0,898.6666666666666,,,Fixation
1670925700.75074,,Mouse,478.0,899.3333333333334,,,Fixation
1670925700.757375,,Eye Tracker,482.0,900.0,Valid,Valid,Fixation
1670925700.767395,,Eye Tracker,480.0,902.0,Valid,Valid,Fixation
1670925700.767438,,Mouse,478.0,903.3333333333334,,,Fixation
1670925700.777452,,Mouse,476.0,904.6666666666666,,,Fixation
1670925700.78405,,Eye Tracker,474.0,906.0,Valid,Valid,Fixation
1670925700.7973871,,Mouse,473.5,906.0,,,Fixation
1670925700.800705,,Eye Tracker,473.0,906.0,Valid,Valid,Fixation
1670925700.8074481,,Mouse,474.0,904.5,,,Fixation
1670925700.817359,,Eye Tracker,475.0,903.0,Valid,Valid,Fixation
1670925700.834014,,Mouse,474.0,903.5,,,Fixation
1670925700.837421,,Eye Tracker,473.0,904.0,Valid,Valid,Fixation
1670925700.847529,,Mouse,476.0,905.0,,,Fixation
1670925700.8506691,,Eye Tracker,479.0,906.0,Valid,Valid,Fixation
1670925700.867324,,Eye Tracker,486.0,906.0,Valid,Valid,Fixation
1670925700.883979,,Eye Tracker,494.0,911.0,Valid,Valid,Fixation
1670925700.888407,,Eye Tracker,497.0,910.0,Valid,Valid,Fixation
1670925700.900634,,Eye Tracker,496.0,910.0,Valid,Valid,Fixation
1670925700.9084141,,Mouse,497.0,909.5,,,Fixation
1670925700.917288,,Eye Tracker,498.0,909.0,Valid,Valid,Fixation
1670925700.933943,,Mouse,498.5,905.5,,,Fixation
1670925700.9385731,,Eye Tracker,499.0,902.0,Valid,Valid,Fixation
1670925700.950598,,Mouse,498.5,903.0,,,Fixation
1670925700.958406,,Eye Tracker,498.0,904.0,Valid,Valid,Fixation
1670925700.967252,,Mouse,498.0,906.5,,,Fixation
1670925700.9684331,,Eye Tracker,498.0,909.0,Valid,Valid,Fixation
1670925700.978566,,Mouse,498.0,910.5,,,Fixation
1670925700.983907,,Eye Tracker,498.0,912.0,Valid,Valid,Fixation
1670925700.997413,,Eye Tracker,496.0,914.0,Valid,Valid,Fixation
1670925701.0005631,,Eye Tracker,496.0,910.0,Valid,Valid,Fixation
1670925701.008647,,Mouse,494.0,910.5,,,Fixation
1670925701.017217,,Eye Tracker,492.0,911.0,Valid,Valid,Fixation
1670925701.028377,,Mouse,490.5,911.0,,,Fixation
1670925701.0338721,,Eye Tracker,489.0,911.0,Valid,Valid,Fixation
1670925701.038456,,Mouse,487.5,909.5,,,Fixation
1670925701.049479,,Eye Tracker,486.0,908.0,Valid,Valid,Fixation
1670925701.050527,,Eye Tracker,487.0,909.0,Valid,Valid,Fixation
1670925701.067183,,Mouse,487.3333333333333,908.6666666666666,,,Fixation
1670925701.079437,,Mouse,487.6666666666667,908.3333333333334,,,Fixation
1670925701.083837,,Eye Tracker,488.0,908.0,Valid,Valid,Fixation
1670925701.0994241,,Mouse,487.5,907.5,,,Fixation
1670925701.100492,,Eye Tracker,487.0,907.0,Valid,Valid,Fixation
1670925701.109701,,Eye Tracker,490.0,912.0,Valid,Valid,Fixation
1670925701.117147,,Mouse,491.0,912.0,,,Fixation
1670925701.12941,,Mouse,492.0,912.0,,,Fixation
1670925701.133801,,Eye Tracker,493.0,912.0,Valid,Valid,Fixation
1670925701.13946,,Mouse,493.0,908.5,,,Fixation
1670925701.150456,,Eye Tracker,493.0,905.0,Valid,Valid,Fixation
1670925701.159467,,Eye Tracker,491.0,903.0,Valid,Valid,Fixation
1670925701.167111,,Mouse,488.0,904.5,,,Fixation
1670925701.17943,,Eye Tracker,485.0,906.0,Valid,Valid,Fixation
1670925701.183765,,Mouse,487.0,907.0,,,Fixation
1670925701.199539,,Eye Tracker,489.0,908.0,Valid,Valid,Fixation
1670925701.2004201,,Mouse,490.0,907.5,,,Fixation
1670925701.217076,,Eye Tracker,491.0,907.0,Valid,Valid,Fixation
1670925701.219337,,Mouse,491.0,908.5,,,Fixation
1670925701.22941,,Eye Tracker,491.0,910.0,Valid,Valid,Fixation
1670925701.23373,,Mouse,494.5,911.5,,,Fixation
1670925701.2396991,,Eye Tracker,498.0,913.0,Valid,Valid,Fixation
1670925701.250385,,Eye Tracker,495.0,906.0,Valid,Valid,Fixation
1670925701.259424,,Mouse,492.5,901.0,,,Fixation
1670925701.26704,,Eye Tracker,490.0,896.0,Valid,Valid,Fixation
1670925701.269666,,Mouse,492.0,897.5,,,Fixation
1670925701.283694,,Eye Tracker,494.0,899.0,Valid,Valid,Fixation
1670925701.289437,,Eye Tracker,497.0,911.0,Valid,Valid,Fixation
1670925701.300349,,Mouse,497.0,910.0,,,Fixation
1670925701.3095481,,Eye Tracker,497.0,909.0,Valid,Valid,Fixation
1670925701.317005,,Eye Tracker,498.0,904.0,Valid,Valid,Fixation
1670925701.329389,,Eye Tracker,496.0,906.0,Valid,Valid,Fixation
1670925701.3336601,,Eye Tracker,495.0,905.0,Valid,Valid,Fixation
1670925701.349419,,Mouse,494.5,905.5,,,Fixation
1670925701.3503141,,Eye Tracker,494.0,906.0,Valid,Valid,Fixation
1670925701.366969,,Eye Tracker,491.0,906.0,Valid,Valid,Fixation
1670925701.3694181,,Eye Tracker,492.0,904.0,Valid,Valid,Fixation
1670925701.379455,,Eye Tracker,496.0,906.0,Valid,Valid,Fixation
1670925701.383624,,Eye Tracker,501.0,907.0,Valid,Valid,Fixation
1670925701.390429,,Eye Tracker,522.0,872.0,Valid,Valid,Saccade
1670925701.400278,,Eye Tracker,532.0,848.0,Valid,Valid,Saccade
1670925701.400638,,Eye Tracker,530.0,837.0,Valid,Valid,Fixation
1670925701.416933,,Eye Tracker,530.0,827.0,Valid,Valid,Fixation
1670925701.420424,,Eye Tracker,537.0,825.0,Valid,Valid,Fixation
1670925701.433588,,Eye Tracker,538.0,830.0,Valid,Valid,Fixation
1670925701.450242,,Eye Tracker,538.0,840.0,Valid,Valid,Fixation
1670925701.460428,,Eye Tracker,538.0,838.0,Valid,Valid,Fixation
1670925701.466898,,Eye Tracker,538.0,840.0,Valid,Valid,Fixation
1670925701.470833,,Eye Tracker,535.0,838.0,Valid,Valid,Fixation
1670925701.483553,,Eye Tracker,530.0,835.0,Valid,Valid,Fixation
1670925701.490376,,Eye Tracker,534.0,836.0,Valid,Valid,Fixation
1670925701.500207,,Eye Tracker,532.0,837.0,Valid,Valid,Fixation
1670925701.5004,,Eye Tracker,528.0,840.0,Valid,Valid,Fixation
1670925701.516862,,Eye Tracker,502.0,850.0,Valid,Valid,Saccade
1670925701.530549,,Eye Tracker,490.0,868.0,Valid,Valid,Saccade
1670925701.5335171,,Eye Tracker,473.0,875.0,Valid,Valid,Fixation
1670925701.5501711,,Eye Tracker,468.0,876.0,Valid,Valid,Fixation
1670925701.566826,,Eye Tracker,504.0,883.0,Valid,Invalid,Fixation
1670925701.581427,,Eye Tracker,502.0,877.0,Valid,Invalid,Fixation
1670925701.583481,,Eye Tracker,491.0,874.0,Valid,Invalid,Fixation
1670925701.600136,,Mouse,492.0,876.5,,,Fixation
1670925701.601449,,Eye Tracker,493.0,879.0,Valid,Invalid,Fixation
1670925701.611449,,Eye Tracker,500.0,879.0,Valid,Invalid,Fixation
1670925701.616791,,Eye Tracker,489.0,875.0,Valid,Valid,Fixation
1670925701.631421,,Eye Tracker,486.0,875.0,Valid,Valid,Fixation
1670925701.633446,,Eye Tracker,482.0,879.0,Valid,Valid,Fixation
1670925701.641422,,Eye Tracker,480.0,879.0,Valid,Valid,Fixation
1670925701.650101,,Eye Tracker,487.0,880.0,Valid,Valid,Fixation
1670925701.651465,,Eye Tracker,489.0,900.0,Valid,Valid,Fixation
1670925701.661528,,Eye Tracker,490.0,906.0,Valid,Valid,Fixation
1670925701.666756,,Eye Tracker,496.0,900.0,Valid,Valid,Fixation
1670925701.681401,,Eye Tracker,491.0,906.0,Valid,Valid,Fixation
1670925701.6834111,,Mouse,493.5,908.5,,,Fixation
1670925701.691413,,Eye Tracker,496.0,911.0,Valid,Valid,Fixation
1670925701.700066,,Eye Tracker,501.0,912.0,Valid,Valid,Fixation
1670925701.701417,,Eye Tracker,498.0,912.0,Valid,Valid,Fixation
1670925701.71672,,Mouse,497.6666666666667,912.3333333333334,,,Fixation
1670925701.731429,,Mouse,497.3333333333333,912.6666666666666,,,Fixation
1670925701.733375,,Eye Tracker,497.0,913.0,Valid,Valid,Fixation
1670925701.741429,,Mouse,502.5,906.5,,,Fixation
1670925701.75003,,Eye Tracker,508.0,900.0,Valid,Invalid,Fixation
1670925701.761389,,Eye Tracker,507.0,899.0,Valid,Invalid,Fixation
1670925701.766684,,Eye Tracker,512.0,906.0,Valid,Invalid,Fixation
1670925701.771442,,Mouse,513.0,905.5,,,Fixation
1670925701.783339,,Eye Tracker,514.0,905.0,Valid,Invalid,Fixation
1670925701.791372,,Eye Tracker,504.0,903.0,Valid,Invalid,Fixation
1670925701.799994,,Eye Tracker,505.0,906.0,Valid,Valid,Fixation
1670925701.801688,,Eye Tracker,502.0,906.0,Valid,Valid,Fixation
1670925701.816648,,Mouse,499.0,908.0,,,Fixation
1670925701.821391,,Eye Tracker,496.0,910.0,Valid,Valid,Fixation
1670925701.831413,,Eye Tracker,494.0,917.0,Valid,Valid,Fixation
1670925701.833303,,Eye Tracker,495.0,920.0,Valid,Valid,Fixation
1670925701.841481,,Eye Tracker,498.0,924.0,Valid,Valid,Fixation
1670925701.849958,,Eye Tracker,496.0,923.0,Valid,Valid,Fixation
1670925701.861409,,Mouse,494.5,921.0,,,Fixation
1670925701.866614,,Eye Tracker,493.0,919.0,Valid,Valid,Fixation
1670925701.8714151,,Mouse,495.0,919.5,,,Fixation
1670925701.881427,,Eye Tracker,497.0,920.0,Valid,Valid,Fixation
1670925701.883268,,Mouse,500.0,922.5,,,Fixation
1670925701.899923,,Eye Tracker,503.0,925.0,Valid,Valid,Fixation
1670925701.902412,,Mouse,504.0,923.5,,,Fixation
1670925701.9124281,,Eye Tracker,505.0,922.0,Valid,Valid,Fixation
1670925701.916579,,Eye Tracker,503.0,918.0,Valid,Valid,Fixation
1670925701.932437,,Mouse,502.0,918.6666666666666,,,Fixation
1670925701.933233,,Mouse,501.0,919.3333333333334,,,Fixation
1670925701.949888,,Eye Tracker,500.0,920.0,Valid,Valid,Fixation
1670925701.952323,,Mouse,503.5,920.0,,,Fixation
1670925701.962333,,Eye Tracker,507.0,920.0,Valid,Valid,Fixation
1670925701.966543,,Eye Tracker,509.0,920.0,Valid,Valid,Fixation
1670925701.982378,,Eye Tracker,503.0,923.0,Valid,Valid,Fixation
1670925701.983197,,Eye Tracker,499.0,924.0,Valid,Valid,Fixation
1670925701.9924061,,Eye Tracker,493.0,927.0,Valid,Valid,Fixation
1670925701.999852,,Eye Tracker,494.0,922.0,Valid,Valid,Fixation
1670925702.0024211,,Eye Tracker,498.0,913.0,Valid,Valid,Fixation
1670925702.0165071,,Eye Tracker,497.0,919.0,Valid,Valid,Fixation
1670925702.022407,,Eye Tracker,490.0,928.0,Valid,Valid,Fixation
1670925702.032408,,Eye Tracker,492.0,927.0,Valid,Valid,Fixation
1670925702.033161,,Eye Tracker,500.0,916.0,Valid,Valid,Fixation
1670925702.0424511,,Eye Tracker,511.0,914.0,Valid,Valid,Fixation
1670925702.0498161,,Eye Tracker,511.0,914.0,Valid,Valid,Fixation
1670925702.062406,,Eye Tracker,515.0,915.0,Valid,Valid,Fixation
1670925702.066472,,Eye Tracker,520.0,920.0,Valid,Valid,Fixation
1670925702.073518,,Eye Tracker,519.0,918.0,Valid,Valid,Fixation
1670925702.083126,,Eye Tracker,525.0,918.0,Valid,Valid,Fixation
1670925702.093385,,Eye Tracker,524.0,920.0,Valid,Valid,Fixation
1670925702.099781,,Eye Tracker,519.0,921.0,Valid,Valid,Fixation
1670925702.103442,,Eye Tracker,522.0,919.0,Valid,Valid,Fixation
1670925702.116436,,Eye Tracker,523.0,917.0,Valid,Valid,Fixation
1670925702.123375,,Eye Tracker,522.0,918.0,Valid,Valid,Fixation
1670925702.133091,,Eye Tracker,527.0,920.0,Valid,Valid,Fixation
1670925702.133699,,Eye Tracker,524.0,918.0,Valid,Valid,Fixation
1670925702.149745,,Eye Tracker,525.0,913.0,Valid,Valid,Fixation
1670925702.153377,,Eye Tracker,526.0,914.0,Valid,Valid,Fixation
1670925702.163426,,Eye Tracker,522.0,916.0,Valid,Valid,Fixation
1670925702.1664,,Eye Tracker,523.0,917.0,Valid,Valid,Fixation
1670925702.1734421,,Eye Tracker,526.0,913.0,Valid,Valid,Fixation
1670925702.183055,,Mouse,524.0,911.6666666666666,,,Fixation
1670925702.193672,,Mouse,522.0,910.3333333333334,,,Fixation
1670925702.1997101,,Eye Tracker,520.0,909.0,Valid,Valid,Fixation
1670925702.213413,,Mouse,520.5,911.5,,,Fixation
1670925702.216365,,Eye Tracker,521.0,914.0,Valid,Valid,Fixation
1670925702.232435,,Mouse,521.0,913.5,,,Fixation
1670925702.23302,,Eye Tracker,521.0,913.0,Valid,Valid,Fixation
1670925702.2433991,,Eye Tracker,518.0,914.0,Valid,Valid,Fixation
1670925702.249674,,Eye Tracker,520.0,915.0,Valid,Valid,Fixation
1670925702.263446,,Eye Tracker,517.0,913.0,Valid,Valid,Fixation
1670925702.266329,,Eye Tracker,521.0,913.0,Valid,Valid,Fixation
1670925702.282985,,Eye Tracker,520.0,915.0,Valid,Valid,Fixation
1670925702.28341,,Eye Tracker,515.0,917.0,Valid,Valid,Fixation
1670925702.299639,,Eye Tracker,518.0,915.0,Valid,Valid,Fixation
1670925702.303613,,Eye Tracker,522.0,915.0,Valid,Valid,Fixation
1670925702.316294,,Eye Tracker,524.0,919.0,Valid,Valid,Fixation
1670925702.32368,,Eye Tracker,512.0,918.0,Valid,Valid,Fixation
1670925702.332949,,Eye Tracker,496.0,909.0,Valid,Valid,Fixation
1670925702.343427,,Mouse,496.0,909.0,,,Fixation
1670925702.349603,,Eye Tracker,496.0,909.0,Valid,Valid,Fixation
1670925702.363452,,Eye Tracker,505.0,907.0,Valid,Valid,Fixation
1670925702.3662581,,Mouse,504.6666666666667,907.0,,,Fixation
1670925702.382913,,Mouse,504.3333333333333,907.0,,,Fixation
1670925702.3833761,,Eye Tracker,504.0,907.0,Valid,Valid,Fixation
1670925702.399568,,Mouse,502.0,908.0,,,Fixation
1670925702.414407,,Eye Tracker,500.0,909.0,Valid,Valid,Fixation
1670925702.416222,,Mouse,498.5,908.5,,,Fixation
1670925702.432877,,Eye Tracker,497.0,908.0,Valid,Valid,Fixation
1670925702.449532,,Mouse,497.3333333333333,909.3333333333334,,,Fixation
1670925702.454518,,Mouse,497.6666666666667,910.6666666666666,,,Fixation
1670925702.466187,,Eye Tracker,498.0,912.0,Valid,Valid,Fixation
1670925702.474425,,Mouse,499.0,911.5,,,Fixation
1670925702.482843,,Eye Tracker,500.0,911.0,Valid,Valid,Fixation
1670925702.4994981,,Eye Tracker,493.0,912.0,Valid,Valid,Fixation
1670925702.504409,,Eye Tracker,493.0,912.0,Valid,Valid,Fixation
1670925702.51441,,Eye Tracker,495.0,908.0,Valid,Valid,Fixation
1670925702.5161521,,Eye Tracker,494.0,907.0,Valid,Valid,Fixation
1670925702.524641,,Eye Tracker,494.0,906.0,Valid,Valid,Fixation
1670925702.532807,,Mouse,494.6666666666667,906.3333333333334,,,Fixation
1670925702.54441,,Mouse,495.3333333333333,906.6666666666666,,,Fixation
1670925702.549462,,Eye Tracker,496.0,907.0,Valid,Valid,Fixation
1670925702.554424,,Eye Tracker,496.0,906.0,Valid,Valid,Fixation
1670925702.564706,,Mouse,495.0,906.0,,,Fixation
1670925702.566116,,Mouse,494.0,906.0,,,Fixation
1670925702.582771,,Eye Tracker,493.0,906.0,Valid,Valid,Fixation
1670925702.585545,,Mouse,493.3333333333333,906.0,,,Fixation
1670925702.599426,,Mouse,493.6666666666667,906.0,,,Fixation
1670925702.605436,,Eye Tracker,494.0,906.0,Valid,Valid,Fixation
1670925702.61608,,Eye Tracker,494.0,905.0,Valid,Valid,Fixation
1670925702.625447,,Mouse,495.0,908.5,,,Fixation
1670925702.632735,,Eye Tracker,496.0,912.0,Valid,Valid,Fixation
1670925702.63575,,Eye Tracker,498.0,911.0,Valid,Valid,Fixation
1670925702.64939,,Eye Tracker,498.0,908.0,Valid,Valid,Fixation
1670925702.655625,,Eye Tracker,497.0,906.0,Valid,Valid,Fixation
1670925702.6660461,,Eye Tracker,497.0,913.0,Valid,Valid,Fixation
1670925702.675538,,Mouse,495.5,912.5,,,Fixation
1670925702.6827,,Eye Tracker,494.0,912.0,Valid,Valid,Fixation
1670925702.6993551,,Mouse,491.5,907.0,,,Fixation
1670925702.715428,,Eye Tracker,489.0,902.0,Valid,Valid,Fixation
1670925702.71601,,Mouse,489.5,904.5,,,Fixation
1670925702.725662,,Eye Tracker,490.0,907.0,Valid,Valid,Fixation
1670925702.732664,,Eye Tracker,479.0,911.0,Valid,Valid,Fixation
1670925702.744401,,Eye Tracker,475.0,913.0,Valid,Valid,Fixation
1670925702.749319,,Mouse,476.0,916.5,,,Fixation
1670925702.755407,,Eye Tracker,477.0,920.0,Valid,Valid,Fixation
1670925702.765974,,Mouse,476.0,922.5,,,Fixation
1670925702.775434,,Eye Tracker,475.0,925.0,Valid,Valid,Fixation
1670925702.782629,,Mouse,473.5,924.0,,,Fixation
1670925702.799284,,Eye Tracker,472.0,923.0,Valid,Valid,Fixation
1670925702.8053951,,Mouse,473.0,923.0,,,Fixation
1670925702.815404,,Mouse,474.0,923.0,,,Fixation
1670925702.815939,,Eye Tracker,475.0,923.0,Valid,Valid,Fixation
1670925702.832593,,Mouse,473.5,924.0,,,Fixation
1670925702.835454,,Eye Tracker,472.0,925.0,Valid,Valid,Fixation
1670925702.849248,,Mouse,470.5,923.5,,,Fixation
1670925702.865659,,Eye Tracker,469.0,922.0,Valid,Valid,Fixation
1670925702.865904,,Mouse,468.5,922.0,,,Fixation
1670925702.882558,,Eye Tracker,468.0,922.0,Valid,Valid,Fixation
1670925702.885605,,Mouse,469.5,923.5,,,Fixation
1670925702.899213,,Eye Tracker,471.0,925.0,Valid,Valid,Fixation
1670925702.905445,,Mouse,471.3333333333333,925.3333333333334,,,Fixation
1670925702.915868,,Mouse,471.6666666666667,925.6666666666666,,,Fixation
1670925702.916409,,Eye Tracker,472.0,926.0,Valid,Valid,Fixation
1670925702.926649,,Eye Tracker,470.0,930.0,Valid,Valid,Fixation
1670925702.932523,,Mouse,478.0,923.0,,,Fixation
1670925702.946403,,Eye Tracker,486.0,916.0,Valid,Valid,Fixation
1670925702.949177,,Mouse,486.6666666666667,914.6666666666666,,,Fixation
1670925702.956435,,Mouse,487.3333333333333,913.3333333333334,,,Fixation
1670925702.965832,,Eye Tracker,488.0,912.0,Valid,Valid,Fixation
1670925702.976409,,Mouse,489.5,914.0,,,Fixation
1670925702.982487,,Eye Tracker,491.0,916.0,Valid,Valid,Fixation
1670925702.986501,,Mouse,494.5,913.0,,,Fixation
1670925702.999141,,Eye Tracker,498.0,910.0,Valid,Valid,Fixation
1670925703.006397,,Mouse,497.0,912.3333333333334,,,Fixation
1670925703.015796,,Mouse,496.0,914.6666666666666,,,Fixation
1670925703.026621,,Eye Tracker,495.0,917.0,Valid,Valid,Fixation
1670925703.032451,,Eye Tracker,492.0,918.0,Valid,Valid,Fixation
1670925703.0464141,,Mouse,491.6666666666667,916.6666666666666,,,Fixation
1670925703.049105,,Mouse,491.3333333333333,915.3333333333334,,,Fixation
1670925703.05647,,Eye Tracker,491.0,914.0,Valid,Valid,Fixation
1670925703.065761,,Mouse,490.5,914.0,,,Fixation
1670925703.0764081,,Eye Tracker,490.0,914.0,Valid,Valid,Fixation
1670925703.082416,,Mouse,490.0,914.0,,,Fixation
1670925703.0976431,,Eye Tracker,490.0,914.0,Valid,Valid,Fixation
1670925703.09907,,Mouse,489.0,916.0,,,Fixation
1670925703.115725,,Eye Tracker,488.0,918.0,Valid,Valid,Fixation
1670925703.117467,,Mouse,487.6666666666667,918.6666666666666,,,Fixation
1670925703.127688,,Mouse,487.3333333333333,919.3333333333334,,,Fixation
1670925703.13238,,Eye Tracker,487.0,920.0,Valid,Valid,Fixation
1670925703.147414,,Eye Tracker,486.0,915.0,Valid,Valid,Fixation
1670925703.149034,,Mouse,486.0,915.0,,,Fixation
1670925703.157667,,Eye Tracker,486.0,915.0,Valid,Valid,Fixation
1670925703.165689,,Eye Tracker,487.0,917.0,Valid,Valid,Fixation
1670925703.177401,,Eye Tracker,484.0,915.0,Valid,Valid,Fixation
1670925703.182344,,Eye Tracker,485.0,915.0,Valid,Valid,Fixation
1670925703.187462,,Mouse,486.0,913.5,,,Fixation
1670925703.198999,,Eye Tracker,487.0,912.0,Valid,Valid,Fixation
1670925703.215653,,Eye Tracker,488.0,912.0,Valid,Valid,Fixation
1670925703.2323081,,Mouse,488.0,915.0,,,Fixation
1670925703.2477,,Eye Tracker,488.0,918.0,Valid,Valid,Fixation
1670925703.248963,,Mouse,487.3333333333333,919.6666666666666,,,Fixation
1670925703.2656171,,Mouse,486.6666666666667,921.3333333333334,,,Fixation
1670925703.267383,,Eye Tracker,486.0,923.0,Valid,Valid,Fixation
1670925703.282272,,Eye Tracker,487.0,921.0,Valid,Valid,Fixation
1670925703.2875721,,Mouse,487.0,916.5,,,Fixation
1670925703.298927,,Eye Tracker,487.0,912.0,Valid,Valid,Fixation
1670925703.307401,,Mouse,486.0,915.5,,,Fixation
1670925703.315581,,Eye Tracker,485.0,919.0,Valid,Valid,Fixation
1670925703.317462,,Mouse,486.5,922.5,,,Fixation
1670925703.327569,,Eye Tracker,488.0,926.0,Valid,Valid,Fixation
1670925703.332236,,Mouse,492.5,925.5,,,Fixation
1670925703.347364,,Eye Tracker,497.0,925.0,Valid,Valid,Fixation
1670925703.348891,,Mouse,494.5,926.5,,,Fixation
1670925703.357677,,Eye Tracker,492.0,928.0,Valid,Valid,Fixation
1670925703.365546,,Mouse,493.0,929.0,,,Fixation
1670925703.377379,,Eye Tracker,494.0,930.0,Valid,Valid,Fixation
1670925703.382201,,Mouse,496.0,929.5,,,Fixation
1670925703.387403,,Eye Tracker,498.0,929.0,Valid,Valid,Fixation
1670925703.3974721,,Mouse,498.0,927.5,,,Fixation
1670925703.398856,,Eye Tracker,498.0,926.0,Valid,Valid,Fixation
1670925703.41551,,Eye Tracker,494.0,925.0,Valid,Valid,Fixation
1670925703.417408,,Eye Tracker,492.0,923.0,Valid,Valid,Fixation
1670925703.427532,,Mouse,492.0,922.5,,,Fixation
1670925703.4321651,,Eye Tracker,492.0,922.0,Valid,Valid,Fixation
1670925703.438422,,Mouse,490.5,923.0,,,Fixation
1670925703.448654,,Eye Tracker,489.0,924.0,Valid,Valid,Fixation
1670925703.44882,,Mouse,489.0,925.0,,,Fixation
1670925703.465475,,Eye Tracker,489.0,926.0,Valid,Valid,Fixation
1670925703.468409,,Eye Tracker,493.0,923.0,Valid,Valid,Fixation
1670925703.482129,,Eye Tracker,495.0,921.0,Valid,Valid,Fixation
1670925703.488462,,Eye Tracker,488.0,923.0,Valid,Valid,Fixation
1670925703.498784,,Eye Tracker,487.0,920.0,Valid,Valid,Fixation
1670925703.508352,,Mouse,491.0,918.0,,,Fixation
1670925703.515439,,Eye Tracker,495.0,916.0,Valid,Valid,Fixation
1670925703.518513,,Mouse,497.3333333333333,916.0,,,Fixation
1670925703.532093,,Mouse,499.6666666666667,916.0,,,Fixation
1670925703.538366,,Eye Tracker,502.0,916.0,Valid,Valid,Fixation
1670925703.548387,,Mouse,500.0,913.5,,,Fixation
1670925703.548748,,Eye Tracker,498.0,911.0,Valid,Valid,Fixation
1670925703.558465,,Mouse,493.5,909.0,,,Fixation
1670925703.565403,,Eye Tracker,489.0,907.0,Valid,Valid,Fixation
1670925703.578464,,Mouse,489.5,912.0,,,Fixation
1670925703.582057,,Eye Tracker,490.0,917.0,Valid,Valid,Fixation
1670925703.588559,,Eye Tracker,495.0,919.0,Valid,Valid,Fixation
1670925703.598712,,Mouse,494.0,918.0,,,Fixation
1670925703.609414,,Eye Tracker,493.0,917.0,Valid,Valid,Fixation
1670925703.615367,,Mouse,494.5,916.5,,,Fixation
1670925703.629371,,Eye Tracker,496.0,916.0,Valid,Valid,Fixation
1670925703.632021,,Mouse,496.0,914.0,,,Fixation
1670925703.639396,,Eye Tracker,496.0,912.0,Valid,Valid,Fixation
1670925703.648677,,Mouse,495.0,913.0,,,Fixation
1670925703.649488,,Eye Tracker,494.0,914.0,Valid,Valid,Fixation
1670925703.659496,,Eye Tracker,494.0,912.0,Valid,Valid,Fixation
1670925703.665332,,Eye Tracker,491.0,916.0,Valid,Valid,Fixation
1670925703.67939,,Eye Tracker,491.0,916.0,Valid,Valid,Fixation
1670925703.681986,,Mouse,492.0,914.0,,,Fixation
1670925703.6896641,,Eye Tracker,493.0,912.0,Valid,Valid,Fixation
1670925703.698641,,Mouse,495.0,914.5,,,Fixation
1670925703.709714,,Eye Tracker,497.0,917.0,Valid,Valid,Fixation
1670925703.715296,,Mouse,494.0,916.0,,,Fixation
1670925703.729396,,Eye Tracker,491.0,915.0,Valid,Valid,Fixation
1670925703.731951,,Mouse,486.0,914.5,,,Fixation
1670925703.739405,,Eye Tracker,481.0,914.0,Valid,Valid,Fixation
1670925703.748605,,Eye Tracker,481.0,911.0,Valid,Valid,Fixation
1670925703.7495701,,Mouse,478.5,912.5,,,Fixation
1670925703.76526,,Eye Tracker,476.0,914.0,Valid,Valid,Fixation
1670925703.768377,,Eye Tracker,475.0,915.0,Valid,Valid,Fixation
1670925703.779546,,Mouse,476.5,912.5,,,Fixation
1670925703.781915,,Eye Tracker,478.0,910.0,Valid,Valid,Fixation
1670925703.798569,,Eye Tracker,477.0,909.0,Valid,Valid,Fixation
1670925703.799402,,Eye Tracker,475.0,910.0,Valid,Valid,Fixation
1670925703.8094091,,Eye Tracker,471.0,914.0,Valid,Valid,Fixation
1670925703.815224,,Eye Tracker,469.0,909.0,Valid,Valid,Fixation
1670925703.819538,,Eye Tracker,470.0,905.0,Valid,Valid,Fixation
1670925703.8318791,,Eye Tracker,470.0,906.0,Valid,Valid,Fixation
1670925703.8394291,,Eye Tracker,473.0,904.0,Valid,Valid,Fixation
1670925703.848533,,Eye Tracker,474.0,905.0,Valid,Valid,Fixation
1670925703.8594031,,Eye Tracker,474.0,910.0,Valid,Valid,Fixation
1670925703.8651881,,Mouse,481.0,904.0,,,Fixation
1670925703.879405,,Eye Tracker,488.0,898.0,Valid,Valid,Fixation
1670925703.881843,,Eye Tracker,510.0,864.0,Valid,Valid,Saccade
1670925703.889709,,Mouse,524.0,848.0,,,Saccade
1670925703.898497,,Eye Tracker,538.0,832.0,Valid,Valid,Saccade
1670925703.909693,,Eye Tracker,543.0,824.0,Valid,Valid,Fixation
1670925703.915152,,Eye Tracker,537.0,816.0,Valid,Valid,Fixation
1670925703.9293811,,Eye Tracker,534.0,817.0,Valid,Valid,Fixation
1670925703.931807,,Eye Tracker,538.0,813.0,Valid,Valid,Fixation
1670925703.940398,MouseEvent,,536.0,812.3333333333334,,,Fixation
1670925703.948462,,Mouse,534.0,811.6666666666666,,,Fixation
1670925703.960397,,Eye Tracker,532.0,811.0,Valid,Valid,Fixation
1670925703.965117,,Eye Tracker,535.0,813.0,Valid,Valid,Fixation
1670925703.970414,,Eye Tracker,532.0,811.0,Valid,Valid,Fixation
1670925703.980661,,Eye Tracker,527.0,815.0,Valid,Valid,Fixation
1670925703.981772,,Eye Tracker,529.0,813.0,Valid,Valid,Fixation
1670925703.998427,,Eye Tracker,521.0,810.0,Valid,Valid,Fixation
1670925704.0004041,,Eye Tracker,529.0,787.0,Valid,Valid,Saccade
1670925704.0104291,,Mouse,535.5,744.0,,,Saccade
1670925704.015081,,Eye Tracker,542.0,701.0,Valid,Valid,Saccade
1670925704.020486,,Mouse,545.0,687.0,,,Saccade
1670925704.0317361,,Eye Tracker,548.0,673.0,Valid,Valid,Saccade
1670925704.040635,,Mouse,552.0,669.0,,,Saccade
1670925704.048391,,Eye Tracker,556.0,665.0,Valid,Valid,Fixation
1670925704.0506911,,Mouse,558.5,666.5,,,Fixation
1670925704.065045,,Eye Tracker,561.0,668.0,Valid,Valid,Fixation
1670925704.070422,,Mouse,563.5,669.5,,,Fixation
1670925704.08063,,Eye Tracker,566.0,671.0,Valid,Valid,Fixation
1670925704.0817,,Mouse,566.5,669.0,,,Fixation
1670925704.098355,,Eye Tracker,567.0,667.0,Valid,Valid,Fixation
1670925704.100364,,Eye Tracker,567.0,670.0,Valid,Valid,Fixation
1670925704.111438,,Mouse,564.5,669.0,,,Fixation
1670925704.115009,,Eye Tracker,562.0,668.0,Valid,Valid,Fixation
1670925704.1313791,,Mouse,559.5,669.0,,,Fixation
1670925704.131664,,Eye Tracker,557.0,670.0,Valid,Valid,Fixation
1670925704.141419,,Mouse,557.0,670.5,,,Fixation
1670925704.148319,,Eye Tracker,557.0,671.0,Valid,Valid,Fixation
1670925704.151673,,Mouse,559.0,673.5,,,Fixation
1670925704.164973,,Eye Tracker,561.0,676.0,Valid,Valid,Fixation
1670925704.171325,,Mouse,563.5,678.5,,,Fixation
1670925704.181439,,Eye Tracker,566.0,681.0,Valid,Valid,Fixation
1670925704.181628,,Mouse,567.0,678.0,,,Fixation
1670925704.198283,,Eye Tracker,568.0,675.0,Valid,Valid,Fixation
1670925704.201427,,Mouse,567.5,675.5,,,Fixation
1670925704.21143,,Eye Tracker,567.0,676.0,Valid,Valid,Fixation
1670925704.214937,,Mouse,565.5,672.5,,,Fixation
1670925704.221473,,Eye Tracker,564.0,669.0,Valid,Valid,Fixation
1670925704.2315931,,Mouse,564.6666666666666,667.6666666666666,,,Fixation
1670925704.241383,,Mouse,565.3333333333334,666.3333333333334,,,Fixation
1670925704.248248,,Eye Tracker,566.0,665.0,Valid,Valid,Fixation
1670925704.251684,,Mouse,579.3333333333334,669.0,,,Fixation
1670925704.264903,,Mouse,592.6666666666666,673.0,,,Saccade
1670925704.271387,,Eye Tracker,606.0,677.0,Valid,Valid,Saccade
1670925704.2814,,Eye Tracker,646.0,690.0,Valid,Valid,Saccade
1670925704.281557,,Mouse,647.3333333333334,688.3333333333334,,,Saccade
1670925704.298212,,Mouse,648.6666666666666,686.6666666666666,,,Fixation
1670925704.301347,,Eye Tracker,650.0,685.0,Valid,Valid,Fixation
1670925704.311661,,Mouse,650.3333333333334,685.3333333333334,,,Fixation
1670925704.314867,,Mouse,650.6666666666666,685.6666666666666,,,Fixation
1670925704.331396,,Eye Tracker,651.0,686.0,Valid,Valid,Fixation
1670925704.331521,,Eye Tracker,650.0,688.0,Valid,Valid,Fixation
1670925704.348176,,Mouse,650.3333333333334,688.3333333333334,,,Fixation
1670925704.3514311,,Mouse,650.6666666666666,688.6666666666666,,,Fixation
1670925704.364831,,Eye Tracker,651.0,689.0,Valid,Valid,Fixation
1670925704.381485,,Mouse,649.5,691.0,,,Fixation
1670925704.391379,,Eye Tracker,648.0,693.0,Valid,Valid,Fixation
1670925704.39814,,Eye Tracker,651.0,694.0,Valid,Valid,Fixation
1670925704.411662,,Mouse,651.6666666666666,694.0,,,Fixation
1670925704.414795,,Mouse,652.3333333333334,694.0,,,Fixation
1670925704.431407,,Eye Tracker,653.0,694.0,Valid,Valid,Fixation
1670925704.431449,,Mouse,651.5,695.5,,,Fixation
1670925704.441521,,Eye Tracker,650.0,697.0,Valid,Valid,Fixation
1670925704.4481041,,Mouse,650.0,695.5,,,Fixation
1670925704.452419,,Eye Tracker,650.0,694.0,Valid,Valid,Fixation
1670925704.464759,,Mouse,650.3333333333334,693.3333333333334,,,Fixation
1670925704.472411,,Mouse,650.6666666666666,692.6666666666666,,,Fixation
1670925704.4814131,,Eye Tracker,651.0,692.0,Valid,Valid,Fixation
1670925704.4826071,,Mouse,650.5,694.0,,,Fixation
1670925704.498068,,Eye Tracker,650.0,696.0,Valid,Valid,Fixation
1670925704.512557,,Mouse,650.0,697.5,,,Fixation
1670925704.514723,,Eye Tracker,650.0,699.0,Valid,Valid,Fixation
1670925704.531379,,Mouse,651.5,697.5,,,Fixation
1670925704.548033,,Eye Tracker,653.0,696.0,Valid,Valid,Fixation
1670925704.564688,,Mouse,654.0,696.0,,,Fixation
1670925704.581343,,Mouse,655.0,696.0,,,Fixation
1670925704.597997,,Eye Tracker,656.0,696.0,Valid,Valid,Fixation
1670925704.612686,,Mouse,657.0,696.5,,,Fixation
1670925704.612686,,Eye Tracker,658.0,697.0,Valid,Valid,Fixation
1670925704.614652,,Mouse,657.0,697.0,,,Fixation
1670925704.6313071,,Eye Tracker,656.0,697.0,Valid,Valid,Fixation
1670925704.643647,,Mouse,656.0,698.3333333333334,,,Fixation
1670925704.6479611,,Mouse,656.0,699.6666666666666,,,Fixation
1670925704.663409,,Eye Tracker,656.0,701.0,Valid,Valid,Fixation
1670925704.664616,,Eye Tracker,660.0,706.0,Valid,Valid,Fixation
1670925704.681271,,Mouse,660.5,706.0,,,Fixation
1670925704.697925,,Eye Tracker,661.0,706.0,Valid,Valid,Fixation
1670925704.703658,,Mouse,661.0,705.6666666666666,,,Fixation
1670925704.713664,,Mouse,661.0,705.3333333333334,,,Fixation
1670925704.71458,,Eye Tracker,661.0,705.0,Valid,Valid,Fixation
1670925704.731235,,Eye Tracker,667.0,705.0,Valid,Valid,Fixation
1670925704.733516,,Mouse,667.0,704.0,,,Fixation
1670925704.743551,,Mouse,667.0,703.0,,,Fixation
1670925704.747889,,Eye Tracker,667.0,702.0,Valid,Valid,Fixation
1670925704.764544,,Mouse,666.5,704.0,,,Fixation
1670925704.781199,,Eye Tracker,666.0,706.0,Valid,Valid,Fixation
1670925704.797854,,Mouse,665.5,707.0,,,Fixation
1670925704.814509,,Eye Tracker,665.0,708.0,Valid,Valid,Fixation
1670925704.8311641,,Mouse,672.0,707.0,,,Fixation
1670925704.847819,,Eye Tracker,679.0,706.0,Valid,Valid,Fixation
1670925704.864473,,Mouse,689.0,705.6666666666666,,,Fixation
1670925704.881128,,Mouse,699.0,705.3333333333334,,,Saccade
1670925704.897783,,Eye Tracker,709.0,705.0,Valid,Valid,Saccade
1670925704.914437,,Eye Tracker,759.0,711.0,Valid,Valid,Saccade
1670925704.931092,,Mouse,763.0,709.5,,,Saccade
1670925704.947747,,Eye Tracker,767.0,708.0,Valid,Valid,Fixation
1670925704.964401,,Mouse,767.5,702.0,,,Fixation
1670925704.981056,,Eye Tracker,768.0,696.0,Valid,Valid,Fixation
1670925704.997711,,Mouse,768.0,696.5,,,Fixation
1670925705.014365,,Eye Tracker,768.0,697.0,Valid,Valid,Fixation
1670925705.03102,,Mouse,768.0,698.5,,,Fixation
1670925705.0476751,,Eye Tracker,768.0,700.0,Valid,Valid,Fixation
1670925705.06433,,Mouse,767.0,699.5,,,Fixation
1670925705.080984,,Eye Tracker,766.0,699.0,Valid,Valid,Fixation
1670925705.097639,,Mouse,763.0,698.6666666666666,,,Fixation
1670925705.114295,,Mouse,760.0,698.3333333333334,,,Fixation
1670925705.130949,,Eye Tracker,757.0,698.0,Valid,Valid,Fixation
1670925705.147604,,Mouse,757.0,698.0,,,Fixation
1670925705.164259,,Eye Tracker,757.0,698.0,Valid,Valid,Fixation
1670925705.165661,,Mouse,759.0,696.5,,,Fixation
1670925705.180913,,Eye Tracker,761.0,695.0,Valid,Valid,Fixation
1670925705.185425,,Mouse,761.5,694.5,,,Fixation
1670925705.195431,,Eye Tracker,762.0,694.0,Valid,Valid,Fixation
1670925705.197568,,Mouse,764.5,694.5,,,Fixation
1670925705.205667,,Eye Tracker,767.0,695.0,Valid,Valid,Fixation
1670925705.2142231,,Mouse,767.0,695.5,,,Fixation
1670925705.225368,,Eye Tracker,767.0,696.0,Valid,Valid,Fixation
1670925705.230877,,Mouse,766.5,696.5,,,Fixation
1670925705.235539,,Eye Tracker,766.0,697.0,Valid,Valid,Fixation
1670925705.2475321,,Mouse,766.0,699.5,,,Fixation
1670925705.264187,,Eye Tracker,766.0,702.0,Valid,Valid,Fixation
1670925705.280841,,Mouse,763.5,702.0,,,Fixation
1670925705.297496,,Eye Tracker,761.0,702.0,Valid,Valid,Fixation
1670925705.314151,,Mouse,760.5,701.0,,,Fixation
1670925705.330806,,Eye Tracker,760.0,700.0,Valid,Valid,Fixation
1670925705.34746,,Eye Tracker,763.0,697.0,Valid,Valid,Fixation
1670925705.364115,,Eye Tracker,764.0,696.0,Valid,Valid,Fixation
1670925705.38077,,Eye Tracker,760.0,694.0,Valid,Valid,Fixation
1670925705.395378,,Eye Tracker,762.0,694.0,Valid,Valid,Fixation
1670925705.397425,,Eye Tracker,762.0,700.0,Valid,Valid,Fixation
1670925705.405478,,Eye Tracker,760.0,700.0,Valid,Valid,Fixation
1670925705.4140801,,Eye Tracker,761.0,705.0,Valid,Valid,Fixation
1670925705.4256701,,Eye Tracker,761.0,704.0,Valid,Valid,Fixation
1670925705.430735,,Eye Tracker,768.0,707.0,Valid,Valid,Fixation
1670925705.445364,,Eye Tracker,768.0,725.0,Valid,Valid,Fixation
1670925705.4473891,,Mouse,768.5,731.5,,,Fixation
1670925705.455421,,Eye Tracker,769.0,738.0,Valid,Valid,Fixation
1670925705.464044,,Mouse,767.5,736.5,,,Fixation
1670925705.465642,,Eye Tracker,766.0,735.0,Valid,Valid,Fixation
1670925705.476391,,Eye Tracker,765.0,739.0,Valid,Valid,Fixation
1670925705.480699,,Eye Tracker,770.0,739.0,Valid,Valid,Fixation
1670925705.486512,,Mouse,768.5,736.5,,,Fixation
1670925705.497353,,Eye Tracker,767.0,734.0,Valid,Valid,Fixation
1670925705.506454,,Mouse,767.3333333333334,734.6666666666666,,,Fixation
1670925705.514008,,Mouse,767.6666666666666,735.3333333333334,,,Fixation
1670925705.517426,,Eye Tracker,768.0,736.0,Valid,Valid,Fixation
1670925705.530663,,Eye Tracker,770.0,735.0,Valid,Valid,Fixation
1670925705.536662,,Mouse,768.5,734.5,,,Fixation
1670925705.547317,,Eye Tracker,767.0,734.0,Valid,Valid,Fixation
1670925705.556355,,Mouse,768.0,735.3333333333334,,,Fixation
1670925705.563972,,Mouse,769.0,736.6666666666666,,,Fixation
1670925705.5666,,Eye Tracker,770.0,738.0,Valid,Valid,Fixation
1670925705.580627,,Eye Tracker,773.0,736.0,Valid,Valid,Fixation
1670925705.586391,,Mouse,764.0,740.0,,,Fixation
1670925705.5965211,,Eye Tracker,755.0,744.0,Valid,Valid,Fixation
1670925705.597282,,Mouse,749.5,746.0,,,Fixation
1670925705.613936,,Eye Tracker,744.0,748.0,Valid,Valid,Fixation
1670925705.616364,,Mouse,734.5,748.5,,,Fixation
1670925705.626538,,Eye Tracker,725.0,749.0,Valid,Valid,Fixation
1670925705.630591,,Mouse,723.0,751.0,,,Fixation
1670925705.6472461,,Eye Tracker,721.0,753.0,Valid,Valid,Fixation
1670925705.647367,,Mouse,734.5,750.5,,,Fixation
1670925705.657665,,Eye Tracker,748.0,748.0,Valid,Valid,Fixation
1670925705.6639001,,Eye Tracker,745.0,748.0,Valid,Valid,Fixation
1670925705.677444,,Eye Tracker,743.0,747.0,Valid,Valid,Fixation
1670925705.680555,,Eye Tracker,746.0,746.0,Valid,Valid,Fixation
1670925705.68751,,Eye Tracker,728.0,740.0,Valid,Valid,Fixation
1670925705.697211,,Mouse,729.5,739.5,,,Fixation
1670925705.707357,,Eye Tracker,731.0,739.0,Valid,Valid,Fixation
1670925705.713865,,Mouse,733.6666666666666,741.3333333333334,,,Fixation
1670925705.717436,,Mouse,736.3333333333334,743.6666666666666,,,Fixation
1670925705.727653,,Eye Tracker,739.0,746.0,Valid,Valid,Fixation
1670925705.73052,,Eye Tracker,739.0,745.0,Valid,Valid,Fixation
1670925705.747175,,Mouse,741.3333333333334,744.3333333333334,,,Fixation
1670925705.747652,,Mouse,743.6666666666666,743.6666666666666,,,Fixation
1670925705.763829,,Eye Tracker,746.0,743.0,Valid,Valid,Fixation
1670925705.76744,,Mouse,744.5,743.5,,,Fixation
1670925705.780484,,Eye Tracker,743.0,744.0,Valid,Valid,Fixation
1670925705.7874231,,Mouse,743.5,745.5,,,Fixation
1670925705.797139,,Eye Tracker,744.0,747.0,Valid,Valid,Fixation
1670925705.7975411,,Mouse,743.6666666666666,746.0,,,Fixation
1670925705.813793,,Mouse,743.3333333333334,745.0,,,Fixation
1670925705.817405,,Eye Tracker,743.0,744.0,Valid,Valid,Fixation
1670925705.827438,,Mouse,740.5,741.5,,,Fixation
1670925705.830448,,Eye Tracker,738.0,739.0,Valid,Valid,Fixation
1670925705.847103,,Mouse,738.5,741.0,,,Fixation
1670925705.847327,,Eye Tracker,739.0,743.0,Valid,Valid,Fixation
1670925705.858393,,Eye Tracker,734.0,745.0,Valid,Valid,Fixation
1670925705.863758,,Mouse,734.5,743.5,,,Fixation
1670925705.877382,,Eye Tracker,735.0,742.0,Valid,Valid,Fixation
1670925705.880412,,Mouse,734.0,741.0,,,Fixation
1670925705.887507,,Eye Tracker,733.0,740.0,Valid,Valid,Fixation
1670925705.897067,,Eye Tracker,731.0,741.0,Valid,Valid,Fixation
1670925705.897513,,Eye Tracker,741.0,738.0,Valid,Valid,Fixation
1670925705.913722,,Eye Tracker,741.0,739.0,Valid,Valid,Fixation
1670925705.917471,,Eye Tracker,731.0,739.0,Valid,Valid,Fixation
1670925705.930376,,Eye Tracker,728.0,735.0,Valid,Valid,Fixation
1670925705.937426,,Mouse,725.6666666666666,735.0,,,Fixation
1670925705.947031,,Mouse,723.3333333333334,735.0,,,Fixation
1670925705.947668,,Eye Tracker,721.0,735.0,Valid,Valid,Fixation
1670925705.963686,,Mouse,730.5,733.0,,,Fixation
1670925705.967434,,Eye Tracker,740.0,731.0,Valid,Valid,Fixation
1670925705.980341,,Mouse,748.5,723.0,,,Fixation
1670925705.988382,,Eye Tracker,757.0,715.0,Valid,Valid,Saccade
1670925705.996996,,Mouse,758.5,713.0,,,Saccade
1670925705.998504,,Eye Tracker,760.0,711.0,Valid,Valid,Fixation
1670925706.0136511,,Mouse,763.3333333333334,713.3333333333334,,,Fixation
1670925706.0184,,Mouse,766.6666666666666,715.6666666666666,,,Fixation
1670925706.029473,,Eye Tracker,770.0,718.0,Valid,Valid,Fixation
1670925706.0303051,,Mouse,771.5,717.0,,,Fixation
1670925706.04696,,Eye Tracker,773.0,716.0,Valid,Valid,Fixation
1670925706.048374,,Mouse,770.0,718.0,,,Fixation
1670925706.058638,,Eye Tracker,767.0,720.0,Valid,Valid,Fixation
1670925706.063615,,Mouse,766.6666666666666,720.6666666666666,,,Fixation
1670925706.078404,,Mouse,766.3333333333334,721.3333333333334,,,Fixation
1670925706.080269,,Eye Tracker,766.0,722.0,Valid,Valid,Fixation
1670925706.088553,,Eye Tracker,770.0,714.0,Valid,Valid,Fixation
1670925706.096924,,Mouse,770.0,715.0,,,Fixation
1670925706.1083841,,Eye Tracker,770.0,716.0,Valid,Valid,Fixation
1670925706.113579,,Eye Tracker,766.0,716.0,Valid,Valid,Fixation
1670925706.118542,,Eye Tracker,766.0,718.0,Valid,Valid,Fixation
1670925706.130234,,Eye Tracker,768.0,715.0,Valid,Valid,Fixation
1670925706.138362,,Mouse,767.5,711.0,,,Fixation
1670925706.146888,,Eye Tracker,767.0,707.0,Valid,Valid,Fixation
1670925706.148457,,Eye Tracker,764.0,699.0,Valid,Valid,Fixation
1670925706.159696,,Mouse,762.6666666666666,698.3333333333334,,,Fixation
1670925706.163543,,Mouse,761.3333333333334,697.6666666666666,,,Fixation
1670925706.179408,,Eye Tracker,760.0,697.0,Valid,Valid,Fixation
1670925706.180198,,Mouse,759.0,697.0,,,Fixation
1670925706.1898131,,Eye Tracker,758.0,697.0,Valid,Valid,Fixation
1670925706.196852,,Mouse,757.0,695.5,,,Fixation
1670925706.200635,,Eye Tracker,756.0,694.0,Valid,Valid,Fixation
1670925706.213507,,Mouse,756.0,694.5,,,Fixation
1670925706.219691,,Eye Tracker,756.0,695.0,Valid,Valid,Fixation
1670925706.2301621,,Mouse,758.0,697.0,,,Fixation
1670925706.2393951,,Eye Tracker,760.0,699.0,Valid,Valid,Fixation
1670925706.246816,,Mouse,761.0,698.5,,,Fixation
1670925706.259561,,Eye Tracker,762.0,698.0,Valid,Valid,Fixation
1670925706.2634711,,Mouse,762.5,699.5,,,Fixation
1670925706.279406,,Eye Tracker,763.0,701.0,Valid,Valid,Fixation
1670925706.280127,,Mouse,761.0,699.0,,,Fixation
1670925706.296781,,Eye Tracker,759.0,697.0,Valid,Valid,Fixation
1670925706.299391,,Mouse,757.0,694.5,,,Fixation
1670925706.313436,,Eye Tracker,755.0,692.0,Valid,Valid,Fixation
1670925706.330091,,Mouse,756.5,692.0,,,Fixation
1670925706.339644,,Eye Tracker,758.0,692.0,Valid,Valid,Fixation
1670925706.346745,,Mouse,760.0,692.5,,,Fixation
1670925706.359546,,Eye Tracker,762.0,693.0,Valid,Valid,Fixation
1670925706.3634,,Mouse,765.0,693.0,,,Fixation
1670925706.380055,,Eye Tracker,768.0,693.0,Valid,Valid,Fixation
1670925706.389662,,Mouse,767.0,694.0,,,Fixation
1670925706.39671,,Eye Tracker,766.0,695.0,Valid,Valid,Fixation
1670925706.413364,,Mouse,766.5,699.0,,,Fixation
1670925706.4300191,,Eye Tracker,767.0,703.0,Valid,Valid,Fixation
1670925706.4393911,,Eye Tracker,768.0,701.0,Valid,Valid,Fixation
1670925706.446674,,Mouse,768.0,701.0,,,Fixation
1670925706.45968,,Eye Tracker,768.0,701.0,Valid,Valid,Fixation
1670925706.4633281,,Mouse,767.5,701.5,,,Fixation
1670925706.479523,,Eye Tracker,767.0,702.0,Valid,Valid,Fixation
1670925706.479983,,Eye Tracker,767.0,702.0,Valid,Valid,Fixation
1670925706.496638,,Mouse,767.0,701.5,,,Fixation
1670925706.500393,,Eye Tracker,767.0,701.0,Valid,Valid,Fixation
1670925706.513292,,Eye Tracker,765.0,699.0,Valid,Valid,Fixation
1670925706.520485,,Mouse,766.0,701.0,,,Fixation
1670925706.529947,,Eye Tracker,767.0,703.0,Valid,Valid,Fixation
1670925706.54141,,Mouse,767.3333333333334,703.3333333333334,,,Fixation
1670925706.546602,,Mouse,767.6666666666666,703.6666666666666,,,Fixation
1670925706.5606031,,Eye Tracker,768.0,704.0,Valid,Valid,Fixation
1670925706.563257,,Eye Tracker,766.0,701.0,Valid,Valid,Fixation
1670925706.579912,,Mouse,766.0,698.0,,,Fixation
1670925706.5805821,,Mouse,766.0,695.0,,,Fixation
1670925706.596567,,Eye Tracker,766.0,692.0,Valid,Valid,Fixation
1670925706.600402,,Mouse,766.5,692.0,,,Fixation
1670925706.610407,,Eye Tracker,767.0,692.0,Valid,Valid,Fixation
1670925706.613221,,Mouse,768.0,691.5,,,Fixation
1670925706.620518,,Eye Tracker,769.0,691.0,Valid,Valid,Fixation
1670925706.6298761,,Mouse,768.5,691.0,,,Fixation
1670925706.640398,,Eye Tracker,768.0,691.0,Valid,Valid,Fixation
1670925706.646531,,Mouse,769.0,694.0,,,Fixation
1670925706.65045,,Eye Tracker,770.0,697.0,Valid,Valid,Fixation
1670925706.660465,,Mouse,770.0,697.0,,,Fixation
1670925706.663186,,Eye Tracker,770.0,697.0,Valid,Valid,Fixation
1670925706.671364,,Mouse,768.6666666666666,697.0,,,Fixation
1670925706.67984,,Mouse,767.3333333333334,697.0,,,Fixation
1670925706.6913981,,Eye Tracker,766.0,697.0,Valid,Valid,Fixation
1670925706.696495,,Eye Tracker,764.0,699.0,Valid,Valid,Fixation
1670925706.712491,,Mouse,760.0,697.5,,,Fixation
1670925706.71315,,Eye Tracker,756.0,696.0,Valid,Valid,Fixation
1670925706.729804,,Mouse,756.5,694.0,,,Fixation
1670925706.731625,,Eye Tracker,757.0,692.0,Valid,Valid,Fixation
1670925706.746459,,Mouse,760.6666666666666,694.3333333333334,,,Fixation
1670925706.751436,,Mouse,764.3333333333334,696.6666666666666,,,Fixation
1670925706.763114,,Eye Tracker,768.0,699.0,Valid,Valid,Fixation
1670925706.771348,,Eye Tracker,764.0,704.0,Valid,Valid,Fixation
1670925706.779768,,Mouse,762.5,703.5,,,Fixation
1670925706.781405,,Eye Tracker,761.0,703.0,Valid,Valid,Fixation
1670925706.791438,,Mouse,762.3333333333334,703.3333333333334,,,Fixation
1670925706.796423,,Mouse,763.6666666666666,703.6666666666666,,,Fixation
1670925706.8114321,,Eye Tracker,765.0,704.0,Valid,Valid,Fixation
1670925706.813078,,Mouse,767.5,695.5,,,Fixation
1670925706.821636,,Eye Tracker,770.0,687.0,Valid,Valid,Fixation
1670925706.829732,,Mouse,769.0,675.5,,,Fixation
1670925706.841379,,Eye Tracker,768.0,664.0,Valid,Valid,Saccade
1670925706.8463871,,Mouse,767.0,655.3333333333334,,,Saccade
1670925706.851391,,Mouse,766.0,646.6666666666666,,,Saccade
1670925706.863043,,Eye Tracker,765.0,638.0,Valid,Valid,Saccade
1670925706.8715131,,Eye Tracker,761.0,629.0,Valid,Valid,Fixation
1670925706.879697,,Mouse,763.6666666666666,628.3333333333334,,,Fixation
1670925706.882649,,Mouse,766.3333333333334,627.6666666666666,,,Fixation
1670925706.896352,,Eye Tracker,769.0,627.0,Valid,Valid,Fixation
1670925706.901362,,Mouse,768.0,624.5,,,Fixation
1670925706.911377,,Eye Tracker,767.0,622.0,Valid,Valid,Fixation
1670925706.913007,,Mouse,764.0,620.0,,,Fixation
1670925706.921434,,Eye Tracker,761.0,618.0,Valid,Valid,Fixation
1670925706.929662,,Mouse,764.0,619.5,,,Fixation
1670925706.94134,,Eye Tracker,767.0,621.0,Valid,Valid,Fixation
1670925706.946316,,Mouse,765.3333333333334,620.3333333333334,,,Fixation
1670925706.9514751,,Mouse,763.6666666666666,619.6666666666666,,,Fixation
1670925706.962971,,Eye Tracker,762.0,619.0,Valid,Valid,Fixation
1670925706.979626,,Mouse,760.5,619.0,,,Fixation
1670925706.99628,,Eye Tracker,759.0,619.0,Valid,Valid,Fixation
1670925707.012935,,Mouse,761.0,618.5,,,Fixation
1670925707.0223641,,Eye Tracker,763.0,618.0,Valid,Valid,Fixation
1670925707.0295901,,Mouse,762.0,617.0,,,Fixation
1670925707.032416,,Eye Tracker,761.0,616.0,Valid,Valid,Fixation
1670925707.042571,,Mouse,761.0,620.5,,,Fixation
1670925707.0462441,,Eye Tracker,761.0,625.0,Valid,Valid,Fixation
1670925707.053449,,Mouse,763.0,625.0,,,Fixation
1670925707.062899,,Eye Tracker,765.0,625.0,Valid,Valid,Fixation
1670925707.072669,,Mouse,763.5,622.0,,,Fixation
1670925707.079554,,Eye Tracker,762.0,619.0,Valid,Valid,Fixation
1670925707.092395,,Mouse,761.6666666666666,617.6666666666666,,,Fixation
1670925707.096208,,Mouse,761.3333333333334,616.3333333333334,,,Fixation
1670925707.11247,,Eye Tracker,761.0,615.0,Valid,Valid,Fixation
1670925707.112863,,Mouse,761.0,611.0,,,Fixation
1670925707.129518,,Eye Tracker,761.0,607.0,Valid,Valid,Fixation
1670925707.132471,,Mouse,770.5,600.0,,,Fixation
1670925707.146173,,Eye Tracker,780.0,593.0,Valid,Valid,Saccade
1670925707.152354,,Mouse,800.0,573.0,,,Saccade
1670925707.162828,,Eye Tracker,820.0,553.0,Valid,Valid,Saccade
1670925707.179483,,Mouse,827.3333333333334,548.0,,,Saccade
1670925707.1961381,,Mouse,834.6666666666666,543.0,,,Saccade
1670925707.212792,,Eye Tracker,842.0,538.0,Valid,Valid,Saccade
1670925707.224391,,Mouse,842.0,532.5,,,Saccade
1670925707.2294471,,Eye Tracker,842.0,527.0,Valid,Valid,Fixation
1670925707.246102,,Mouse,843.0,525.0,,,Fixation
1670925707.253458,,Eye Tracker,844.0,523.0,Valid,Valid,Fixation
1670925707.262756,,Mouse,847.0,521.6666666666666,,,Fixation
1670925707.273398,,Mouse,850.0,520.3333333333334,,,Fixation
1670925707.279411,,Eye Tracker,853.0,519.0,Valid,Valid,Fixation
1670925707.283472,,Mouse,852.0,520.5,,,Fixation
1670925707.296066,,Eye Tracker,851.0,522.0,Valid,Valid,Fixation
1670925707.303383,,Eye Tracker,853.0,529.0,Valid,Valid,Fixation
1670925707.31272,,Mouse,852.3333333333334,529.0,,,Fixation
1670925707.313648,,Mouse,851.6666666666666,529.0,,,Fixation
1670925707.329375,,Eye Tracker,851.0,529.0,Valid,Valid,Fixation
1670925707.333653,,Mouse,849.0,527.0,,,Fixation
1670925707.34603,,Eye Tracker,847.0,525.0,Valid,Valid,Fixation
1670925707.362684,,Mouse,849.5,527.5,,,Fixation
1670925707.379339,,Eye Tracker,852.0,530.0,Valid,Valid,Fixation
1670925707.383527,,Mouse,849.0,532.0,,,Fixation
1670925707.395994,,Eye Tracker,846.0,534.0,Valid,Valid,Fixation
1670925707.412648,,Mouse,844.0,531.0,,,Fixation
1670925707.429303,,Eye Tracker,842.0,528.0,Valid,Valid,Fixation
1670925707.445959,,Mouse,842.6666666666666,526.6666666666666,,,Fixation
1670925707.453339,,Mouse,843.3333333333334,525.3333333333334,,,Fixation
1670925707.462614,,Eye Tracker,844.0,524.0,Valid,Valid,Fixation
1670925707.463353,,Mouse,845.5,528.0,,,Fixation
1670925707.473676,,Eye Tracker,847.0,532.0,Valid,Valid,Fixation
1670925707.479268,,Mouse,848.0,535.5,,,Fixation
1670925707.495923,,Eye Tracker,849.0,539.0,Valid,Valid,Fixation
1670925707.512578,,Mouse,848.0,537.0,,,Fixation
1670925707.529232,,Mouse,847.0,535.0,,,Fixation
1670925707.545887,,Eye Tracker,846.0,533.0,Valid,Valid,Fixation
1670925707.562542,,Mouse,844.0,531.0,,,Fixation
1670925707.5644891,,Eye Tracker,842.0,529.0,Valid,Valid,Fixation
1670925707.5644891,,Mouse,842.0,529.0,,,Fixation
1670925707.579196,,Eye Tracker,842.0,529.0,Valid,Valid,Fixation
1670925707.595851,,Mouse,844.5,529.5,,,Fixation
1670925707.612506,,Eye Tracker,847.0,530.0,Valid,Valid,Fixation
1670925707.62916,,Mouse,847.0,530.0,,,Fixation
1670925707.634411,,Mouse,847.0,530.0,,,Fixation
1670925707.6458151,,Eye Tracker,847.0,530.0,Valid,Valid,Fixation
1670925707.654677,,Mouse,846.5,529.0,,,Fixation
1670925707.66247,,Eye Tracker,846.0,528.0,Valid,Valid,Fixation
1670925707.6745641,,Mouse,845.0,525.5,,,Fixation
1670925707.679124,,Eye Tracker,844.0,523.0,Valid,Valid,Fixation
1670925707.695353,,Mouse,846.5,524.0,,,Fixation
1670925707.695779,,Eye Tracker,849.0,525.0,Valid,Valid,Fixation
1670925707.70538,,Eye Tracker,850.0,530.0,Valid,Valid,Fixation
1670925707.712434,,Mouse,848.5,529.5,,,Fixation
1670925707.715523,,Eye Tracker,847.0,529.0,Valid,Valid,Fixation
1670925707.72909,,Mouse,846.5,527.0,,,Fixation
1670925707.736578,,Eye Tracker,846.0,525.0,Valid,Valid,Fixation
1670925707.745744,,Eye Tracker,841.0,515.0,Valid,Valid,Fixation
1670925707.75562,,Mouse,841.6666666666666,515.6666666666666,,,Fixation
1670925707.762399,,Mouse,842.3333333333334,516.3333333333334,,,Fixation
1670925707.77635,,Eye Tracker,843.0,517.0,Valid,Valid,Fixation
1670925707.779054,,Mouse,841.5,518.0,,,Fixation
1670925707.7953901,,Eye Tracker,840.0,519.0,Valid,Valid,Fixation
1670925707.795708,,Mouse,847.0,518.0,,,Fixation
1670925707.80567,,Eye Tracker,854.0,517.0,Valid,Valid,Fixation
1670925707.8123631,,Mouse,872.3333333333334,511.6666666666667,,,Fixation
1670925707.825386,,Mouse,890.6666666666666,506.3333333333333,,,Saccade
1670925707.829018,,Eye Tracker,909.0,501.0,Valid,Valid,Saccade
1670925707.845392,,Mouse,916.5,491.5,,,Saccade
1670925707.8456721,,Eye Tracker,924.0,482.0,Valid,Valid,Saccade
1670925707.862327,,Mouse,923.5,476.0,,,Fixation
1670925707.865359,,Eye Tracker,923.0,470.0,Valid,Valid,Fixation
1670925707.875415,,Mouse,926.5,471.0,,,Fixation
1670925707.878982,,Eye Tracker,930.0,472.0,Valid,Valid,Fixation
1670925707.8954031,,Mouse,932.0,473.5,,,Fixation
1670925707.895636,,Eye Tracker,934.0,475.0,Valid,Valid,Fixation
1670925707.906676,,Mouse,933.5,478.0,,,Fixation
1670925707.912291,,Eye Tracker,933.0,481.0,Valid,Valid,Fixation
1670925707.925407,,Mouse,926.0,482.0,,,Fixation
1670925707.928946,,Eye Tracker,919.0,483.0,Valid,Valid,Fixation
1670925707.935674,,Mouse,920.3333333333334,479.3333333333333,,,Fixation
1670925707.9456,,Mouse,921.6666666666666,475.6666666666667,,,Fixation
1670925707.95542,,Eye Tracker,923.0,472.0,Valid,Valid,Fixation
1670925707.962255,,Mouse,926.0,472.5,,,Fixation
1670925707.975441,,Eye Tracker,929.0,473.0,Valid,Valid,Fixation
1670925707.97891,,Mouse,926.5,474.0,,,Fixation
1670925707.995317,,Eye Tracker,924.0,475.0,Valid,Valid,Fixation
1670925707.995565,,Mouse,923.0,477.0,,,Fixation
1670925708.005536,,Eye Tracker,922.0,479.0,Valid,Valid,Fixation
1670925708.012219,,Eye Tracker,926.0,484.0,Valid,Valid,Fixation
1670925708.025384,,Mouse,922.6666666666666,481.6666666666667,,,Fixation
1670925708.028875,,Mouse,919.3333333333334,479.3333333333333,,,Fixation
1670925708.036412,,Eye Tracker,916.0,477.0,Valid,Valid,Fixation
1670925708.04553,,Eye Tracker,917.0,478.0,Valid,Valid,Fixation
1670925708.046577,,Eye Tracker,921.0,473.0,Valid,Valid,Fixation
1670925708.062184,,Eye Tracker,918.0,473.0,Valid,Valid,Fixation
1670925708.066597,,Mouse,922.0,481.0,,,Fixation
1670925708.0775201,,Eye Tracker,926.0,489.0,Valid,Valid,Fixation
1670925708.078839,,Eye Tracker,923.0,488.0,Valid,Valid,Fixation
1670925708.095494,,Eye Tracker,918.0,486.0,Valid,Valid,Fixation
1670925708.096381,,Mouse,918.3333333333334,487.3333333333333,,,Fixation
1670925708.106407,,Mouse,918.6666666666666,488.6666666666667,,,Fixation
1670925708.112148,,Eye Tracker,919.0,490.0,Valid,Valid,Fixation
1670925708.116421,,Mouse,922.0,485.5,,,Fixation
1670925708.128803,,Eye Tracker,925.0,481.0,Valid,Valid,Fixation
1670925708.136439,,Mouse,925.0,480.0,,,Fixation
1670925708.145458,,Eye Tracker,925.0,479.0,Valid,Valid,Fixation
1670925708.146671,,Mouse,924.0,480.0,,,Fixation
1670925708.162112,,Eye Tracker,923.0,481.0,Valid,Valid,Fixation
1670925708.1663601,,Eye Tracker,923.0,480.0,Valid,Valid,Fixation
1670925708.17679,,Mouse,924.0,480.0,,,Fixation
1670925708.178768,,Eye Tracker,925.0,480.0,Valid,Valid,Fixation
1670925708.1954231,,Mouse,917.0,486.0,,,Fixation
1670925708.196562,,Eye Tracker,909.0,492.0,Valid,Valid,Fixation
1670925708.207535,,Mouse,901.0,509.0,,,Fixation
1670925708.2120771,,Eye Tracker,893.0,526.0,Valid,Valid,Saccade
1670925708.227406,,Mouse,894.0,528.3333333333334,,,Saccade
1670925708.228732,,Mouse,895.0,530.6666666666666,,,Fixation
1670925708.237541,,Eye Tracker,896.0,533.0,Valid,Valid,Fixation
1670925708.245387,,Mouse,894.5,531.5,,,Fixation
1670925708.248423,,Eye Tracker,893.0,530.0,Valid,Valid,Fixation
1670925708.262042,,Eye Tracker,889.0,534.0,Valid,Valid,Fixation
1670925708.267677,,Mouse,888.0,532.6666666666666,,,Fixation
1670925708.277846,,Mouse,887.0,531.3333333333334,,,Fixation
1670925708.278696,,Eye Tracker,886.0,530.0,Valid,Valid,Fixation
1670925708.288633,,Eye Tracker,888.0,523.0,Valid,Valid,Fixation
1670925708.295351,,Eye Tracker,885.0,521.0,Valid,Valid,Fixation
1670925708.307347,,Eye Tracker,882.0,523.0,Valid,Valid,Fixation
1670925708.312007,,Mouse,889.0,522.5,,,Fixation
1670925708.317392,,Eye Tracker,896.0,522.0,Valid,Valid,Fixation
1670925708.328661,,Mouse,896.5,518.5,,,Fixation
1670925708.337585,,Eye Tracker,897.0,515.0,Valid,Valid,Fixation
1670925708.345316,,Mouse,897.3333333333334,518.3333333333334,,,Fixation
1670925708.357385,,Mouse,897.6666666666666,521.6666666666666,,,Fixation
1670925708.3619711,,Eye Tracker,898.0,525.0,Valid,Valid,Fixation
1670925708.378625,,Eye Tracker,897.0,529.0,Valid,Valid,Fixation
1670925708.387405,,Mouse,899.0,526.0,,,Fixation
1670925708.3952801,,Mouse,901.0,523.0,,,Fixation
1670925708.397661,,Eye Tracker,903.0,520.0,Valid,Valid,Fixation
1670925708.411935,,Mouse,904.0,518.5,,,Fixation
1670925708.418385,,Eye Tracker,905.0,517.0,Valid,Valid,Fixation
1670925708.42859,,Eye Tracker,897.0,513.0,Valid,Valid,Fixation
1670925708.437517,,Mouse,897.3333333333334,514.0,,,Fixation
1670925708.445245,,Mouse,897.6666666666666,515.0,,,Fixation
1670925708.4619,,Eye Tracker,898.0,516.0,Valid,Valid,Fixation
1670925708.467406,,Mouse,896.0,514.0,,,Fixation
1670925708.478554,,Eye Tracker,894.0,512.0,Valid,Valid,Fixation
1670925708.4873781,,Mouse,897.0,509.5,,,Fixation
1670925708.495209,,Eye Tracker,900.0,507.0,Valid,Valid,Fixation
1670925708.507458,,Mouse,919.5,503.0,,,Fixation
1670925708.511864,,Eye Tracker,939.0,499.0,Valid,Valid,Saccade
1670925708.527551,,Mouse,945.0,493.6666666666667,,,Saccade
1670925708.528519,,Mouse,951.0,488.3333333333333,,,Saccade
1670925708.545173,,Eye Tracker,957.0,483.0,Valid,Valid,Saccade
1670925708.548372,,Mouse,958.5,481.0,,,Fixation
1670925708.558376,,Eye Tracker,960.0,479.0,Valid,Valid,Fixation
1670925708.5618281,,Mouse,959.5,481.5,,,Fixation
1670925708.568645,,Eye Tracker,959.0,484.0,Valid,Valid,Fixation
1670925708.578483,,Mouse,961.0,483.0,,,Fixation
1670925708.589391,,Eye Tracker,963.0,482.0,Valid,Valid,Fixation
1670925708.5951371,,Mouse,964.0,481.5,,,Fixation
1670925708.608527,,Eye Tracker,965.0,481.0,Valid,Valid,Fixation
1670925708.611793,,Mouse,962.5,482.0,,,Fixation
1670925708.628448,,Eye Tracker,960.0,483.0,Valid,Valid,Fixation
1670925708.62938,,Mouse,958.3333333333334,483.0,,,Fixation
1670925708.645102,,Mouse,956.6666666666666,483.0,,,Fixation
1670925708.648403,,Eye Tracker,955.0,483.0,Valid,Valid,Fixation
1670925708.661757,,Eye Tracker,953.0,480.0,Valid,Valid,Fixation
1670925708.668685,,Mouse,953.6666666666666,479.3333333333333,,,Fixation
1670925708.678413,,Mouse,954.3333333333334,478.6666666666667,,,Fixation
1670925708.688359,,Eye Tracker,955.0,478.0,Valid,Valid,Fixation
1670925708.695067,,Mouse,957.0,478.5,,,Fixation
1670925708.69837,,Eye Tracker,959.0,479.0,Valid,Valid,Fixation
1670925708.708393,,Mouse,958.0,478.5,,,Fixation
1670925708.7117221,,Eye Tracker,957.0,478.0,Valid,Valid,Fixation
1670925708.7194011,,Mouse,956.3333333333334,477.3333333333333,,,Fixation
1670925708.728377,,Mouse,955.6666666666666,476.6666666666667,,,Fixation
1670925708.729406,,Eye Tracker,955.0,476.0,Valid,Valid,Fixation
1670925708.739688,,Mouse,957.0,476.0,,,Fixation
1670925708.745031,,Eye Tracker,959.0,476.0,Valid,Valid,Fixation
1670925708.760413,,Mouse,956.0,472.0,,,Fixation
1670925708.761686,,Eye Tracker,953.0,468.0,Valid,Valid,Fixation
1670925708.778341,,Mouse,952.3333333333334,468.6666666666667,,,Fixation
1670925708.794996,,Mouse,951.6666666666666,469.3333333333333,,,Fixation
1670925708.809416,,Eye Tracker,951.0,470.0,Valid,Valid,Fixation
1670925708.81165,,Mouse,952.5,472.0,,,Fixation
1670925708.828305,,Eye Tracker,954.0,474.0,Valid,Valid,Fixation
1670925708.84496,,Mouse,953.5,475.0,,,Fixation
1670925708.861614,,Eye Tracker,953.0,476.0,Valid,Valid,Fixation
1670925708.8782701,,Mouse,952.0,473.5,,,Fixation
1670925708.889388,,Eye Tracker,951.0,471.0,Valid,Valid,Fixation
1670925708.894925,,Mouse,952.0,467.0,,,Fixation
1670925708.909629,,Eye Tracker,953.0,463.0,Valid,Valid,Fixation
1670925708.9115791,,Mouse,956.0,459.5,,,Fixation
1670925708.928235,,Eye Tracker,959.0,456.0,Valid,Valid,Fixation
1670925708.930634,,Mouse,960.0,457.0,,,Fixation
1670925708.94489,,Eye Tracker,961.0,458.0,Valid,Valid,Fixation
1670925708.9493961,,Mouse,962.0,462.5,,,Fixation
1670925708.959413,,Eye Tracker,963.0,467.0,Valid,Valid,Fixation
1670925708.961544,,Mouse,974.5,459.0,,,Saccade
1670925708.970554,,Eye Tracker,986.0,451.0,Valid,Valid,Saccade
1670925708.978199,,Mouse,996.0,437.5,,,Saccade
1670925708.989572,,Eye Tracker,1006.0,424.0,Valid,Valid,Saccade
1670925708.994854,,Mouse,1008.0,417.0,,,Saccade
1670925709.009378,,Eye Tracker,1010.0,410.0,Valid,Valid,Fixation
1670925709.011508,,Mouse,1010.0,411.0,,,Fixation
1670925709.028163,,Eye Tracker,1010.0,412.0,Valid,Valid,Fixation
1670925709.029404,,Mouse,1010.6666666666666,411.0,,,Fixation
1670925709.039427,,Mouse,1011.3333333333334,410.0,,,Fixation
1670925709.044818,,Eye Tracker,1012.0,409.0,Valid,Valid,Fixation
1670925709.0606751,,Mouse,1011.0,409.0,,,Fixation
1670925709.0614731,,Eye Tracker,1010.0,409.0,Valid,Valid,Fixation
1670925709.0781271,,Mouse,1010.0,412.0,,,Fixation
1670925709.094782,,Eye Tracker,1010.0,415.0,Valid,Valid,Fixation
1670925709.111438,,Mouse,1010.0,415.5,,,Fixation
1670925709.128092,,Eye Tracker,1010.0,416.0,Valid,Valid,Fixation
1670925709.144747,,Mouse,1009.0,418.0,,,Fixation
1670925709.150393,,Eye Tracker,1008.0,420.0,Valid,Valid,Fixation
1670925709.161402,,Mouse,1008.5,421.5,,,Fixation
1670925709.170382,,Eye Tracker,1009.0,423.0,Valid,Valid,Fixation
1670925709.178056,,Mouse,1008.6666666666666,422.6666666666667,,,Fixation
1670925709.181365,,Mouse,1008.3333333333334,422.3333333333333,,,Fixation
1670925709.194712,,Eye Tracker,1008.0,422.0,Valid,Valid,Fixation
1670925709.20045,,Eye Tracker,1010.0,420.0,Valid,Valid,Fixation
1670925709.2113671,,Mouse,1010.0,420.6666666666667,,,Fixation
1670925709.220364,,Mouse,1010.0,421.3333333333333,,,Fixation
1670925709.2280211,,Eye Tracker,1010.0,422.0,Valid,Valid,Fixation
1670925709.244676,,Mouse,1008.5,421.0,,,Fixation
1670925709.261331,,Eye Tracker,1007.0,420.0,Valid,Valid,Fixation
1670925709.277985,,Mouse,1008.0,419.5,,,Fixation
1670925709.281413,,Eye Tracker,1009.0,419.0,Valid,Valid,Fixation
1670925709.291439,,Mouse,1008.5,420.5,,,Fixation
1670925709.29464,,Eye Tracker,1008.0,422.0,Valid,Valid,Fixation
1670925709.311295,,Mouse,1007.5,423.0,,,Fixation
1670925709.3123581,,Eye Tracker,1007.0,424.0,Valid,Valid,Fixation
1670925709.32795,,Mouse,1006.5,426.0,,,Fixation
1670925709.344604,,Eye Tracker,1006.0,428.0,Valid,Valid,Fixation
1670925709.36126,,Mouse,1006.0,428.0,,,Fixation
1670925709.371394,,Eye Tracker,1006.0,428.0,Valid,Valid,Fixation
1670925709.3779151,,Mouse,1007.3333333333334,429.0,,,Fixation
1670925709.394569,,Mouse,1008.6666666666666,430.0,,,Fixation
1670925709.4112241,,Eye Tracker,1010.0,431.0,Valid,Valid,Fixation
1670925709.421391,,Mouse,1010.5,432.0,,,Fixation
1670925709.427879,,Eye Tracker,1011.0,433.0,Valid,Valid,Fixation
1670925709.44238,,Mouse,1012.5,434.5,,,Fixation
1670925709.444533,,Eye Tracker,1014.0,436.0,Valid,Valid,Fixation
1670925709.461188,,Mouse,1012.3333333333334,435.3333333333333,,,Fixation
1670925709.461421,,Mouse,1010.6666666666666,434.6666666666667,,,Fixation
1670925709.477844,,Eye Tracker,1009.0,434.0,Valid,Valid,Fixation
1670925709.482354,,Eye Tracker,1013.0,423.0,Valid,Valid,Fixation
1670925709.494498,,Mouse,1013.5,423.5,,,Fixation
1670925709.501417,,Eye Tracker,1014.0,424.0,Valid,Valid,Fixation
1670925709.511153,,Mouse,1013.0,426.5,,,Fixation
1670925709.522411,,Eye Tracker,1012.0,429.0,Valid,Valid,Fixation
1670925709.527808,,Mouse,1014.0,429.5,,,Fixation
1670925709.541357,,Eye Tracker,1016.0,430.0,Valid,Valid,Fixation
1670925709.544462,,Mouse,1013.5,426.5,,,Fixation
1670925709.561117,,Eye Tracker,1011.0,423.0,Valid,Valid,Fixation
1670925709.561414,,Mouse,1011.5,421.5,,,Fixation
1670925709.5777721,,Eye Tracker,1012.0,420.0,Valid,Valid,Fixation
1670925709.594427,,Mouse,1015.5,421.0,,,Fixation
1670925709.611082,,Eye Tracker,1019.0,422.0,Valid,Valid,Fixation
1670925709.62244,,Mouse,1018.0,421.0,,,Fixation
1670925709.627737,,Eye Tracker,1017.0,420.0,Valid,Valid,Fixation
1670925709.64254,,Mouse,1017.0,419.0,,,Fixation
1670925709.644392,,Eye Tracker,1017.0,418.0,Valid,Valid,Fixation
1670925709.6533911,,Mouse,1017.5,418.0,,,Fixation
1670925709.661046,,Eye Tracker,1018.0,418.0,Valid,Valid,Fixation
1670925709.672548,,Mouse,1018.5,418.5,,,Fixation
1670925709.677701,,Eye Tracker,1019.0,419.0,Valid,Valid,Fixation
1670925709.6934261,,Mouse,1018.0,417.0,,,Fixation
1670925709.694356,,Eye Tracker,1017.0,415.0,Valid,Valid,Fixation
1670925709.71101,,Mouse,1020.5,414.0,,,Fixation
1670925709.712337,,Eye Tracker,1024.0,413.0,Valid,Valid,Fixation
1670925709.722421,,Mouse,1027.5,411.5,,,Fixation
1670925709.727665,,Eye Tracker,1031.0,410.0,Valid,Valid,Fixation
1670925709.743354,,Mouse,1039.0,415.0,,,Fixation
1670925709.74432,,Eye Tracker,1047.0,420.0,Valid,Valid,Fixation
1670925709.753402,,Mouse,1053.5,422.0,,,Fixation
1670925709.760974,,Eye Tracker,1060.0,424.0,Valid,Valid,Fixation
1670925709.77763,,Mouse,1059.6666666666667,422.6666666666667,,,Fixation
1670925709.79354,,Mouse,1059.3333333333333,421.3333333333333,,,Fixation
1670925709.794285,,Eye Tracker,1059.0,420.0,Valid,Valid,Fixation
1670925709.810939,,Mouse,1061.5,422.5,,,Fixation
1670925709.824304,,Eye Tracker,1064.0,425.0,Valid,Valid,Fixation
1670925709.827594,,Mouse,1061.5,422.5,,,Fixation
1670925709.844249,,Eye Tracker,1059.0,420.0,Valid,Valid,Fixation
1670925709.860905,,Mouse,1058.5,422.0,,,Fixation
1670925709.877559,,Eye Tracker,1058.0,424.0,Valid,Valid,Fixation
1670925709.894214,,Eye Tracker,1056.0,425.0,Valid,Valid,Fixation
1670925709.904437,,Mouse,1055.0,423.5,,,Fixation
1670925709.9108691,,Eye Tracker,1054.0,422.0,Valid,Valid,Fixation
1670925709.9275231,,Mouse,1056.0,423.3333333333333,,,Fixation
1670925709.944178,,Mouse,1058.0,424.6666666666667,,,Fixation
1670925709.960833,,Eye Tracker,1060.0,426.0,Valid,Valid,Fixation
1670925709.977487,,Mouse,1059.5,423.0,,,Fixation
1670925709.983495,,Eye Tracker,1059.0,420.0,Valid,Valid,Fixation
1670925709.994142,,Mouse,1058.5,418.5,,,Fixation
1670925710.010797,,Eye Tracker,1058.0,417.0,Valid,Valid,Fixation
1670925710.027451,,Mouse,1058.3333333333333,417.6666666666667,,,Fixation
1670925710.034601,,Mouse,1058.6666666666667,418.3333333333333,,,Fixation
1670925710.044106,,Eye Tracker,1059.0,419.0,Valid,Valid,Fixation
1670925710.053316,,Eye Tracker,1059.0,424.0,Valid,Valid,Fixation
1670925710.060762,,Mouse,1059.0,423.6666666666667,,,Fixation
1670925710.077416,,Mouse,1059.0,423.3333333333333,,,Fixation
1670925710.094071,,Eye Tracker,1059.0,423.0,Valid,Valid,Fixation
1670925710.110726,,Mouse,1058.5,428.0,,,Fixation
1670925710.114393,,Eye Tracker,1058.0,433.0,Valid,Valid,Fixation
1670925710.127382,,Mouse,1054.0,431.0,,,Fixation
1670925710.144036,,Eye Tracker,1050.0,429.0,Valid,Valid,Fixation
1670925710.160691,,Mouse,1052.5,429.0,,,Fixation
1670925710.177346,,Eye Tracker,1055.0,429.0,Valid,Valid,Fixation
1670925710.194,,Mouse,1057.0,427.5,,,Fixation
1670925710.210655,,Eye Tracker,1059.0,426.0,Valid,Valid,Fixation
1670925710.214421,,Mouse,1057.5,426.5,,,Fixation
1670925710.22731,,Eye Tracker,1056.0,427.0,Valid,Valid,Fixation
1670925710.234395,,Mouse,1054.3333333333333,425.3333333333333,,,Fixation
1670925710.243964,,Mouse,1052.6666666666667,423.6666666666667,,,Fixation
1670925710.245398,,Eye Tracker,1051.0,422.0,Valid,Valid,Fixation
1670925710.255628,,Mouse,1050.0,404.0,,,Saccade
1670925710.260619,,Eye Tracker,1049.0,386.0,Valid,Valid,Saccade
1670925710.275326,,Mouse,1053.0,363.5,,,Saccade
1670925710.2772741,,Eye Tracker,1057.0,341.0,Valid,Valid,Saccade
1670925710.293929,,Mouse,1054.5,319.0,,,Saccade
1670925710.2964141,,Eye Tracker,1052.0,297.0,Valid,Valid,Saccade
1670925710.310584,,Mouse,1052.3333333333333,295.0,,,Saccade
1670925710.315434,,Mouse,1052.6666666666667,293.0,,,Fixation
1670925710.325499,,Eye Tracker,1053.0,291.0,Valid,Valid,Fixation
1670925710.327239,,Mouse,1053.5,291.5,,,Fixation
1670925710.336347,,Eye Tracker,1054.0,292.0,Valid,Valid,Fixation
1670925710.343893,,Mouse,1055.0,292.0,,,Fixation
1670925710.355624,,Eye Tracker,1056.0,292.0,Valid,Valid,Fixation
1670925710.360548,,Mouse,1056.5,297.0,,,Fixation
1670925710.377204,,Eye Tracker,1057.0,302.0,Valid,Valid,Fixation
1670925710.3856711,,Mouse,1056.0,306.5,,,Fixation
1670925710.3938591,,Eye Tracker,1055.0,311.0,Valid,Valid,Fixation
1670925710.410513,,Mouse,1054.5,306.0,,,Fixation
1670925710.4271681,,Eye Tracker,1054.0,301.0,Valid,Valid,Fixation
1670925710.443823,,Mouse,1053.5,300.5,,,Fixation
1670925710.4455311,,Eye Tracker,1053.0,300.0,Valid,Valid,Fixation
1670925710.460477,,Mouse,1054.0,299.5,,,Fixation
1670925710.477132,,Eye Tracker,1055.0,299.0,Valid,Valid,Fixation
1670925710.493787,,Mouse,1054.6666666666667,299.0,,,Fixation
1670925710.510441,,Mouse,1054.3333333333333,299.0,,,Fixation
1670925710.515546,,Eye Tracker,1054.0,299.0,Valid,Valid,Fixation
1670925710.527096,,Eye Tracker,1054.0,301.0,Valid,Valid,Fixation
1670925710.535389,,Mouse,1051.0,304.0,,,Fixation
1670925710.543752,,Eye Tracker,1048.0,307.0,Valid,Valid,Fixation
1670925710.5463881,,Mouse,1051.5,307.0,,,Fixation
1670925710.560406,,Eye Tracker,1055.0,307.0,Valid,Valid,Fixation
1670925710.577061,,Mouse,1057.5,306.0,,,Fixation
1670925710.5937161,,Eye Tracker,1060.0,305.0,Valid,Valid,Fixation
1670925710.61037,,Mouse,1062.0,287.0,,,Saccade
1670925710.6270251,,Eye Tracker,1064.0,269.0,Valid,Valid,Saccade
1670925710.637418,,Mouse,1065.5,256.0,,,Saccade
1670925710.643681,,Eye Tracker,1067.0,243.0,Valid,Valid,Saccade
1670925710.6563861,,Mouse,1071.0,235.0,,,Fixation
1670925710.660336,,Eye Tracker,1075.0,227.0,Valid,Valid,Fixation
1670925710.66639,,Mouse,1077.5,223.5,,,Fixation
1670925710.67699,,Eye Tracker,1080.0,220.0,Valid,Valid,Fixation
1670925710.677427,,Mouse,1082.5,221.0,,,Fixation
1670925710.693645,,Eye Tracker,1085.0,222.0,Valid,Valid,Fixation
1670925710.7103,,Mouse,1087.0,222.0,,,Fixation
1670925710.7175941,,Eye Tracker,1089.0,222.0,Valid,Valid,Fixation
1670925710.726954,,Mouse,1088.0,222.0,,,Fixation
1670925710.736321,,Mouse,1087.0,222.0,,,Fixation
1670925710.743609,,Eye Tracker,1086.0,222.0,Valid,Valid,Fixation
1670925710.746397,,Mouse,1086.5,220.0,,,Fixation
1670925710.757379,,Eye Tracker,1087.0,218.0,Valid,Valid,Fixation
1670925710.760264,,Mouse,1087.5,218.0,,,Fixation
1670925710.767385,,Eye Tracker,1088.0,218.0,Valid,Valid,Fixation
1670925710.7769191,,Mouse,1086.0,219.0,,,Fixation
1670925710.777564,,Eye Tracker,1084.0,220.0,Valid,Valid,Fixation
1670925710.778096,,Mouse,1083.0,217.66666666666666,,,Fixation
1670925710.778096,,Mouse,1082.0,215.33333333333334,,,Fixation
1670925710.793574,,Eye Tracker,1081.0,213.0,Valid,Valid,Fixation
1670925710.810229,,Eye Tracker,1087.0,203.0,Valid,Valid,Fixation
1670925710.826883,,Mouse,1091.5,200.5,,,Fixation
1670925710.843538,,Eye Tracker,1096.0,198.0,Valid,Valid,Fixation
1670925710.860193,,Mouse,1097.5,198.0,,,Fixation
1670925710.876847,,Eye Tracker,1099.0,198.0,Valid,Valid,Fixation
1670925710.893503,,Mouse,1093.5,199.0,,,Fixation
1670925710.910158,,Eye Tracker,1088.0,200.0,Valid,Valid,Fixation
1670925710.9268131,,Eye Tracker,1086.0,202.0,Valid,Valid,Fixation
1670925710.9434671,,Eye Tracker,1095.0,199.0,Valid,Valid,Fixation
1670925710.960122,,Mouse,1096.5,198.0,,,Fixation
1670925710.976777,,Eye Tracker,1098.0,197.0,Valid,Valid,Fixation
1670925710.993431,,Mouse,1097.5,201.0,,,Fixation
1670925711.007378,,Eye Tracker,1097.0,205.0,Valid,Valid,Fixation
1670925711.010087,,Eye Tracker,1093.0,206.0,Valid,Valid,Fixation
1670925711.026742,,Eye Tracker,1094.0,199.0,Valid,Valid,Fixation
1670925711.02734,,Mouse,1082.5,199.0,,,Fixation
1670925711.043396,,Eye Tracker,1071.0,199.0,Valid,Valid,Fixation
1670925711.060051,,Eye Tracker,1044.0,226.0,Valid,Valid,Saccade
1670925711.076706,,Eye Tracker,1040.0,237.0,Valid,Valid,Fixation
1670925711.09336,,Eye Tracker,1025.0,232.0,Valid,Valid,Fixation
1670925711.110015,,Eye Tracker,1031.0,222.0,Valid,Valid,Fixation
1670925711.1266701,,Eye Tracker,1031.0,225.0,Valid,Valid,Fixation
1670925711.143325,,Eye Tracker,1025.0,225.0,Valid,Valid,Fixation
1670925711.15998,,Eye Tracker,1034.0,221.0,Valid,Valid,Fixation
1670925711.176635,,Eye Tracker,1036.0,225.0,Valid,Valid,Fixation
1670925711.19329,,Eye Tracker,1027.0,221.0,Valid,Valid,Fixation
1670925711.209944,,Eye Tracker,1028.0,219.0,Valid,Valid,Fixation
1670925711.218544,,Eye Tracker,1033.0,223.0,Valid,Valid,Fixation
1670925711.226599,,Mouse,1032.5,222.0,,,Fixation
1670925711.229008,,Eye Tracker,1032.0,221.0,Valid,Valid,Fixation
1670925711.229008,,Mouse,1031.0,217.5,,,Fixation
1670925711.2385561,,Eye Tracker,1030.0,214.0,Valid,Valid,Fixation
1670925711.243254,,Mouse,1031.0,214.0,,,Fixation
1670925711.259909,,Eye Tracker,1032.0,214.0,Valid,Valid,Fixation
1670925711.269389,,Mouse,1033.0,216.0,,,Fixation
1670925711.2765641,,Mouse,1034.0,218.0,,,Fixation
1670925711.279641,,Eye Tracker,1035.0,220.0,Valid,Valid,Fixation
1670925711.293219,,Mouse,1035.5,219.5,,,Fixation
1670925711.299374,,Eye Tracker,1036.0,219.0,Valid,Valid,Fixation
1670925711.309873,,Mouse,1034.5,219.5,,,Fixation
1670925711.310635,,Eye Tracker,1033.0,220.0,Valid,Valid,Fixation
1670925711.326528,,Mouse,1035.0,221.5,,,Fixation
1670925711.329355,,Eye Tracker,1037.0,223.0,Valid,Valid,Fixation
1670925711.339377,,Mouse,1039.5,223.5,,,Fixation
1670925711.343183,,Eye Tracker,1042.0,224.0,Valid,Valid,Fixation
1670925711.359837,,Mouse,1041.5,224.5,,,Fixation
1670925711.376492,,Eye Tracker,1041.0,225.0,Valid,Valid,Fixation
1670925711.379502,,Mouse,1041.0,219.5,,,Fixation
1670925711.393148,,Eye Tracker,1041.0,214.0,Valid,Valid,Fixation
1670925711.400449,,Eye Tracker,1043.0,216.0,Valid,Valid,Fixation
1670925711.409802,,Mouse,1042.6666666666667,217.33333333333334,,,Fixation
1670925711.4193401,,Mouse,1042.3333333333333,218.66666666666666,,,Fixation
1670925711.426457,,Eye Tracker,1042.0,220.0,Valid,Valid,Fixation
1670925711.4431121,,Eye Tracker,1040.0,213.0,Valid,Valid,Fixation
1670925711.459767,,Eye Tracker,1034.0,211.0,Valid,Valid,Fixation
1670925711.476421,,Mouse,1033.5,211.5,,,Fixation
1670925711.493076,,Eye Tracker,1033.0,212.0,Valid,Valid,Fixation
1670925711.499419,,Mouse,1036.5,212.5,,,Fixation
1670925711.509731,,Eye Tracker,1040.0,213.0,Valid,Valid,Fixation
1670925711.520463,,Mouse,1049.5,208.0,,,Fixation
1670925711.526386,,Eye Tracker,1059.0,203.0,Valid,Valid,Fixation
1670925711.539644,,Mouse,1067.3333333333333,201.0,,,Fixation
1670925711.543041,,Mouse,1075.6666666666667,199.0,,,Saccade
1670925711.559459,,Eye Tracker,1084.0,197.0,Valid,Valid,Saccade
1670925711.559696,,Mouse,1084.5,198.0,,,Fixation
1670925711.570348,,Eye Tracker,1085.0,199.0,Valid,Valid,Fixation
1670925711.57635,,Eye Tracker,1082.0,191.0,Valid,Valid,Fixation
1670925711.589346,,Mouse,1082.0,190.5,,,Fixation
1670925711.593005,,Eye Tracker,1082.0,190.0,Valid,Valid,Fixation
1670925711.599633,,Mouse,1083.5,189.5,,,Fixation
1670925711.6096601,,Eye Tracker,1085.0,189.0,Valid,Valid,Fixation
1670925711.610541,,Mouse,1084.5,188.5,,,Fixation
1670925711.626314,,Eye Tracker,1084.0,188.0,Valid,Valid,Fixation
1670925711.630502,,Mouse,1080.5,192.0,,,Fixation
1670925711.6429691,,Eye Tracker,1077.0,196.0,Valid,Valid,Fixation
1670925711.651341,,Mouse,1078.0,199.0,,,Fixation
1670925711.659625,,Eye Tracker,1079.0,202.0,Valid,Valid,Fixation
1670925711.661354,,Mouse,1082.0,200.5,,,Fixation
1670925711.676279,,Eye Tracker,1085.0,199.0,Valid,Valid,Fixation
1670925711.680551,,Mouse,1084.0,197.0,,,Fixation
1670925711.691359,,Eye Tracker,1083.0,195.0,Valid,Valid,Fixation
1670925711.692934,,Mouse,1083.3333333333333,193.33333333333334,,,Fixation
1670925711.7013671,,Mouse,1083.6666666666667,191.66666666666666,,,Fixation
1670925711.709589,,Eye Tracker,1084.0,190.0,Valid,Valid,Fixation
1670925711.720297,,Eye Tracker,1084.0,188.0,Valid,Valid,Fixation
1670925711.726244,,Mouse,1083.0,187.0,,,Fixation
1670925711.730316,,Eye Tracker,1082.0,186.0,Valid,Valid,Fixation
1670925711.74144,,Mouse,1083.0,188.0,,,Fixation
1670925711.742898,,Eye Tracker,1084.0,190.0,Valid,Valid,Fixation
1670925711.759553,,Mouse,1085.0,185.5,,,Fixation
1670925711.76054,,Eye Tracker,1086.0,181.0,Valid,Valid,Fixation
1670925711.776209,,Mouse,1088.5,178.5,,,Fixation
1670925711.781342,,Eye Tracker,1091.0,176.0,Valid,Valid,Fixation
1670925711.791373,,Eye Tracker,1082.0,194.0,Valid,Valid,Fixation
1670925711.7928631,,Mouse,1082.5,192.5,,,Fixation
1670925711.80138,,Eye Tracker,1083.0,191.0,Valid,Valid,Fixation
1670925711.809518,,Eye Tracker,1089.0,193.0,Valid,Valid,Fixation
1670925711.811408,,Mouse,1089.0,197.5,,,Fixation
1670925711.822655,,Eye Tracker,1089.0,202.0,Valid,Valid,Fixation
1670925711.826173,,Eye Tracker,1087.0,197.0,Valid,Valid,Fixation
1670925711.841466,,Mouse,1086.0,195.5,,,Fixation
1670925711.842827,,Eye Tracker,1085.0,194.0,Valid,Valid,Fixation
1670925711.859482,,Mouse,1084.0,198.5,,,Fixation
1670925711.862354,,Eye Tracker,1083.0,203.0,Valid,Valid,Fixation
1670925711.876137,,Mouse,1083.0,203.0,,,Fixation
1670925711.8814,,Eye Tracker,1083.0,203.0,Valid,Valid,Fixation
1670925711.891416,,Mouse,1084.0,199.5,,,Fixation
1670925711.892791,,Eye Tracker,1085.0,196.0,Valid,Valid,Fixation
1670925711.902438,,Eye Tracker,1083.0,200.0,Valid,Valid,Fixation
1670925711.909447,,Eye Tracker,1091.0,192.0,Valid,Valid,Fixation
1670925711.921374,,Mouse,1094.6666666666667,189.0,,,Fixation
1670925711.926102,,Mouse,1098.3333333333333,186.0,,,Fixation
1670925711.941382,,Eye Tracker,1102.0,183.0,Valid,Valid,Fixation
1670925711.942756,,Mouse,1103.0,180.0,,,Fixation
1670925711.952318,,Eye Tracker,1104.0,177.0,Valid,Valid,Fixation
1670925711.9594111,,Mouse,1104.0,173.0,,,Fixation
1670925711.97137,,Eye Tracker,1104.0,169.0,Valid,Valid,Fixation
1670925711.976066,,Mouse,1100.5,169.5,,,Fixation
1670925711.99245,,Eye Tracker,1097.0,170.0,Valid,Valid,Fixation
1670925711.992721,,Eye Tracker,1097.0,175.0,Valid,Valid,Fixation
1670925712.0025861,,Eye Tracker,1101.0,173.0,Valid,Valid,Fixation
1670925712.009376,,Mouse,1100.0,173.0,,,Fixation
1670925712.021341,,Eye Tracker,1099.0,173.0,Valid,Valid,Fixation
1670925712.026031,,Mouse,1096.0,175.0,,,Fixation
1670925712.032376,,Eye Tracker,1093.0,177.0,Valid,Valid,Fixation
1670925712.042377,,Eye Tracker,1093.0,177.0,Valid,Valid,Fixation
1670925712.042686,,Mouse,1092.5,177.5,,,Fixation
1670925712.05934,,Eye Tracker,1092.0,178.0,Valid,Valid,Fixation
1670925712.061369,,Eye Tracker,1090.0,182.0,Valid,Valid,Fixation
1670925712.072302,,Mouse,1092.0,183.5,,,Fixation
1670925712.075995,,Eye Tracker,1094.0,185.0,Valid,Valid,Fixation
1670925712.082369,,Eye Tracker,1087.0,185.0,Valid,Valid,Fixation
1670925712.09265,,Eye Tracker,1090.0,186.0,Valid,Valid,Fixation
1670925712.101373,,Eye Tracker,1091.0,187.0,Valid,Valid,Fixation
1670925712.109304,,Mouse,1092.0,187.5,,,Fixation
1670925712.122363,,Eye Tracker,1093.0,188.0,Valid,Valid,Fixation
1670925712.125959,,Eye Tracker,1094.0,183.0,Valid,Valid,Fixation
1670925712.132546,,Mouse,1090.5,181.0,,,Fixation
1670925712.1426141,,Eye Tracker,1087.0,179.0,Valid,Valid,Fixation
1670925712.152467,,Eye Tracker,1085.0,180.0,Valid,Valid,Fixation
1670925712.159269,,Mouse,1088.0,177.5,,,Fixation
1670925712.1633341,,Eye Tracker,1091.0,175.0,Valid,Valid,Fixation
1670925712.173418,,Mouse,1092.5,174.0,,,Fixation
1670925712.175924,,Eye Tracker,1094.0,173.0,Valid,Valid,Fixation
1670925712.192514,,Mouse,1094.0,168.0,,,Fixation
1670925712.192579,,Eye Tracker,1094.0,163.0,Valid,Valid,Fixation
1670925712.203378,,Mouse,1095.0,163.0,,,Fixation
1670925712.209233,,Eye Tracker,1096.0,163.0,Valid,Valid,Fixation
1670925712.225888,,Mouse,1096.25,162.75,,,Fixation
1670925712.242544,MouseEvent,,1096.5,162.5,,,Fixation
1670925712.2591991,,Mouse,1096.75,162.25,,,Fixation
1670925712.275853,,Eye Tracker,1097.0,162.0,Valid,Valid,Fixation
1670925712.2925081,,Eye Tracker,1095.0,159.0,Valid,Valid,Fixation
1670925712.309163,,Eye Tracker,1094.0,168.0,Valid,Valid,Fixation
1670925712.325817,,Mouse,1095.0,167.0,,,Fixation
1670925712.342472,,Eye Tracker,1096.0,166.0,Valid,Valid,Fixation
1670925712.359127,,Mouse,1094.5,165.0,,,Fixation
1670925712.375781,,Eye Tracker,1093.0,164.0,Valid,Valid,Fixation
1670925712.392436,,Mouse,1093.0,167.0,,,Fixation
1670925712.409091,,Eye Tracker,1093.0,170.0,Valid,Valid,Fixation
1670925712.425746,,Mouse,1094.5,168.5,,,Fixation
1670925712.442401,,Eye Tracker,1096.0,167.0,Valid,Valid,Fixation
1670925712.459057,,Eye Tracker,1094.0,166.0,Valid,Valid,Fixation
1670925712.475711,,Mouse,1091.5,166.0,,,Fixation
1670925712.492366,,Eye Tracker,1089.0,166.0,Valid,Valid,Fixation
1670925712.509021,,Eye Tracker,1088.0,170.0,Valid,Valid,Fixation
1670925712.525676,,Eye Tracker,1091.0,172.0,Valid,Valid,Fixation
1670925712.54233,,Mouse,1091.0,171.0,,,Fixation
1670925712.558985,,Eye Tracker,1091.0,170.0,Valid,Valid,Fixation
1670925712.57564,,Mouse,1091.5,172.0,,,Fixation
1670925712.592294,,Eye Tracker,1092.0,174.0,Valid,Valid,Fixation
1670925712.608949,,Mouse,1092.0,176.0,,,Fixation
1670925712.625604,,Eye Tracker,1092.0,178.0,Valid,Valid,Fixation
1670925712.642258,,Eye Tracker,1093.0,172.0,Valid,Valid,Fixation
1670925712.6589131,,Mouse,1093.0,169.5,,,Fixation
1670925712.675569,,Eye Tracker,1093.0,167.0,Valid,Valid,Fixation
1670925712.692224,,Eye Tracker,1093.0,168.0,Valid,Valid,Fixation
1670925712.708879,,Eye Tracker,1092.0,164.0,Valid,Valid,Fixation
1670925712.725534,,Eye Tracker,1094.0,172.0,Valid,Valid,Fixation
1670925712.742188,,Eye Tracker,1059.0,194.0,Valid,Valid,Saccade
1670925712.754433,,Mouse,995.0,251.5,,,Saccade
1670925712.758843,,Eye Tracker,931.0,309.0,Valid,Valid,Saccade
1670925712.765633,,Mouse,882.0,362.0,,,Saccade
1670925712.775498,,Eye Tracker,833.0,415.0,Valid,Valid,Saccade
1670925712.784341,,Mouse,812.5,435.0,,,Saccade
1670925712.7921531,MouseEvent,,792.0,455.0,,,Saccade
1670925712.794639,,Mouse,771.5,475.0,,,Saccade
1670925712.805416,,Eye Tracker,751.0,495.0,Valid,Valid,Saccade
1670925712.8088071,,Eye Tracker,719.0,521.0,Valid,Valid,Saccade
1670925712.825422,,Eye Tracker,713.0,497.0,Valid,Valid,Unclassified
1670925712.825462,,Mouse,717.0,494.0,,,Unclassified
1670925712.842117,,Eye Tracker,721.0,491.0,Valid,Valid,Unclassified
1670925712.845319,,Mouse,729.0,493.0,,,Unclassified
1670925712.856653,,Eye Tracker,737.0,495.0,Valid,Valid,Unclassified
1670925712.858771,,Mouse,725.5,474.5,,,Unclassified
1670925712.875355,,Eye Tracker,714.0,454.0,Valid,Valid,Saccade
1670925712.875426,,Mouse,704.0,441.0,,,Saccade
1670925712.885358,,Mouse,694.0,428.0,,,Saccade
1670925712.892081,,Eye Tracker,684.0,415.0,Valid,Valid,Saccade
1670925712.896514,,Mouse,565.0,253.5,,,Saccade
1670925712.908735,,Eye Tracker,446.0,92.0,Valid,Valid,Saccade
1670925712.9153981,,Mouse,441.0,99.5,,,Saccade
1670925712.925392,,Eye Tracker,436.0,107.0,Valid,Valid,Fixation
1670925712.925601,,Mouse,432.5,105.0,,,Fixation
1670925712.936402,,Eye Tracker,429.0,103.0,Valid,Valid,Fixation
1670925712.942047,,Mouse,430.5,112.5,,,Fixation
1670925712.955648,,Eye Tracker,432.0,122.0,Valid,Valid,Fixation
1670925712.9587011,,Mouse,433.5,122.5,,,Fixation
1670925712.975356,,Eye Tracker,435.0,123.0,Valid,Valid,Fixation
1670925712.976344,,Mouse,441.5,122.5,,,Fixation
1670925712.992011,,Eye Tracker,448.0,122.0,Valid,Valid,Fixation
1670925712.995315,,Mouse,450.0,122.0,,,Fixation
1670925713.005348,,Eye Tracker,452.0,122.0,Valid,Valid,Fixation
1670925713.008665,,Mouse,453.3333333333333,123.0,,,Fixation
1670925713.0153751,,Mouse,454.6666666666667,124.0,,,Fixation
1670925713.02532,,Eye Tracker,456.0,125.0,Valid,Valid,Fixation
1670925713.026495,,Mouse,456.5,127.0,,,Fixation
1670925713.041975,,Eye Tracker,457.0,129.0,Valid,Valid,Fixation
1670925713.0453131,,Mouse,457.0,124.0,,,Fixation
1670925713.055384,,Eye Tracker,457.0,119.0,Valid,Valid,Fixation
1670925713.05863,,Mouse,457.6666666666667,119.66666666666667,,,Fixation
1670925713.066341,,Mouse,458.3333333333333,120.33333333333333,,,Fixation
1670925713.075284,,Eye Tracker,459.0,121.0,Valid,Valid,Fixation
1670925713.085542,,Mouse,452.5,121.5,,,Fixation
1670925713.091939,,Eye Tracker,446.0,122.0,Valid,Valid,Fixation
1670925713.106374,,Mouse,443.0,122.5,,,Fixation
1670925713.108594,,Eye Tracker,440.0,123.0,Valid,Valid,Fixation
1670925713.125248,,Mouse,439.0,112.0,,,Fixation
1670925713.125819,,Eye Tracker,438.0,101.0,Valid,Valid,Fixation
1670925713.141903,,Eye Tracker,790.0,207.0,Valid,Valid,Saccade
1670925713.145545,,Mouse,808.5,203.0,,,Saccade
1670925713.156298,,Eye Tracker,827.0,199.0,Valid,Valid,Saccade
1670925713.1585581,,Mouse,832.0,198.5,,,Saccade
1670925713.166368,,Eye Tracker,837.0,198.0,Valid,Valid,Fixation
1670925713.1752121,,Mouse,833.5,195.5,,,Fixation
1670925713.176388,,Eye Tracker,830.0,193.0,Valid,Valid,Fixation
1670925713.186719,,Mouse,828.0,193.66666666666666,,,Fixation
1670925713.191868,,Mouse,826.0,194.33333333333334,,,Fixation
1670925713.197419,,Eye Tracker,824.0,195.0,Valid,Valid,Fixation
1670925713.208523,,Mouse,818.5,190.0,,,Fixation
1670925713.216517,,Eye Tracker,813.0,185.0,Valid,Valid,Fixation
1670925713.225177,,Mouse,812.5,181.0,,,Fixation
1670925713.2266011,,Eye Tracker,812.0,177.0,Valid,Valid,Fixation
1670925713.237392,,Mouse,809.0,175.5,,,Fixation
1670925713.241832,,Eye Tracker,806.0,174.0,Valid,Valid,Fixation
1670925713.256649,,Mouse,806.3333333333334,174.0,,,Fixation
1670925713.258487,,Mouse,806.6666666666666,174.0,,,Fixation
1670925713.275141,,Eye Tracker,807.0,174.0,Valid,Valid,Fixation
1670925713.277328,,Eye Tracker,813.0,165.0,Valid,Valid,Fixation
1670925713.291796,,Mouse,813.5,166.0,,,Fixation
1670925713.296413,,Eye Tracker,814.0,167.0,Valid,Valid,Fixation
1670925713.308451,,Mouse,811.0,166.33333333333334,,,Fixation
1670925713.317615,,Mouse,808.0,165.66666666666666,,,Fixation
1670925713.3251061,,Eye Tracker,805.0,165.0,Valid,Valid,Fixation
1670925713.337389,,Mouse,802.5,163.0,,,Fixation
1670925713.34176,,Eye Tracker,800.0,161.0,Valid,Valid,Fixation
1670925713.347542,,Mouse,798.5,161.0,,,Fixation
1670925713.3584151,,Eye Tracker,797.0,161.0,Valid,Valid,Fixation
1670925713.368372,,Mouse,799.0,158.5,,,Fixation
1670925713.37507,,Eye Tracker,801.0,156.0,Valid,Valid,Fixation
1670925713.387646,,Mouse,796.5,156.0,,,Fixation
1670925713.391724,,Eye Tracker,792.0,156.0,Valid,Valid,Fixation
1670925713.408379,,Mouse,774.0,160.5,,,Fixation
1670925713.425034,,Eye Tracker,756.0,165.0,Valid,Valid,Saccade
1670925713.441689,,Mouse,724.3333333333334,170.66666666666666,,,Saccade
1670925713.458344,,Mouse,692.6666666666666,176.33333333333334,,,Saccade
1670925713.474999,,Eye Tracker,661.0,182.0,Valid,Valid,Saccade
1670925713.491653,,Eye Tracker,612.0,178.0,Valid,Valid,Saccade
1670925713.508308,,Mouse,607.0,176.33333333333334,,,Saccade
1670925713.5249631,,Mouse,602.0,174.66666666666666,,,Fixation
1670925713.541617,,Eye Tracker,597.0,173.0,Valid,Valid,Fixation
1670925713.5582721,,Mouse,596.5,170.5,,,Fixation
1670925713.574927,,Eye Tracker,596.0,168.0,Valid,Valid,Fixation
1670925713.591582,,Mouse,590.5,169.0,,,Fixation
1670925713.608236,,Eye Tracker,585.0,170.0,Valid,Valid,Fixation
1670925713.6184,,Mouse,585.0,168.5,,,Fixation
1670925713.624891,,Eye Tracker,585.0,167.0,Valid,Valid,Fixation
1670925713.637375,,Mouse,581.0,170.0,,,Fixation
1670925713.641546,,Eye Tracker,577.0,173.0,Valid,Valid,Fixation
1670925713.6582,,Mouse,575.5,173.0,,,Fixation
1670925713.658392,,Eye Tracker,574.0,173.0,Valid,Valid,Fixation
1670925713.674855,,Mouse,567.5,167.5,,,Fixation
1670925713.6783311,,Eye Tracker,561.0,162.0,Valid,Valid,Fixation
1670925713.688512,,Mouse,556.0,159.0,,,Fixation
1670925713.691511,,Eye Tracker,551.0,156.0,Valid,Valid,Fixation
1670925713.708165,,Eye Tracker,538.0,154.0,Valid,Valid,Fixation
1670925713.7095811,,Mouse,476.5,153.5,,,Fixation
1670925713.7248201,,Eye Tracker,415.0,153.0,Valid,Valid,Saccade
1670925713.7384,,Mouse,397.0,159.0,,,Saccade
1670925713.741475,,Mouse,379.0,165.0,,,Saccade
1670925713.749444,,Eye Tracker,361.0,171.0,Valid,Valid,Saccade
1670925713.7581291,,Eye Tracker,340.0,171.0,Valid,Valid,Fixation
1670925713.768374,,Mouse,338.3333333333333,170.66666666666666,,,Fixation
1670925713.774784,,Mouse,336.6666666666667,170.33333333333334,,,Fixation
1670925713.778418,,Eye Tracker,335.0,170.0,Valid,Valid,Fixation
1670925713.789639,,Mouse,335.5,167.0,,,Fixation
1670925713.791439,,Eye Tracker,336.0,164.0,Valid,Valid,Fixation
1670925713.808093,,Mouse,339.5,164.0,,,Fixation
1670925713.8086221,,Eye Tracker,343.0,164.0,Valid,Valid,Fixation
1670925713.824748,,Mouse,340.6666666666667,164.0,,,Fixation
1670925713.829362,,Mouse,338.3333333333333,164.0,,,Fixation
1670925713.839533,,Eye Tracker,336.0,164.0,Valid,Valid,Fixation
1670925713.841403,,Mouse,337.0,166.5,,,Fixation
1670925713.849617,,Eye Tracker,338.0,169.0,Valid,Valid,Fixation
1670925713.858058,,Mouse,341.0,170.5,,,Fixation
1670925713.869487,,Eye Tracker,344.0,172.0,Valid,Valid,Fixation
1670925713.874712,,Mouse,337.5,169.0,,,Fixation
1670925713.880483,,Eye Tracker,331.0,166.0,Valid,Valid,Fixation
1670925713.891367,,Mouse,330.0,161.5,,,Fixation
1670925713.8993711,,Eye Tracker,329.0,157.0,Valid,Valid,Fixation
1670925713.908022,,Mouse,321.5,152.5,,,Fixation
1670925713.909661,,Eye Tracker,314.0,148.0,Valid,Valid,Fixation
1670925713.920644,,Mouse,313.0,146.5,,,Fixation
1670925713.924676,,Eye Tracker,312.0,145.0,Valid,Valid,Fixation
1670925713.939546,,Eye Tracker,312.0,147.0,Valid,Valid,Fixation
1670925713.9413311,,Mouse,312.3333333333333,148.66666666666666,,,Fixation
1670925713.957987,,Mouse,312.6666666666667,150.33333333333334,,,Fixation
1670925713.9603531,,Eye Tracker,313.0,152.0,Valid,Valid,Fixation
1670925713.974641,,Mouse,307.0,151.0,,,Fixation
1670925713.9793751,,Eye Tracker,301.0,150.0,Valid,Valid,Fixation
1670925713.991296,,Mouse,301.0,151.5,,,Fixation
1670925714.000629,,Eye Tracker,301.0,153.0,Valid,Valid,Fixation
1670925714.007951,,Mouse,300.0,152.33333333333334,,,Fixation
1670925714.01955,,Mouse,299.0,151.66666666666666,,,Fixation
1670925714.024605,,Eye Tracker,298.0,151.0,Valid,Valid,Fixation
1670925714.0393221,,Mouse,297.0,150.5,,,Fixation
1670925714.04126,,Eye Tracker,296.0,150.0,Valid,Valid,Fixation
1670925714.0503721,,Mouse,298.0,152.0,,,Fixation
1670925714.057915,,Eye Tracker,300.0,154.0,Valid,Valid,Fixation
1670925714.069402,,Mouse,299.3333333333333,157.0,,,Fixation
1670925714.074569,,Mouse,298.6666666666667,160.0,,,Fixation
1670925714.079492,,Eye Tracker,298.0,163.0,Valid,Valid,Fixation
1670925714.090363,,Mouse,303.5,157.5,,,Fixation
1670925714.091224,,Eye Tracker,309.0,152.0,Valid,Valid,Fixation
1670925714.107879,,Mouse,216.0,123.5,,,Saccade
1670925714.109431,,Eye Tracker,123.0,95.0,Valid,Valid,Saccade
1670925714.119636,,Eye Tracker,110.0,112.0,Valid,Valid,Fixation
1670925714.1245341,,Mouse,108.5,113.0,,,Fixation
1670925714.1304111,,Eye Tracker,107.0,114.0,Valid,Valid,Fixation
1670925714.1411881,,Mouse,113.5,110.0,,,Fixation
1670925714.149624,,Eye Tracker,120.0,106.0,Valid,Valid,Fixation
1670925714.157843,,Mouse,121.5,105.5,,,Fixation
1670925714.170654,,Eye Tracker,123.0,105.0,Valid,Valid,Fixation
1670925714.174498,,Mouse,120.66666666666667,108.66666666666667,,,Fixation
1670925714.190365,,Mouse,118.33333333333333,112.33333333333333,,,Fixation
1670925714.191152,,Eye Tracker,116.0,116.0,Valid,Valid,Fixation
1670925714.200501,,Eye Tracker,117.0,115.0,Valid,Valid,Fixation
1670925714.207808,,Mouse,121.0,112.33333333333333,,,Fixation
1670925714.211382,,Mouse,125.0,109.66666666666667,,,Fixation
1670925714.224463,,Eye Tracker,129.0,107.0,Valid,Valid,Fixation
1670925714.230369,,Mouse,130.5,109.5,,,Fixation
1670925714.240634,,Eye Tracker,132.0,112.0,Valid,Valid,Fixation
1670925714.241117,,Mouse,129.0,114.0,,,Fixation
1670925714.257772,,Eye Tracker,126.0,116.0,Valid,Valid,Fixation
1670925714.261426,,Mouse,128.0,113.0,,,Fixation
1670925714.274427,,Eye Tracker,130.0,110.0,Valid,Valid,Fixation
1670925714.280509,,Mouse,147.5,111.0,,,Fixation
1670925714.291081,,Eye Tracker,165.0,112.0,Valid,Valid,Saccade
1670925714.301386,,Mouse,209.5,132.5,,,Saccade
1670925714.307736,,Eye Tracker,254.0,153.0,Valid,Valid,Saccade
1670925714.320388,,Mouse,257.0,158.5,,,Fixation
1670925714.3243911,,Eye Tracker,260.0,164.0,Valid,Valid,Fixation
1670925714.330628,,Mouse,262.0,163.5,,,Fixation
1670925714.3410451,,Eye Tracker,264.0,163.0,Valid,Valid,Fixation
1670925714.341582,,Mouse,262.0,157.0,,,Fixation
1670925714.3577,,Eye Tracker,260.0,151.0,Valid,Valid,Fixation
1670925714.36131,,Mouse,256.5,150.0,,,Fixation
1670925714.371368,,Eye Tracker,253.0,149.0,Valid,Valid,Fixation
1670925714.374355,,Mouse,249.5,153.5,,,Fixation
1670925714.382366,,Eye Tracker,246.0,158.0,Valid,Valid,Fixation
1670925714.39101,,Eye Tracker,252.0,156.0,Valid,Valid,Fixation
1670925714.3923721,,Mouse,250.5,153.0,,,Fixation
1670925714.407664,,Eye Tracker,249.0,150.0,Valid,Valid,Fixation
1670925714.411407,,Mouse,248.0,150.0,,,Fixation
1670925714.421412,,Eye Tracker,247.0,150.0,Valid,Valid,Fixation
1670925714.424319,,Mouse,248.0,152.0,,,Fixation
1670925714.432385,,Eye Tracker,249.0,154.0,Valid,Valid,Fixation
1670925714.440974,,Mouse,246.5,153.0,,,Fixation
1670925714.451419,,Eye Tracker,244.0,152.0,Valid,Valid,Fixation
1670925714.457629,,Eye Tracker,239.0,137.0,Valid,Valid,Fixation
1670925714.474284,,Eye Tracker,242.0,132.0,Valid,Valid,Fixation
1670925714.4909391,,Mouse,241.5,135.5,,,Fixation
1670925714.491411,,Eye Tracker,241.0,139.0,Valid,Valid,Fixation
1670925714.507593,,Mouse,239.5,142.0,,,Fixation
1670925714.5124,,Eye Tracker,238.0,145.0,Valid,Valid,Fixation
1670925714.5242481,,Mouse,237.0,145.0,,,Fixation
1670925714.531287,,Eye Tracker,236.0,145.0,Valid,Valid,Fixation
1670925714.540903,,Mouse,236.33333333333334,144.33333333333334,,,Fixation
1670925714.541518,,Mouse,236.66666666666666,143.66666666666666,,,Fixation
1670925714.557557,,Eye Tracker,237.0,143.0,Valid,Valid,Fixation
1670925714.562391,,Mouse,234.5,142.5,,,Fixation
1670925714.574212,,Eye Tracker,232.0,142.0,Valid,Valid,Fixation
1670925714.590867,,Mouse,230.66666666666666,140.0,,,Fixation
1670925714.607521,,Mouse,229.33333333333334,138.0,,,Fixation
1670925714.624176,,Eye Tracker,228.0,136.0,Valid,Valid,Fixation
1670925714.631376,,Mouse,214.0,125.33333333333333,,,Fixation
1670925714.640831,,Mouse,200.0,114.66666666666667,,,Saccade
1670925714.642412,,Eye Tracker,186.0,104.0,Valid,Valid,Saccade
1670925714.657486,,Eye Tracker,135.0,87.0,Valid,Valid,Saccade
1670925714.661395,,Mouse,121.66666666666667,83.33333333333333,,,Saccade
1670925714.67414,,Mouse,108.33333333333333,79.66666666666667,,,Saccade
1670925714.6823661,,Eye Tracker,95.0,76.0,Valid,Valid,Saccade
1670925714.690795,,Mouse,92.0,73.5,,,Saccade
1670925714.70745,,Eye Tracker,89.0,71.0,Valid,Valid,Fixation
1670925714.722402,,Mouse,88.5,66.5,,,Fixation
1670925714.7241051,,Eye Tracker,88.0,62.0,Valid,Valid,Fixation
1670925714.73368,,Mouse,91.5,61.0,,,Fixation
1670925714.74076,,Eye Tracker,95.0,60.0,Valid,Valid,Fixation
1670925714.7523901,,Mouse,95.33333333333333,57.0,,,Fixation
1670925714.757415,,Mouse,95.66666666666667,54.0,,,Fixation
1670925714.773631,,Eye Tracker,96.0,51.0,Valid,Valid,Fixation
1670925714.774069,,Mouse,96.5,50.0,,,Fixation
1670925714.790724,,Eye Tracker,97.0,49.0,Valid,Valid,Fixation
1670925714.79243,,Eye Tracker,94.0,46.0,Valid,Valid,Fixation
1670925714.807379,,Mouse,95.0,48.5,,,Fixation
1670925714.81337,,Eye Tracker,96.0,51.0,Valid,Valid,Fixation
1670925714.824033,,Mouse,95.5,48.5,,,Fixation
1670925714.832619,,Eye Tracker,95.0,46.0,Valid,Valid,Fixation
1670925714.840688,,Mouse,91.0,47.0,,,Fixation
1670925714.842627,,Eye Tracker,87.0,48.0,Valid,Valid,Fixation
1670925714.853389,,Mouse,89.0,50.0,,,Fixation
1670925714.857343,,Mouse,91.0,52.0,,,Fixation
1670925714.863519,,Eye Tracker,93.0,54.0,Valid,Valid,Fixation
1670925714.8736541,,Eye Tracker,101.0,26.0,Valid,Invalid,Fixation
1670925714.873997,,Mouse,103.0,25.0,,,Fixation
1670925714.890652,,Mouse,105.0,24.0,,,Fixation
1670925714.894335,,Eye Tracker,107.0,23.0,Valid,Invalid,Fixation
1670925714.904508,,Mouse,115.5,18.5,,,Fixation
1670925714.9073071,,Eye Tracker,124.0,14.0,Valid,Invalid,Fixation
1670925714.923345,,Eye Tracker,129.0,53.0,Valid,Valid,Fixation
1670925714.923962,,Mouse,130.33333333333334,53.333333333333336,,,Fixation
1670925714.933373,,Mouse,131.66666666666666,53.666666666666664,,,Fixation
1670925714.9406161,,Eye Tracker,133.0,54.0,Valid,Valid,Fixation
1670925714.944376,,Mouse,133.0,51.333333333333336,,,Fixation
1670925714.957271,,Mouse,133.0,48.666666666666664,,,Fixation
1670925714.963629,,Eye Tracker,133.0,46.0,Valid,Valid,Fixation
1670925714.973927,,Eye Tracker,130.0,51.0,Valid,Valid,Fixation
1670925714.990581,,Mouse,132.0,49.333333333333336,,,Fixation
1670925715.007236,,Mouse,134.0,47.666666666666664,,,Fixation
1670925715.023891,,Eye Tracker,136.0,46.0,Valid,Valid,Fixation
1670925715.040545,,Mouse,144.5,33.0,,,Fixation
1670925715.04341,,Eye Tracker,153.0,20.0,Valid,Invalid,Fixation
1670925715.0572,,Mouse,156.5,18.5,,,Fixation
1670925715.063596,,Eye Tracker,160.0,17.0,Valid,Invalid,Fixation
1670925715.073855,,Mouse,160.5,14.5,,,Fixation
1670925715.074609,,Eye Tracker,161.0,12.0,Valid,Invalid,Fixation
1670925715.090509,,Mouse,143.0,9.5,,,Fixation
1670925715.093437,,Eye Tracker,125.0,7.0,Valid,Valid,Saccade
1670925715.1071641,,Mouse,128.0,14.0,,,Fixation
1670925715.114384,,Eye Tracker,131.0,21.0,Valid,Valid,Fixation
1670925715.123819,,Mouse,136.0,31.5,,,Fixation
1670925715.1404731,,Eye Tracker,141.0,42.0,Valid,Valid,Fixation
1670925715.157128,,Mouse,139.33333333333334,45.0,,,Fixation
1670925715.163638,,Mouse,137.66666666666666,48.0,,,Fixation
1670925715.173783,,Eye Tracker,136.0,51.0,Valid,Valid,Fixation
1670925715.183427,,Eye Tracker,136.0,55.0,Valid,Valid,Fixation
1670925715.190438,,Mouse,136.0,52.5,,,Fixation
1670925715.2044,,Eye Tracker,136.0,50.0,Valid,Valid,Fixation
1670925715.207092,,Mouse,131.5,55.5,,,Fixation
1670925715.223748,,Eye Tracker,127.0,61.0,Valid,Valid,Fixation
1670925715.224364,,Mouse,115.0,64.0,,,Saccade
1670925715.235538,,Eye Tracker,103.0,67.0,Valid,Valid,Saccade
1670925715.240403,,Mouse,91.0,67.5,,,Saccade
1670925715.254427,,Eye Tracker,79.0,68.0,Valid,Valid,Saccade
1670925715.257057,,Mouse,64.5,73.5,,,Saccade
1670925715.273712,,Eye Tracker,50.0,79.0,Valid,Valid,Saccade
1670925715.274481,,Eye Tracker,34.0,74.0,Valid,Valid,Fixation
1670925715.2853491,,Mouse,37.5,76.0,,,Fixation
1670925715.2903671,,Eye Tracker,41.0,78.0,Valid,Valid,Fixation
1670925715.3044841,,Mouse,52.0,84.0,,,Fixation
1670925715.3070211,,Eye Tracker,63.0,90.0,Valid,Valid,Fixation
1670925715.323676,,Mouse,65.5,92.0,,,Fixation
1670925715.334508,,Eye Tracker,68.0,94.0,Valid,Valid,Fixation
1670925715.340331,,Mouse,64.33333333333333,90.0,,,Fixation
1670925715.354309,,Mouse,60.666666666666664,86.0,,,Fixation
1670925715.356985,,Eye Tracker,57.0,82.0,Valid,Valid,Fixation
1670925715.365425,,Mouse,56.5,83.5,,,Fixation
1670925715.37364,,Eye Tracker,56.0,85.0,Valid,Valid,Fixation
1670925715.385644,,Mouse,56.5,87.0,,,Fixation
1670925715.390295,,Eye Tracker,57.0,89.0,Valid,Valid,Fixation
1670925715.406271,,Mouse,59.5,89.5,,,Fixation
1670925715.406949,,Eye Tracker,62.0,90.0,Valid,Valid,Fixation
1670925715.423604,,Eye Tracker,69.0,95.0,Valid,Valid,Fixation
1670925715.4353871,,Mouse,70.5,97.0,,,Fixation
1670925715.440259,,Eye Tracker,72.0,99.0,Valid,Valid,Fixation
1670925715.4566011,,Eye Tracker,89.0,115.0,Valid,Valid,Fixation
1670925715.456914,,Mouse,91.5,114.5,,,Fixation
1670925715.473568,,Eye Tracker,94.0,114.0,Valid,Valid,Fixation
1670925715.47536,,Mouse,90.33333333333333,111.0,,,Fixation
1670925715.4902241,,Mouse,86.66666666666667,108.0,,,Fixation
1670925715.506879,,Eye Tracker,83.0,105.0,Valid,Valid,Fixation
1670925715.523533,,Mouse,83.5,108.0,,,Fixation
1670925715.540188,,Eye Tracker,84.0,111.0,Valid,Valid,Fixation
1670925715.545478,,Mouse,86.0,113.5,,,Fixation
1670925715.556843,,Eye Tracker,88.0,116.0,Valid,Valid,Fixation
1670925715.573497,,Mouse,90.0,116.5,,,Fixation
1670925715.590152,,Eye Tracker,92.0,117.0,Valid,Valid,Fixation
1670925715.606807,,Mouse,99.0,120.66666666666667,,,Fixation
1670925715.623461,,Mouse,106.0,124.33333333333333,,,Fixation
1670925715.640116,,Eye Tracker,113.0,128.0,Valid,Valid,Fixation
1670925715.656771,,Eye Tracker,113.0,133.0,Valid,Valid,Fixation
1670925715.673425,,Mouse,107.0,128.5,,,Fixation
1670925715.69008,,Eye Tracker,101.0,124.0,Valid,Valid,Fixation
1670925715.7067351,,Mouse,101.5,126.0,,,Fixation
1670925715.72339,,Eye Tracker,102.0,128.0,Valid,Valid,Fixation
1670925715.740045,,Mouse,102.5,130.5,,,Fixation
1670925715.7567,,Eye Tracker,103.0,133.0,Valid,Valid,Fixation
1670925715.773355,,Mouse,103.0,134.0,,,Fixation
1670925715.790009,,Eye Tracker,103.0,135.0,Valid,Valid,Fixation
1670925715.806664,,Mouse,102.5,136.5,,,Fixation
1670925715.823319,,Eye Tracker,102.0,138.0,Valid,Valid,Fixation
1670925715.839973,,Eye Tracker,106.0,141.0,Valid,Valid,Fixation
1670925715.856628,,Eye Tracker,106.0,145.0,Valid,Valid,Fixation
1670925715.8732831,,Mouse,107.0,145.5,,,Fixation
1670925715.889937,,Eye Tracker,108.0,146.0,Valid,Valid,Fixation
1670925715.9065921,,Mouse,118.5,152.0,,,Fixation
1670925715.923247,,Eye Tracker,129.0,158.0,Valid,Valid,Fixation
1670925715.939901,,Mouse,128.0,160.0,,,Fixation
1670925715.956556,,Mouse,127.0,162.0,,,Fixation
1670925715.973211,,Eye Tracker,126.0,164.0,Valid,Valid,Fixation
1670925715.987619,,Mouse,120.5,162.0,,,Fixation
1670925715.989867,,Eye Tracker,115.0,160.0,Valid,Valid,Fixation
1670925716.006521,,Mouse,115.5,162.0,,,Fixation
1670925716.023176,,Eye Tracker,116.0,164.0,Valid,Valid,Fixation
1670925716.039831,,Eye Tracker,121.0,160.0,Valid,Valid,Fixation
1670925716.056485,,Eye Tracker,122.0,162.0,Valid,Valid,Fixation
1670925716.0731401,,Eye Tracker,124.0,159.0,Valid,Valid,Fixation
1670925716.089795,,Eye Tracker,125.0,160.0,Valid,Valid,Fixation
1670925716.1064491,,Mouse,126.66666666666667,161.0,,,Fixation
1670925716.123104,,Mouse,128.33333333333334,162.0,,,Fixation
1670925716.139759,,Eye Tracker,130.0,163.0,Valid,Valid,Fixation
1670925716.156413,,Eye Tracker,136.0,163.0,Valid,Valid,Fixation
1670925716.157384,,Eye Tracker,137.0,167.0,Valid,Valid,Fixation
1670925716.173068,,Eye Tracker,137.0,169.0,Valid,Valid,Fixation
1670925716.189723,,Eye Tracker,141.0,176.0,Valid,Valid,Fixation
1670925716.206377,,Eye Tracker,172.0,188.0,Valid,Valid,Saccade
1670925716.207513,,Eye Tracker,224.0,210.0,Valid,Valid,Saccade
1670925716.218367,,Eye Tracker,517.5,317.0,Invalid,Invalid,EyesNotFound
1670925716.223032,,Eye Tracker,811.0,424.0,Valid,Valid,Saccade
1670925716.2383611,,Eye Tracker,820.0,470.0,Valid,Valid,Saccade
1670925716.239687,,Eye Tracker,878.0,594.0,Valid,Valid,Saccade
1670925716.2563431,MouseEvent,,904.0,599.6666666666666,,,Saccade
1670925716.2729971,,Mouse,930.0,605.3333333333334,,,Saccade
1670925716.278376,,Eye Tracker,956.0,611.0,Valid,Valid,Saccade
1670925716.289652,,Eye Tracker,1128.0,662.0,Valid,Valid,Saccade
1670925716.306307,,Eye Tracker,1203.0,699.0,Valid,Valid,Saccade
1670925716.322961,,Eye Tracker,1295.0,746.0,Valid,Valid,Saccade
1670925716.339616,,Eye Tracker,1310.0,752.0,Valid,Valid,Fixation
1670925716.3494241,,Eye Tracker,1303.0,743.0,Valid,Valid,Fixation
1670925716.356271,,Eye Tracker,1304.0,741.0,Valid,Valid,Fixation
1670925716.372925,,Eye Tracker,1299.0,731.0,Valid,Valid,Fixation
1670925716.38958,,Eye Tracker,1298.0,725.0,Valid,Valid,Fixation
1670925716.406235,,Eye Tracker,1289.0,723.0,Valid,Valid,Fixation
1670925716.422889,,Eye Tracker,1291.0,724.0,Valid,Valid,Fixation
1670925716.430486,,Eye Tracker,1298.0,721.0,Valid,Valid,Fixation
1670925716.439544,,Eye Tracker,1288.0,728.0,Valid,Valid,Fixation
1670925716.449472,,Eye Tracker,1251.0,784.0,Valid,Valid,Saccade
1670925716.456199,,Eye Tracker,1241.0,808.0,Valid,Valid,Saccade
1670925716.470516,,Eye Tracker,1238.0,811.0,Valid,Valid,Unclassified
1670925716.472853,,Eye Tracker,1174.0,794.0,Valid,Valid,Saccade
1670925716.489433,,Eye Tracker,974.0,624.0,Valid,Valid,Saccade
1670925716.489508,,Eye Tracker,761.0,473.0,Valid,Valid,Saccade
1670925716.506164,,Eye Tracker,602.0,415.0,Valid,Valid,Saccade
1670925716.509555,,Eye Tracker,295.0,284.0,Valid,Valid,Saccade
1670925716.520478,,Mouse,305.5,292.0,,,Fixation
1670925716.522819,,Eye Tracker,316.0,300.0,Valid,Valid,Fixation
1670925716.539338,,Eye Tracker,329.0,315.0,Valid,Valid,Fixation
1670925716.539473,,Mouse,337.5,317.0,,,Fixation
1670925716.556128,,Eye Tracker,346.0,319.0,Valid,Valid,Fixation
1670925716.572783,,Mouse,348.5,318.5,,,Fixation
1670925716.589437,,Eye Tracker,351.0,318.0,Valid,Valid,Fixation
1670925716.606092,,Mouse,352.0,321.5,,,Fixation
1670925716.622747,,Eye Tracker,353.0,325.0,Valid,Valid,Fixation
1670925716.639401,,Eye Tracker,353.0,319.0,Valid,Valid,Fixation
1670925716.656056,,Mouse,348.5,318.5,,,Fixation
1670925716.6727111,,Eye Tracker,344.0,318.0,Valid,Valid,Fixation
1670925716.6893651,,Mouse,332.0,293.5,,,Saccade
1670925716.70602,,Eye Tracker,320.0,269.0,Valid,Valid,Saccade
1670925716.722675,,Mouse,290.0,237.0,,,Saccade
1670925716.739329,,Eye Tracker,260.0,205.0,Valid,Valid,Saccade
1670925716.755985,,Mouse,244.5,200.5,,,Saccade
1670925716.77264,,Eye Tracker,229.0,196.0,Valid,Valid,Saccade
1670925716.789295,,Eye Tracker,223.0,194.0,Valid,Valid,Fixation
1670925716.805949,,Mouse,222.66666666666666,192.66666666666666,,,Fixation
1670925716.822604,,Mouse,222.33333333333334,191.33333333333334,,,Fixation
1670925716.8392591,,Eye Tracker,222.0,190.0,Valid,Valid,Fixation
1670925716.855913,,Mouse,221.5,186.5,,,Fixation
1670925716.8725681,,Eye Tracker,221.0,183.0,Valid,Valid,Fixation
1670925716.889223,,Eye Tracker,227.0,190.0,Valid,Valid,Fixation
1670925716.905877,,Mouse,225.66666666666666,191.66666666666666,,,Fixation
1670925716.922532,,Mouse,224.33333333333334,193.33333333333334,,,Fixation
1670925716.939187,,Eye Tracker,223.0,195.0,Valid,Valid,Fixation
1670925716.955841,,Mouse,222.0,194.66666666666666,,,Fixation
1670925716.972496,,Mouse,221.0,194.33333333333334,,,Fixation
1670925716.989151,,Eye Tracker,220.0,194.0,Valid,Valid,Fixation
1670925717.005805,,Eye Tracker,226.0,200.0,Valid,Valid,Fixation
1670925717.011321,,Mouse,226.33333333333334,199.66666666666666,,,Fixation
1670925717.0214071,,Mouse,226.66666666666666,199.33333333333334,,,Fixation
1670925717.022461,,Eye Tracker,227.0,199.0,Valid,Valid,Fixation
1670925717.032377,,Mouse,225.5,198.0,,,Fixation
1670925717.0391161,,Eye Tracker,224.0,197.0,Valid,Valid,Fixation
1670925717.0514,,Eye Tracker,223.0,201.0,Valid,Valid,Fixation
1670925717.055771,,Mouse,222.0,199.0,,,Fixation
1670925717.0724251,,Eye Tracker,221.0,197.0,Valid,Valid,Fixation
1670925717.08908,,Mouse,220.33333333333334,196.33333333333334,,,Fixation
1670925717.105735,,Mouse,219.66666666666666,195.66666666666666,,,Fixation
1670925717.122389,,Eye Tracker,219.0,195.0,Valid,Valid,Fixation
1670925717.139044,,Mouse,221.0,199.0,,,Fixation
1670925717.155699,,Eye Tracker,223.0,203.0,Valid,Valid,Fixation
1670925717.172353,,Mouse,225.0,203.5,,,Fixation
1670925717.189008,,Eye Tracker,227.0,204.0,Valid,Valid,Fixation
1670925717.205663,,Eye Tracker,229.0,195.0,Valid,Valid,Fixation
1670925717.222317,,Mouse,228.33333333333334,195.66666666666666,,,Fixation
1670925717.238972,,Mouse,227.66666666666666,196.33333333333334,,,Fixation
1670925717.252403,,Eye Tracker,227.0,197.0,Valid,Valid,Fixation
1670925717.255627,,Mouse,224.5,194.5,,,Fixation
1670925717.2722821,,Eye Tracker,222.0,192.0,Valid,Valid,Fixation
1670925717.27236,,Mouse,221.5,191.5,,,Fixation
1670925717.2833931,,Eye Tracker,221.0,191.0,Valid,Valid,Fixation
1670925717.288937,,Mouse,222.0,192.5,,,Fixation
1670925717.293394,,Eye Tracker,223.0,194.0,Valid,Valid,Fixation
1670925717.305592,,Mouse,222.0,191.5,,,Fixation
1670925717.312378,,Eye Tracker,221.0,189.0,Valid,Valid,Fixation
1670925717.322247,,Mouse,220.5,188.5,,,Fixation
1670925717.323327,,Eye Tracker,220.0,188.0,Valid,Valid,Fixation
1670925717.333331,,Mouse,220.0,189.0,,,Fixation
1670925717.338901,,Eye Tracker,220.0,190.0,Valid,Valid,Fixation
1670925717.352376,,Mouse,220.5,191.5,,,Fixation
1670925717.355556,,Eye Tracker,221.0,193.0,Valid,Valid,Fixation
1670925717.372211,,Mouse,220.0,190.5,,,Fixation
1670925717.388865,,Eye Tracker,219.0,188.0,Valid,Valid,Fixation
1670925717.40552,,Eye Tracker,218.0,186.0,Valid,Valid,Fixation
1670925717.422175,,Mouse,217.33333333333334,186.33333333333334,,,Fixation
1670925717.438829,,Mouse,216.66666666666666,186.66666666666666,,,Fixation
1670925717.4434521,,Eye Tracker,216.0,187.0,Valid,Valid,Fixation
1670925717.454605,,Eye Tracker,211.0,179.0,Valid,Valid,Fixation
1670925717.455484,,Eye Tracker,211.0,181.0,Valid,Valid,Fixation
1670925717.4721391,,Mouse,211.0,181.0,,,Fixation
1670925717.473358,,Eye Tracker,211.0,181.0,Valid,Valid,Fixation
1670925717.4836051,,Mouse,211.0,177.5,,,Fixation
1670925717.4887931,,Eye Tracker,211.0,174.0,Valid,Valid,Fixation
1670925717.494386,,Mouse,210.5,173.0,,,Fixation
1670925717.504537,,Eye Tracker,210.0,172.0,Valid,Valid,Fixation
1670925717.505448,,Mouse,210.5,174.5,,,Fixation
1670925717.522104,,Eye Tracker,211.0,177.0,Valid,Valid,Fixation
1670925717.533371,,Eye Tracker,208.0,175.0,Valid,Valid,Fixation
1670925717.538758,,Mouse,209.0,173.66666666666666,,,Fixation
1670925717.555413,,Mouse,210.0,172.33333333333334,,,Fixation
1670925717.572068,,Eye Tracker,211.0,171.0,Valid,Valid,Fixation
1670925717.588723,,Mouse,209.0,169.0,,,Fixation
1670925717.605377,,Eye Tracker,207.0,167.0,Valid,Valid,Fixation
1670925717.613651,,Mouse,205.0,167.0,,,Fixation
1670925717.622032,,Eye Tracker,203.0,167.0,Valid,Valid,Fixation
1670925717.624357,,Mouse,207.5,168.5,,,Fixation
1670925717.6386871,,Eye Tracker,212.0,170.0,Valid,Valid,Fixation
1670925717.654993,,Eye Tracker,214.0,169.0,Valid,Valid,Fixation
1670925717.6553411,,Eye Tracker,202.0,171.0,Valid,Valid,Fixation
1670925717.671996,,Eye Tracker,202.0,167.0,Valid,Valid,Fixation
1670925717.688651,,Eye Tracker,202.0,166.0,Valid,Valid,Fixation
1670925717.693375,,Mouse,202.5,169.0,,,Fixation
1670925717.705305,,Eye Tracker,203.0,172.0,Valid,Valid,Fixation
1670925717.714613,,Mouse,206.5,170.5,,,Fixation
1670925717.72196,,Eye Tracker,210.0,169.0,Valid,Valid,Fixation
1670925717.73335,,Mouse,210.33333333333334,169.33333333333334,,,Fixation
1670925717.738615,,Mouse,210.66666666666666,169.66666666666666,,,Fixation
1670925717.743607,,Eye Tracker,211.0,170.0,Valid,Valid,Fixation
1670925717.7544281,,Eye Tracker,204.0,161.0,Valid,Valid,Fixation
1670925717.755269,,Mouse,204.5,159.5,,,Fixation
1670925717.764431,,Eye Tracker,205.0,158.0,Valid,Valid,Fixation
1670925717.771924,,Mouse,206.0,164.5,,,Fixation
1670925717.784354,,Eye Tracker,207.0,171.0,Valid,Valid,Fixation
1670925717.78858,,Mouse,206.5,174.0,,,Fixation
1670925717.79538,,Eye Tracker,206.0,177.0,Valid,Valid,Fixation
1670925717.805234,,Mouse,205.0,178.0,,,Fixation
1670925717.805635,,Eye Tracker,204.0,179.0,Valid,Valid,Fixation
1670925717.821889,,Mouse,202.0,178.5,,,Fixation
1670925717.82432,,Eye Tracker,200.0,178.0,Valid,Valid,Fixation
1670925717.835584,,Mouse,200.5,172.5,,,Fixation
1670925717.8385441,,Eye Tracker,201.0,167.0,Valid,Valid,Fixation
1670925717.855199,,Mouse,200.66666666666666,167.66666666666666,,,Fixation
1670925717.864382,,Mouse,200.33333333333334,168.33333333333334,,,Fixation
1670925717.871853,,Eye Tracker,200.0,169.0,Valid,Valid,Fixation
1670925717.874391,,Mouse,204.0,171.0,,,Fixation
1670925717.8853781,,Eye Tracker,208.0,173.0,Valid,Valid,Fixation
1670925717.888508,,Eye Tracker,209.0,166.0,Valid,Valid,Fixation
1670925717.904427,,Mouse,206.0,165.66666666666666,,,Fixation
1670925717.905163,,Mouse,203.0,165.33333333333334,,,Fixation
1670925717.91449,,Eye Tracker,200.0,165.0,Valid,Valid,Fixation
1670925717.921817,,Mouse,199.5,166.0,,,Fixation
1670925717.92536,,Eye Tracker,199.0,167.0,Valid,Valid,Fixation
1670925717.93555,,Eye Tracker,205.0,171.0,Valid,Valid,Fixation
1670925717.938472,,Mouse,205.5,168.0,,,Fixation
1670925717.955127,,Eye Tracker,206.0,165.0,Valid,Valid,Fixation
1670925717.95538,,Mouse,203.0,166.0,,,Fixation
1670925717.9663951,,Eye Tracker,200.0,167.0,Valid,Valid,Fixation
1670925717.97178,,Mouse,199.5,167.0,,,Fixation
1670925717.976499,,Eye Tracker,199.0,167.0,Valid,Valid,Fixation
1670925717.988435,,Mouse,196.0,164.5,,,Fixation
1670925717.995276,,Eye Tracker,193.0,162.0,Valid,Valid,Fixation
1670925718.00509,,Mouse,192.5,162.5,,,Fixation
1670925718.006413,,Eye Tracker,192.0,163.0,Valid,Valid,Fixation
1670925718.021744,,Mouse,193.5,167.0,,,Fixation
1670925718.025409,,Eye Tracker,195.0,171.0,Valid,Valid,Fixation
1670925718.035495,,Mouse,196.0,173.5,,,Fixation
1670925718.0384,,Eye Tracker,197.0,176.0,Valid,Valid,Fixation
1670925718.0550551,,Mouse,200.0,170.0,,,Fixation
1670925718.0654411,,Eye Tracker,203.0,164.0,Valid,Valid,Fixation
1670925718.071709,,Mouse,204.5,167.5,,,Fixation
1670925718.0883641,,Eye Tracker,206.0,171.0,Valid,Valid,Fixation
1670925718.105019,,Mouse,205.66666666666666,173.33333333333334,,,Fixation
1670925718.121674,,Mouse,205.33333333333334,175.66666666666666,,,Fixation
1670925718.136387,,Eye Tracker,205.0,178.0,Valid,Valid,Fixation
1670925718.138328,,Mouse,204.0,173.0,,,Fixation
1670925718.154983,,Eye Tracker,203.0,168.0,Valid,Valid,Fixation
1670925718.155284,,Eye Tracker,167.0,205.0,Valid,Valid,Saccade
1670925718.171638,,Mouse,157.5,219.0,,,Saccade
1670925718.176287,,Eye Tracker,148.0,233.0,Valid,Valid,Saccade
1670925718.186354,,Eye Tracker,148.0,243.0,Valid,Valid,Fixation
1670925718.188292,,Mouse,147.0,244.0,,,Fixation
1670925718.204947,,Eye Tracker,146.0,245.0,Valid,Valid,Fixation
1670925718.205353,,Mouse,144.5,244.0,,,Fixation
1670925718.221602,,Eye Tracker,143.0,243.0,Valid,Valid,Fixation
1670925718.226357,,Eye Tracker,141.0,246.0,Valid,Valid,Fixation
1670925718.238256,,Mouse,143.33333333333334,245.0,,,Fixation
1670925718.245374,,Mouse,145.66666666666666,244.0,,,Fixation
1670925718.254911,,Eye Tracker,148.0,243.0,Valid,Valid,Fixation
1670925718.266398,,Mouse,148.5,240.0,,,Fixation
1670925718.271566,,Eye Tracker,149.0,237.0,Valid,Valid,Fixation
1670925718.2863781,,Mouse,146.5,233.0,,,Fixation
1670925718.2882211,,Eye Tracker,144.0,229.0,Valid,Valid,Fixation
1670925718.296619,,Mouse,143.66666666666666,229.66666666666666,,,Fixation
1670925718.304876,,Mouse,143.33333333333334,230.33333333333334,,,Fixation
1670925718.3073971,,Eye Tracker,143.0,231.0,Valid,Valid,Fixation
1670925718.321531,,Mouse,144.0,235.5,,,Fixation
1670925718.326296,,Eye Tracker,145.0,240.0,Valid,Valid,Fixation
1670925718.338185,,Mouse,143.5,240.5,,,Fixation
1670925718.35484,,Eye Tracker,142.0,241.0,Valid,Valid,Fixation
1670925718.371495,,Mouse,142.5,240.0,,,Fixation
1670925718.386341,,Eye Tracker,143.0,239.0,Valid,Valid,Fixation
1670925718.38815,,Mouse,144.0,238.5,,,Fixation
1670925718.397374,,Eye Tracker,145.0,238.0,Valid,Valid,Fixation
1670925718.404804,,Mouse,145.5,232.5,,,Fixation
1670925718.416354,,Eye Tracker,146.0,227.0,Valid,Valid,Fixation
1670925718.421459,,Mouse,145.0,230.0,,,Fixation
1670925718.438114,,Eye Tracker,144.0,233.0,Valid,Valid,Fixation
1670925718.454768,,Mouse,144.33333333333334,234.66666666666666,,,Fixation
1670925718.4714231,,Mouse,144.66666666666666,236.33333333333334,,,Fixation
1670925718.488078,,Eye Tracker,145.0,238.0,Valid,Valid,Fixation
1670925718.488405,,Mouse,143.0,235.0,,,Fixation
1670925718.5047321,,Eye Tracker,141.0,232.0,Valid,Valid,Fixation
1670925718.507383,,Mouse,140.5,228.0,,,Fixation
1670925718.518363,,Eye Tracker,140.0,224.0,Valid,Valid,Fixation
1670925718.521387,,Mouse,141.0,222.5,,,Fixation
1670925718.528398,,Eye Tracker,142.0,221.0,Valid,Valid,Fixation
1670925718.538042,,Mouse,144.5,223.0,,,Fixation
1670925718.54735,,Eye Tracker,147.0,225.0,Valid,Valid,Fixation
1670925718.554697,,Mouse,147.0,225.0,,,Fixation
1670925718.557612,,Eye Tracker,147.0,225.0,Valid,Valid,Fixation
1670925718.571352,,Mouse,149.0,230.0,,,Fixation
1670925718.588006,,Eye Tracker,151.0,235.0,Valid,Valid,Fixation
1670925718.597449,,Mouse,166.5,245.5,,,Saccade
1670925718.60466,,Eye Tracker,182.0,256.0,Valid,Valid,Saccade
1670925718.608335,,Mouse,219.0,261.5,,,Saccade
1670925718.621316,,Eye Tracker,256.0,267.0,Valid,Valid,Saccade
1670925718.627361,,Mouse,262.5,261.0,,,Fixation
1670925718.637971,,Eye Tracker,269.0,255.0,Valid,Valid,Fixation
1670925718.6483521,,Mouse,269.0,255.0,,,Fixation
1670925718.6546261,,Eye Tracker,269.0,255.0,Valid,Valid,Fixation
1670925718.6712801,,Mouse,269.5,254.0,,,Fixation
1670925718.687934,,Eye Tracker,270.0,253.0,Valid,Valid,Fixation
1670925718.7045891,,Mouse,274.0,262.5,,,Fixation
1670925718.707384,,Eye Tracker,278.0,272.0,Valid,Valid,Fixation
1670925718.7212431,,Eye Tracker,278.0,272.0,Valid,Valid,Fixation
1670925718.728465,,Mouse,282.0,269.5,,,Fixation
1670925718.737898,,Eye Tracker,286.0,267.0,Valid,Valid,Fixation
1670925718.747378,,Mouse,285.0,271.5,,,Fixation
1670925718.754553,,Eye Tracker,284.0,276.0,Valid,Valid,Fixation
1670925718.757517,,Mouse,278.0,277.0,,,Fixation
1670925718.771207,,Eye Tracker,272.0,278.0,Valid,Valid,Fixation
1670925718.787862,,Mouse,273.0,276.5,,,Fixation
1670925718.788362,,Eye Tracker,274.0,275.0,Valid,Valid,Fixation
1670925718.804518,,Mouse,278.0,277.6666666666667,,,Fixation
1670925718.821172,,Mouse,282.0,280.3333333333333,,,Fixation
1670925718.829615,,Eye Tracker,286.0,283.0,Valid,Valid,Fixation
1670925718.837827,,Eye Tracker,290.0,290.0,Valid,Valid,Fixation
1670925718.854482,,Mouse,286.3333333333333,289.0,,,Fixation
1670925718.871136,,Mouse,282.6666666666667,288.0,,,Fixation
1670925718.887791,,Eye Tracker,279.0,287.0,Valid,Valid,Fixation
1670925718.9044461,,Eye Tracker,276.0,289.0,Valid,Valid,Fixation
1670925718.921101,,Mouse,302.0,301.0,,,Fixation
1670925718.937755,,Eye Tracker,328.0,313.0,Valid,Valid,Saccade
1670925718.95441,,Mouse,339.0,324.5,,,Saccade
1670925718.971065,,Eye Tracker,350.0,336.0,Valid,Valid,Saccade
1670925718.987719,,Mouse,440.5,386.5,,,Saccade
1670925719.000386,,Eye Tracker,531.0,437.0,Valid,Valid,Saccade
1670925719.004374,,Mouse,525.5,441.0,,,Fixation
1670925719.021029,,Eye Tracker,520.0,445.0,Valid,Valid,Fixation
1670925719.030431,,Mouse,523.0,453.5,,,Fixation
1670925719.037683,,Eye Tracker,526.0,462.0,Valid,Valid,Fixation
1670925719.054339,,Mouse,526.5,460.5,,,Fixation
1670925719.0709941,,Eye Tracker,527.0,459.0,Valid,Valid,Fixation
1670925719.087648,,Mouse,525.0,455.6666666666667,,,Fixation
1670925719.1043031,,Mouse,523.0,452.3333333333333,,,Fixation
1670925719.10967,,Eye Tracker,521.0,449.0,Valid,Valid,Fixation
1670925719.10967,,Mouse,520.0,447.5,,,Fixation
1670925719.120958,,Eye Tracker,519.0,446.0,Valid,Valid,Fixation
1670925719.137612,,Mouse,512.0,442.0,,,Fixation
1670925719.154267,,Eye Tracker,505.0,438.0,Valid,Valid,Fixation
1670925719.170922,,Mouse,505.6666666666667,437.6666666666667,,,Fixation
1670925719.187577,,Mouse,506.3333333333333,437.3333333333333,,,Fixation
1670925719.204231,,Eye Tracker,507.0,437.0,Valid,Valid,Fixation
1670925719.220886,,Mouse,507.5,438.5,,,Fixation
1670925719.229531,,Eye Tracker,508.0,440.0,Valid,Valid,Fixation
1670925719.237541,,Mouse,507.5,440.0,,,Fixation
1670925719.240402,,Eye Tracker,507.0,440.0,Valid,Valid,Fixation
1670925719.254195,,Mouse,510.5,437.5,,,Fixation
1670925719.259594,,Eye Tracker,514.0,435.0,Valid,Valid,Fixation
1670925719.27085,,Mouse,515.0,435.5,,,Fixation
1670925719.279326,,Eye Tracker,516.0,436.0,Valid,Valid,Fixation
1670925719.287505,,Eye Tracker,512.0,435.0,Valid,Valid,Fixation
1670925719.29058,,Mouse,509.5,432.5,,,Fixation
1670925719.304159,,Eye Tracker,507.0,430.0,Valid,Valid,Fixation
1670925719.310385,,Mouse,507.0,429.0,,,Fixation
1670925719.3208141,,Mouse,507.0,428.0,,,Fixation
1670925719.337469,,Eye Tracker,507.0,427.0,Valid,Valid,Fixation
1670925719.341353,,Eye Tracker,513.0,419.0,Valid,Valid,Fixation
1670925719.354123,,Mouse,526.3333333333334,420.3333333333333,,,Fixation
1670925719.360454,,Mouse,539.6666666666666,421.6666666666667,,,Saccade
1670925719.370778,,Eye Tracker,553.0,423.0,Valid,Valid,Saccade
1670925719.371372,,Mouse,644.0,478.0,,,Saccade
1670925719.387433,,Eye Tracker,735.0,533.0,Valid,Valid,Saccade
1670925719.390499,,Eye Tracker,765.0,566.0,Valid,Valid,Saccade
1670925719.404087,,Mouse,771.5,567.0,,,Fixation
1670925719.41036,,Eye Tracker,778.0,568.0,Valid,Valid,Fixation
1670925719.420742,,Mouse,778.6666666666666,567.3333333333334,,,Fixation
1670925719.421384,,Mouse,779.3333333333334,566.6666666666666,,,Fixation
1670925719.437397,,Eye Tracker,780.0,566.0,Valid,Valid,Fixation
1670925719.440377,,Eye Tracker,771.0,568.0,Valid,Valid,Fixation
1670925719.454052,,Mouse,769.0,566.3333333333334,,,Fixation
1670925719.461389,,Mouse,767.0,564.6666666666666,,,Fixation
1670925719.470706,,Eye Tracker,765.0,563.0,Valid,Valid,Fixation
1670925719.471393,,Mouse,766.0,564.5,,,Fixation
1670925719.4814231,,Eye Tracker,767.0,566.0,Valid,Valid,Fixation
1670925719.487361,,Mouse,765.0,566.5,,,Fixation
1670925719.49156,,Eye Tracker,763.0,567.0,Valid,Valid,Fixation
1670925719.502377,,Mouse,761.5,568.0,,,Fixation
1670925719.504016,,Eye Tracker,760.0,569.0,Valid,Valid,Fixation
1670925719.52067,,Mouse,759.3333333333334,568.0,,,Fixation
1670925719.521298,,Mouse,758.6666666666666,567.0,,,Fixation
1670925719.531332,,Eye Tracker,758.0,566.0,Valid,Valid,Fixation
1670925719.5373251,,Mouse,760.0,569.5,,,Fixation
1670925719.54235,,Eye Tracker,762.0,573.0,Valid,Valid,Fixation
1670925719.5524101,,Mouse,762.0,574.0,,,Fixation
1670925719.55398,,Eye Tracker,762.0,575.0,Valid,Valid,Fixation
1670925719.570635,,Mouse,759.5,574.5,,,Fixation
1670925719.571306,,Eye Tracker,757.0,574.0,Valid,Valid,Fixation
1670925719.5823681,,Mouse,757.5,574.5,,,Fixation
1670925719.58729,,Eye Tracker,758.0,575.0,Valid,Valid,Fixation
1670925719.601376,,Mouse,758.0,576.5,,,Fixation
1670925719.603945,,Eye Tracker,758.0,578.0,Valid,Valid,Fixation
1670925719.620599,,Mouse,759.5,578.5,,,Fixation
1670925719.621601,,Eye Tracker,761.0,579.0,Valid,Valid,Fixation
1670925719.6323671,,Mouse,762.0,574.0,,,Fixation
1670925719.637254,,Eye Tracker,763.0,569.0,Valid,Valid,Fixation
1670925719.651335,,Mouse,789.0,580.5,,,Saccade
1670925719.653909,,Eye Tracker,815.0,592.0,Valid,Valid,Saccade
1670925719.661376,,Mouse,865.0,617.0,,,Saccade
1670925719.670563,,Eye Tracker,915.0,642.0,Valid,Valid,Saccade
1670925719.672323,,Eye Tracker,1091.0,718.0,Valid,Valid,Saccade
1670925719.682364,,Mouse,1126.0,731.0,,,Saccade
1670925719.687218,,Eye Tracker,1161.0,744.0,Valid,Valid,Saccade
1670925719.7013311,,Mouse,1161.5,749.5,,,Saccade
1670925719.703873,,Eye Tracker,1162.0,755.0,Valid,Valid,Fixation
1670925719.712344,,Mouse,1159.0,756.0,,,Fixation
1670925719.7205281,,Eye Tracker,1156.0,757.0,Valid,Valid,Fixation
1670925719.722457,,Mouse,1155.5,760.0,,,Fixation
1670925719.7371821,,Eye Tracker,1155.0,763.0,Valid,Valid,Fixation
1670925719.741314,,Mouse,1154.5,761.0,,,Fixation
1670925719.752351,,Eye Tracker,1154.0,759.0,Valid,Valid,Fixation
1670925719.753837,,Mouse,1151.0,758.5,,,Fixation
1670925719.762658,,Eye Tracker,1148.0,758.0,Valid,Valid,Fixation
1670925719.770492,,Mouse,1147.5,756.5,,,Fixation
1670925719.781365,,Eye Tracker,1147.0,755.0,Valid,Valid,Fixation
1670925719.787146,,Eye Tracker,1147.0,745.0,Valid,Valid,Fixation
1670925719.791367,,Mouse,1145.5,747.0,,,Fixation
1670925719.802377,,Eye Tracker,1144.0,749.0,Valid,Valid,Fixation
1670925719.803801,,Mouse,1129.3333333333333,734.6666666666666,,,Fixation
1670925719.820457,,Mouse,1114.6666666666667,720.3333333333334,,,Saccade
1670925719.82241,,Eye Tracker,1100.0,706.0,Valid,Valid,Saccade
1670925719.83711,,Mouse,1070.5,677.5,,,Saccade
1670925719.843363,,Eye Tracker,1041.0,649.0,Valid,Valid,Saccade
1670925719.853418,,Mouse,1023.3333333333334,622.0,,,Saccade
1670925719.853765,,Mouse,1005.6666666666666,595.0,,,Saccade
1670925719.87042,,Eye Tracker,988.0,568.0,Valid,Valid,Saccade
1670925719.872322,,Mouse,986.5,561.0,,,Fixation
1670925719.883402,,Eye Tracker,985.0,554.0,Valid,Valid,Fixation
1670925719.887074,,Mouse,984.5,552.0,,,Fixation
1670925719.8934681,,Eye Tracker,984.0,550.0,Valid,Valid,Fixation
1670925719.903729,,Mouse,986.5,553.5,,,Fixation
1670925719.9123251,,Eye Tracker,989.0,557.0,Valid,Valid,Fixation
1670925719.920384,,Mouse,992.5,562.0,,,Fixation
1670925719.92339,,Eye Tracker,996.0,567.0,Valid,Valid,Fixation
1670925719.937038,,Eye Tracker,996.0,567.0,Valid,Valid,Fixation
1670925719.942353,,Mouse,995.0,567.5,,,Fixation
1670925719.9525511,,Eye Tracker,994.0,568.0,Valid,Valid,Fixation
1670925719.953694,,Mouse,994.0,571.5,,,Fixation
1670925719.970349,,Eye Tracker,994.0,575.0,Valid,Valid,Fixation
1670925719.973359,,Mouse,996.0,575.5,,,Fixation
1670925719.987004,,Eye Tracker,998.0,576.0,Valid,Valid,Fixation
1670925719.99346,,Mouse,998.0,577.0,,,Fixation
1670925720.003658,,Eye Tracker,998.0,578.0,Valid,Valid,Fixation
1670925720.01463,,Mouse,978.0,573.5,,,Saccade
1670925720.020313,,Eye Tracker,958.0,569.0,Valid,Valid,Saccade
1670925720.033345,,Eye Tracker,877.0,538.0,Valid,Valid,Saccade
1670925720.036968,,Mouse,845.0,532.3333333333334,,,Saccade
1670925720.043351,,Mouse,813.0,526.6666666666666,,,Saccade
1670925720.053622,,Eye Tracker,781.0,521.0,Valid,Valid,Saccade
1670925720.054348,,Mouse,773.5,520.0,,,Fixation
1670925720.064356,,Eye Tracker,766.0,519.0,Valid,Valid,Fixation
1670925720.070277,,Eye Tracker,768.0,507.0,Valid,Valid,Fixation
1670925720.083399,,Mouse,769.0,506.6666666666667,,,Fixation
1670925720.086932,,Mouse,770.0,506.3333333333333,,,Fixation
1670925720.094345,,Eye Tracker,771.0,506.0,Valid,Valid,Fixation
1670925720.103586,,Mouse,775.5,505.0,,,Fixation
1670925720.113369,,Eye Tracker,780.0,504.0,Valid,Valid,Fixation
1670925720.120241,,Mouse,782.0,506.0,,,Fixation
1670925720.133341,,Eye Tracker,784.0,508.0,Valid,Valid,Fixation
1670925720.1368961,,Mouse,784.6666666666666,510.6666666666667,,,Fixation
1670925720.144418,,Mouse,785.3333333333334,513.3333333333334,,,Fixation
1670925720.1535501,,Eye Tracker,786.0,516.0,Valid,Valid,Fixation
1670925720.1633651,,Mouse,788.0,517.5,,,Fixation
1670925720.170205,,Eye Tracker,790.0,519.0,Valid,Valid,Fixation
1670925720.184314,,Mouse,790.0,521.0,,,Fixation
1670925720.18686,,Eye Tracker,790.0,523.0,Valid,Valid,Fixation
1670925720.194314,,Mouse,790.0,521.5,,,Fixation
1670925720.203514,,Eye Tracker,790.0,520.0,Valid,Valid,Fixation
1670925720.213377,,Mouse,787.5,525.0,,,Fixation
1670925720.220169,,Eye Tracker,785.0,530.0,Valid,Valid,Fixation
1670925720.236824,,Eye Tracker,765.0,525.0,Valid,Valid,Fixation
1670925720.253479,,Mouse,745.0,513.0,,,Fixation
1670925720.270133,,Eye Tracker,725.0,501.0,Valid,Valid,Saccade
1670925720.286788,,Mouse,716.0,499.0,,,Saccade
1670925720.303443,,Mouse,707.0,497.0,,,Saccade
1670925720.320097,,Eye Tracker,698.0,495.0,Valid,Valid,Saccade
1670925720.3367531,,Mouse,696.0,488.5,,,Fixation
1670925720.353408,,Eye Tracker,694.0,482.0,Valid,Valid,Fixation
1670925720.370062,,Mouse,696.5,481.0,,,Fixation
1670925720.386717,,Eye Tracker,699.0,480.0,Valid,Valid,Fixation
1670925720.3953621,,Mouse,700.0,479.5,,,Fixation
1670925720.403372,,Eye Tracker,701.0,479.0,Valid,Valid,Fixation
1670925720.405375,,Eye Tracker,705.0,483.0,Valid,Valid,Fixation
1670925720.420026,,Mouse,706.3333333333334,481.6666666666667,,,Fixation
1670925720.436681,,Mouse,707.6666666666666,480.3333333333333,,,Fixation
1670925720.453336,,Eye Tracker,709.0,479.0,Valid,Valid,Fixation
1670925720.454528,,Eye Tracker,711.0,484.0,Valid,Valid,Fixation
1670925720.46999,,Mouse,713.0,486.0,,,Fixation
1670925720.474348,,Eye Tracker,715.0,488.0,Valid,Valid,Fixation
1670925720.485498,,Mouse,723.3333333333334,486.3333333333333,,,Fixation
1670925720.486645,,Mouse,731.6666666666666,484.6666666666667,,,Saccade
1670925720.5033,,Eye Tracker,740.0,483.0,Valid,Valid,Saccade
1670925720.515527,,Mouse,811.0,500.5,,,Saccade
1670925720.519955,,Eye Tracker,882.0,518.0,Valid,Valid,Saccade
1670925720.526345,,Mouse,891.0,521.5,,,Fixation
1670925720.5363731,,Eye Tracker,900.0,525.0,Valid,Valid,Fixation
1670925720.536609,,Mouse,907.5,522.5,,,Fixation
1670925720.5532641,,Eye Tracker,915.0,520.0,Valid,Valid,Fixation
1670925720.566271,,Eye Tracker,912.0,523.0,Valid,Valid,Fixation
1670925720.569919,,Mouse,912.3333333333334,523.0,,,Fixation
1670925720.576377,,Mouse,912.6666666666666,523.0,,,Fixation
1670925720.5865731,,Eye Tracker,913.0,523.0,Valid,Valid,Fixation
1670925720.595311,,Mouse,911.0,521.5,,,Fixation
1670925720.603228,,Eye Tracker,909.0,520.0,Valid,Valid,Fixation
1670925720.616314,,Mouse,906.0,517.5,,,Fixation
1670925720.619883,,Eye Tracker,903.0,515.0,Valid,Valid,Fixation
1670925720.6353621,,Mouse,902.5,515.0,,,Fixation
1670925720.636537,,Eye Tracker,902.0,515.0,Valid,Valid,Fixation
1670925720.653192,,Mouse,899.0,518.0,,,Fixation
1670925720.669847,,Eye Tracker,896.0,521.0,Valid,Valid,Fixation
1670925720.686501,,Mouse,898.5,520.0,,,Fixation
1670925720.703156,,Eye Tracker,901.0,519.0,Valid,Valid,Fixation
1670925720.715339,,Mouse,898.5,519.5,,,Fixation
1670925720.719811,,Eye Tracker,896.0,520.0,Valid,Valid,Fixation
1670925720.725393,,Mouse,895.6666666666666,520.3333333333334,,,Fixation
1670925720.736291,,Mouse,895.3333333333334,520.6666666666666,,,Fixation
1670925720.736466,,Eye Tracker,895.0,521.0,Valid,Valid,Fixation
1670925720.7531211,,Eye Tracker,901.0,515.0,Valid,Valid,Fixation
1670925720.755254,,Mouse,904.0,515.0,,,Fixation
1670925720.765259,,Eye Tracker,907.0,515.0,Valid,Valid,Fixation
1670925720.769776,,Mouse,907.6666666666666,515.3333333333334,,,Fixation
1670925720.7764351,,Mouse,908.3333333333334,515.6666666666666,,,Fixation
1670925720.786431,,Eye Tracker,909.0,516.0,Valid,Valid,Fixation
1670925720.795295,,Eye Tracker,910.0,515.0,Valid,Valid,Fixation
1670925720.803085,,Mouse,909.0,513.6666666666666,,,Fixation
1670925720.8054311,,Mouse,908.0,512.3333333333334,,,Fixation
1670925720.815624,,Eye Tracker,907.0,511.0,Valid,Valid,Fixation
1670925720.819739,,Mouse,909.0,511.5,,,Fixation
1670925720.836344,,Eye Tracker,911.0,512.0,Valid,Valid,Fixation
1670925720.836395,,Mouse,912.5,513.5,,,Fixation
1670925720.846386,,Eye Tracker,914.0,515.0,Valid,Valid,Fixation
1670925720.853049,,Mouse,915.0,514.0,,,Fixation
1670925720.869704,,Eye Tracker,916.0,513.0,Valid,Valid,Fixation
1670925720.877626,,Mouse,920.0,515.5,,,Fixation
1670925720.886359,,Eye Tracker,924.0,518.0,Valid,Valid,Fixation
1670925720.896352,,Mouse,925.5,517.0,,,Fixation
1670925720.903013,,Eye Tracker,927.0,516.0,Valid,Valid,Fixation
1670925720.919668,,Mouse,926.5,511.0,,,Fixation
1670925720.936323,,Eye Tracker,926.0,506.0,Valid,Valid,Fixation
1670925720.952977,,Mouse,926.0,508.0,,,Fixation
1670925720.9696321,,Eye Tracker,926.0,510.0,Valid,Valid,Fixation
1670925720.986287,,Mouse,927.5,513.0,,,Fixation
1670925720.9864361,,Eye Tracker,929.0,516.0,Valid,Valid,Fixation
1670925720.997359,,Mouse,931.0,518.5,,,Fixation
1670925721.0029411,,Eye Tracker,933.0,521.0,Valid,Valid,Fixation
1670925721.007551,,Mouse,935.5,523.0,,,Fixation
1670925721.019596,,Eye Tracker,938.0,525.0,Valid,Valid,Fixation
1670925721.027348,,Mouse,939.0,522.5,,,Fixation
1670925721.036251,,Eye Tracker,940.0,520.0,Valid,Valid,Fixation
1670925721.0383751,,Mouse,930.5,535.5,,,Saccade
1670925721.052906,,Eye Tracker,921.0,551.0,Valid,Valid,Saccade
1670925721.0573661,,Mouse,913.5,557.5,,,Fixation
1670925721.067382,,Eye Tracker,906.0,564.0,Valid,Valid,Fixation
1670925721.06956,,Mouse,910.0,570.0,,,Fixation
1670925721.078644,,Eye Tracker,914.0,576.0,Valid,Valid,Fixation
1670925721.086215,,Mouse,913.5,578.5,,,Fixation
1670925721.097335,,Eye Tracker,913.0,581.0,Valid,Valid,Fixation
1670925721.10287,,Mouse,909.0,585.5,,,Fixation
1670925721.107356,,Eye Tracker,905.0,590.0,Valid,Valid,Fixation
1670925721.118388,,Mouse,905.0,588.0,,,Fixation
1670925721.119524,,Eye Tracker,905.0,586.0,Valid,Valid,Fixation
1670925721.136179,,Mouse,908.0,582.5,,,Fixation
1670925721.137574,,Eye Tracker,911.0,579.0,Valid,Valid,Fixation
1670925721.152834,,Mouse,911.6666666666666,580.3333333333334,,,Fixation
1670925721.169488,,Mouse,912.3333333333334,581.6666666666666,,,Fixation
1670925721.186143,,Eye Tracker,913.0,583.0,Valid,Valid,Fixation
1670925721.2027981,,Eye Tracker,922.0,575.0,Valid,Valid,Fixation
1670925721.218583,,Mouse,923.3333333333334,576.0,,,Fixation
1670925721.2194521,,Mouse,924.6666666666666,577.0,,,Fixation
1670925721.236107,,Eye Tracker,926.0,578.0,Valid,Valid,Fixation
1670925721.237389,,Eye Tracker,920.0,582.0,Valid,Valid,Fixation
1670925721.248574,,Mouse,921.5,585.0,,,Fixation
1670925721.252762,,Eye Tracker,923.0,588.0,Valid,Valid,Fixation
1670925721.267344,,Mouse,925.0,586.3333333333334,,,Fixation
1670925721.269417,,Mouse,927.0,584.6666666666666,,,Fixation
1670925721.27735,,Eye Tracker,929.0,583.0,Valid,Valid,Fixation
1670925721.286072,,Mouse,928.0,585.5,,,Fixation
1670925721.288346,,Eye Tracker,927.0,588.0,Valid,Valid,Fixation
1670925721.302727,,Mouse,926.5,589.5,,,Fixation
1670925721.307524,,Eye Tracker,926.0,591.0,Valid,Valid,Fixation
1670925721.319382,,Mouse,928.6666666666666,590.3333333333334,,,Fixation
1670925721.3273401,,Mouse,931.3333333333334,589.6666666666666,,,Fixation
1670925721.336036,,Eye Tracker,934.0,589.0,Valid,Valid,Fixation
1670925721.338389,,Eye Tracker,956.0,589.0,Valid,Valid,Saccade
1670925721.352691,,Mouse,960.3333333333334,586.3333333333334,,,Saccade
1670925721.3583531,,Mouse,964.6666666666666,583.6666666666666,,,Fixation
1670925721.3693461,,Eye Tracker,969.0,581.0,Valid,Valid,Fixation
1670925721.379379,,Mouse,971.5,577.0,,,Fixation
1670925721.386,,Eye Tracker,974.0,573.0,Valid,Valid,Fixation
1670925721.39841,,Mouse,973.5,572.5,,,Fixation
1670925721.4026551,,Eye Tracker,973.0,572.0,Valid,Valid,Fixation
1670925721.408597,,Mouse,974.0,574.5,,,Fixation
1670925721.41931,,Eye Tracker,975.0,577.0,Valid,Valid,Fixation
1670925721.419389,,Mouse,975.0,577.5,,,Fixation
1670925721.435964,,Eye Tracker,975.0,578.0,Valid,Valid,Fixation
1670925721.448391,,Mouse,975.0,578.0,,,Fixation
1670925721.452619,,Eye Tracker,975.0,578.0,Valid,Valid,Fixation
1670925721.459379,,Mouse,976.0,577.5,,,Fixation
1670925721.469274,,Eye Tracker,977.0,577.0,Valid,Valid,Fixation
1670925721.485928,,Mouse,981.6666666666666,580.0,,,Fixation
1670925721.4883811,,Mouse,986.3333333333334,583.0,,,Fixation
1670925721.502583,,Eye Tracker,991.0,586.0,Valid,Valid,Fixation
1670925721.509748,,Eye Tracker,1027.0,586.0,Valid,Valid,Saccade
1670925721.519238,,Mouse,1057.0,583.5,,,Saccade
1670925721.535892,,Eye Tracker,1087.0,581.0,Valid,Valid,Saccade
1670925721.550311,,Mouse,1092.3333333333333,577.3333333333334,,,Saccade
1670925721.552547,,Mouse,1097.6666666666667,573.6666666666666,,,Fixation
1670925721.569202,,Eye Tracker,1103.0,570.0,Valid,Valid,Fixation
1670925721.569523,,Eye Tracker,1105.0,562.0,Valid,Valid,Fixation
1670925721.585857,,Mouse,1104.3333333333333,563.0,,,Fixation
1670925721.590495,,Mouse,1103.6666666666667,564.0,,,Fixation
1670925721.600625,,Eye Tracker,1103.0,565.0,Valid,Valid,Fixation
1670925721.6025121,,Mouse,1104.5,564.0,,,Fixation
1670925721.619167,,Eye Tracker,1106.0,563.0,Valid,Valid,Fixation
1670925721.61935,,Mouse,1104.5,565.0,,,Fixation
1670925721.630332,,Eye Tracker,1103.0,567.0,Valid,Valid,Fixation
1670925721.635822,,Mouse,1103.5,568.0,,,Fixation
1670925721.640615,,Eye Tracker,1104.0,569.0,Valid,Valid,Fixation
1670925721.652476,,Mouse,1104.6666666666667,568.0,,,Fixation
1670925721.659349,,Mouse,1105.3333333333333,567.0,,,Fixation
1670925721.669131,,Eye Tracker,1106.0,566.0,Valid,Valid,Fixation
1670925721.670496,,Eye Tracker,1105.0,560.0,Valid,Valid,Fixation
1670925721.685786,,Mouse,1105.0,557.5,,,Fixation
1670925721.6893501,,Eye Tracker,1105.0,555.0,Valid,Valid,Fixation
1670925721.70244,,Eye Tracker,1105.0,560.0,Valid,Valid,Fixation
1670925721.7093341,,Eye Tracker,1105.0,566.0,Valid,Valid,Fixation
1670925721.719094,,Mouse,1103.5,565.5,,,Fixation
1670925721.720355,,Eye Tracker,1102.0,565.0,Valid,Valid,Fixation
1670925721.730384,,Mouse,1101.6666666666667,563.3333333333334,,,Fixation
1670925721.735749,,Mouse,1101.3333333333333,561.6666666666666,,,Fixation
1670925721.752403,,Eye Tracker,1101.0,560.0,Valid,Valid,Fixation
1670925721.760349,,Eye Tracker,1103.0,554.0,Valid,Valid,Fixation
1670925721.769058,,Mouse,1103.3333333333333,553.3333333333334,,,Fixation
1670925721.7704911,,Mouse,1103.6666666666667,552.6666666666666,,,Fixation
1670925721.785713,,Eye Tracker,1104.0,552.0,Valid,Valid,Fixation
1670925721.789342,,Mouse,1106.5,553.5,,,Fixation
1670925721.800609,,Eye Tracker,1109.0,555.0,Valid,Valid,Fixation
1670925721.802368,,Mouse,1107.5,558.5,,,Fixation
1670925721.8190231,,Eye Tracker,1106.0,562.0,Valid,Valid,Fixation
1670925721.819343,,Mouse,1103.0,558.5,,,Fixation
1670925721.835678,,Eye Tracker,1100.0,555.0,Valid,Valid,Fixation
1670925721.839312,,Mouse,1102.0,552.5,,,Fixation
1670925721.8503501,,Eye Tracker,1104.0,550.0,Valid,Valid,Fixation
1670925721.852333,,Mouse,1105.0,553.5,,,Fixation
1670925721.860583,,Eye Tracker,1106.0,557.0,Valid,Valid,Fixation
1670925721.868987,,Mouse,1107.5,555.5,,,Fixation
1670925721.870613,,Eye Tracker,1109.0,554.0,Valid,Valid,Fixation
1670925721.885642,,Mouse,1103.3333333333333,560.0,,,Fixation
1670925721.891364,,Mouse,1097.6666666666667,566.0,,,Fixation
1670925721.901483,,Eye Tracker,1092.0,572.0,Valid,Valid,Fixation
1670925721.902297,,Eye Tracker,1074.0,586.0,Valid,Valid,Saccade
1670925721.918951,,Mouse,1073.6666666666667,587.0,,,Saccade
1670925721.920341,,Mouse,1073.3333333333333,588.0,,,Fixation
1670925721.931299,,Eye Tracker,1073.0,589.0,Valid,Valid,Fixation
1670925721.935606,,Mouse,1073.5,589.0,,,Fixation
1670925721.941376,,Eye Tracker,1074.0,589.0,Valid,Valid,Fixation
1670925721.952261,,Eye Tracker,1080.0,591.0,Valid,Valid,Fixation
1670925721.9603271,,Mouse,1080.5,590.0,,,Fixation
1670925721.968915,,Eye Tracker,1081.0,589.0,Valid,Valid,Fixation
1670925721.971308,,Mouse,1079.5,589.0,,,Fixation
1670925721.98557,,Eye Tracker,1078.0,589.0,Valid,Valid,Fixation
1670925721.990336,,Eye Tracker,1075.0,597.0,Valid,Valid,Fixation
1670925722.000451,,Eye Tracker,1075.0,595.0,Valid,Valid,Fixation
1670925722.002225,,Mouse,1074.0,592.5,,,Fixation
1670925722.011306,,Eye Tracker,1073.0,590.0,Valid,Valid,Fixation
1670925722.018879,,Eye Tracker,1068.0,584.0,Valid,Valid,Fixation
1670925722.021362,,Mouse,1068.0,585.0,,,Fixation
1670925722.0355341,,Eye Tracker,1068.0,586.0,Valid,Valid,Fixation
1670925722.041573,,Mouse,1064.0,602.0,,,Fixation
1670925722.052189,,Eye Tracker,1060.0,618.0,Valid,Valid,Saccade
1670925722.062365,,Eye Tracker,1064.0,630.0,Valid,Valid,Fixation
1670925722.068844,,Mouse,1063.0,629.0,,,Fixation
1670925722.081341,,Eye Tracker,1062.0,628.0,Valid,Valid,Fixation
1670925722.085499,,Eye Tracker,1056.0,632.0,Valid,Valid,Fixation
1670925722.091358,,Mouse,1057.6666666666667,634.3333333333334,,,Fixation
1670925722.102154,,Mouse,1059.3333333333333,636.6666666666666,,,Fixation
1670925722.10233,,Eye Tracker,1061.0,639.0,Valid,Valid,Fixation
1670925722.1123521,,Mouse,1061.0,637.0,,,Fixation
1670925722.118809,,Eye Tracker,1061.0,635.0,Valid,Valid,Fixation
1670925722.131378,,Eye Tracker,1063.0,624.0,Valid,Valid,Fixation
1670925722.135463,,Mouse,1064.0,624.0,,,Fixation
1670925722.142376,,Eye Tracker,1065.0,624.0,Valid,Valid,Fixation
1670925722.152118,,Mouse,1064.0,627.3333333333334,,,Fixation
1670925722.1613061,,Mouse,1063.0,630.6666666666666,,,Fixation
1670925722.168773,,Eye Tracker,1062.0,634.0,Valid,Valid,Fixation
1670925722.171313,,Mouse,1063.0,635.5,,,Fixation
1670925722.182358,,Eye Tracker,1064.0,637.0,Valid,Valid,Fixation
1670925722.185427,,Mouse,1065.5,635.0,,,Fixation
1670925722.192365,,Eye Tracker,1067.0,633.0,Valid,Valid,Fixation
1670925722.202082,,Mouse,1067.5,632.0,,,Fixation
1670925722.211349,,Eye Tracker,1068.0,631.0,Valid,Valid,Fixation
1670925722.2187371,,Mouse,1066.0,630.0,,,Fixation
1670925722.221364,,Eye Tracker,1064.0,629.0,Valid,Valid,Fixation
1670925722.232454,,Mouse,1064.5,631.0,,,Fixation
1670925722.2353911,,Eye Tracker,1065.0,633.0,Valid,Valid,Fixation
1670925722.25135,,Mouse,1067.5,632.0,,,Fixation
1670925722.252046,,Eye Tracker,1070.0,631.0,Valid,Valid,Fixation
1670925722.268701,,Mouse,1070.0,630.0,,,Fixation
1670925722.272352,,Eye Tracker,1070.0,629.0,Valid,Valid,Fixation
1670925722.282372,,Mouse,1070.5,631.0,,,Fixation
1670925722.285355,,Eye Tracker,1071.0,633.0,Valid,Valid,Fixation
1670925722.301318,,Mouse,1070.5,633.0,,,Fixation
1670925722.30201,,Eye Tracker,1070.0,633.0,Valid,Valid,Fixation
1670925722.312324,,Mouse,1071.5,630.0,,,Fixation
1670925722.318665,,Eye Tracker,1073.0,627.0,Valid,Valid,Fixation
1670925722.322586,,Mouse,1077.0,631.3333333333334,,,Fixation
1670925722.335319,,Mouse,1081.0,635.6666666666666,,,Fixation
1670925722.34137,,Eye Tracker,1085.0,640.0,Valid,Valid,Fixation
1670925722.351974,,Mouse,1099.5,657.0,,,Saccade
1670925722.3523211,,Eye Tracker,1114.0,674.0,Valid,Valid,Saccade
1670925722.3623781,,Eye Tracker,1121.0,680.0,Valid,Valid,Fixation
1670925722.368629,,Mouse,1121.5,681.0,,,Fixation
1670925722.3823361,,Eye Tracker,1122.0,682.0,Valid,Valid,Fixation
1670925722.385284,,Mouse,1123.3333333333333,681.6666666666666,,,Fixation
1670925722.392396,,Mouse,1124.6666666666667,681.3333333333334,,,Fixation
1670925722.401938,,Eye Tracker,1126.0,681.0,Valid,Valid,Fixation
1670925722.403249,,Mouse,1128.0,680.5,,,Fixation
1670925722.413283,,Eye Tracker,1130.0,680.0,Valid,Valid,Fixation
1670925722.418593,,Mouse,1130.5,679.5,,,Fixation
1670925722.432597,,Eye Tracker,1131.0,679.0,Valid,Valid,Fixation
1670925722.4352481,,Mouse,1131.0,678.3333333333334,,,Fixation
1670925722.443373,,Mouse,1131.0,677.6666666666666,,,Fixation
1670925722.451902,,Eye Tracker,1131.0,677.0,Valid,Valid,Fixation
1670925722.4536211,,Mouse,1133.5,676.0,,,Fixation
1670925722.4685571,,Eye Tracker,1136.0,675.0,Valid,Valid,Fixation
1670925722.472317,,Mouse,1137.5,677.5,,,Fixation
1670925722.483263,,Eye Tracker,1139.0,680.0,Valid,Valid,Fixation
1670925722.485212,,Mouse,1137.5,681.0,,,Fixation
1670925722.493573,,Eye Tracker,1136.0,682.0,Valid,Valid,Fixation
1670925722.501866,,Mouse,1137.5,682.5,,,Fixation
1670925722.512302,,Eye Tracker,1139.0,683.0,Valid,Valid,Fixation
1670925722.518521,,Mouse,1140.5,683.5,,,Fixation
1670925722.53355,,Eye Tracker,1142.0,684.0,Valid,Valid,Fixation
1670925722.535176,,Mouse,1143.0,683.6666666666666,,,Fixation
1670925722.55183,,Mouse,1144.0,683.3333333333334,,,Fixation
1670925722.564574,,Eye Tracker,1145.0,683.0,Valid,Valid,Fixation
1670925722.568485,,Eye Tracker,1145.0,686.0,Valid,Valid,Fixation
1670925722.584604,,Mouse,1145.5,686.0,,,Fixation
1670925722.58514,,Eye Tracker,1146.0,686.0,Valid,Valid,Fixation
1670925722.601795,,Mouse,1151.0,690.5,,,Fixation
1670925722.603287,,Eye Tracker,1156.0,695.0,Valid,Valid,Fixation
1670925722.61435,,Mouse,1175.5,717.0,,,Saccade
1670925722.61845,,Eye Tracker,1195.0,739.0,Valid,Valid,Saccade
1670925722.624568,,Mouse,1209.0,743.5,,,Saccade
1670925722.6351051,,Eye Tracker,1223.0,748.0,Valid,Valid,Saccade
1670925722.643338,,Mouse,1224.3333333333333,749.6666666666666,,,Saccade
1670925722.65176,,Mouse,1225.6666666666667,751.3333333333334,,,Fixation
1670925722.654354,,Eye Tracker,1227.0,753.0,Valid,Valid,Fixation
1670925722.6646051,,Eye Tracker,1227.0,756.0,Valid,Valid,Fixation
1670925722.668414,,Mouse,1228.0,755.3333333333334,,,Fixation
1670925722.6833591,,Mouse,1229.0,754.6666666666666,,,Fixation
1670925722.685069,,Eye Tracker,1230.0,754.0,Valid,Valid,Fixation
1670925722.694317,,Mouse,1228.5,752.5,,,Fixation
1670925722.701724,,Eye Tracker,1227.0,751.0,Valid,Valid,Fixation
1670925722.704351,,Mouse,1230.0,753.0,,,Fixation
1670925722.718378,,Eye Tracker,1233.0,755.0,Valid,Valid,Fixation
1670925722.723372,,Mouse,1232.5,756.0,,,Fixation
1670925722.735033,,Eye Tracker,1232.0,757.0,Valid,Valid,Fixation
1670925722.744353,,Mouse,1229.5,753.0,,,Fixation
1670925722.751688,,Eye Tracker,1227.0,749.0,Valid,Valid,Fixation
1670925722.754466,,Mouse,1229.0,748.0,,,Fixation
1670925722.768342,,Eye Tracker,1231.0,747.0,Valid,Valid,Fixation
1670925722.773309,,Mouse,1231.0,750.0,,,Fixation
1670925722.784383,,Eye Tracker,1231.0,753.0,Valid,Valid,Fixation
1670925722.784997,,Eye Tracker,1227.0,755.0,Valid,Valid,Fixation
1670925722.7944891,,Mouse,1229.0,756.5,,,Fixation
1670925722.801652,,Eye Tracker,1231.0,758.0,Valid,Valid,Fixation
1670925722.813344,,Mouse,1231.5,757.0,,,Fixation
1670925722.818306,,Eye Tracker,1232.0,756.0,Valid,Valid,Fixation
1670925722.824622,,Mouse,1229.0,755.0,,,Fixation
1670925722.834961,,Eye Tracker,1226.0,754.0,Valid,Valid,Fixation
1670925722.851617,,Mouse,1244.0,766.0,,,Saccade
1670925722.853641,,Eye Tracker,1262.0,778.0,Valid,Valid,Saccade
1670925722.8644981,,Mouse,1278.0,798.0,,,Saccade
1670925722.868271,,Eye Tracker,1294.0,818.0,Valid,Valid,Saccade
1670925722.884926,,Eye Tracker,1273.0,831.0,Valid,Valid,Unclassified
1670925722.901581,,Mouse,1272.3333333333333,830.3333333333334,,,Unclassified
1670925722.918236,,Mouse,1271.6666666666667,829.6666666666666,,,Unclassified
1670925722.9344041,,Eye Tracker,1271.0,829.0,Valid,Valid,Unclassified
1670925722.93489,,Mouse,1285.0,828.5,,,Saccade
1670925722.951545,,Eye Tracker,1299.0,828.0,Valid,Valid,Saccade
1670925722.9682,,Eye Tracker,1303.0,832.0,Valid,Valid,Fixation
1670925722.974361,,Mouse,1302.0,829.0,,,Fixation
1670925722.9846041,,Eye Tracker,1301.0,826.0,Valid,Valid,Fixation
1670925722.984854,,Mouse,1299.5,824.5,,,Fixation
1670925722.995512,,Eye Tracker,1298.0,823.0,Valid,Valid,Fixation
1670925723.001509,,Mouse,1297.0,823.0,,,Fixation
1670925723.014362,,Eye Tracker,1296.0,823.0,Valid,Valid,Fixation
1670925723.018164,,Eye Tracker,1298.0,825.0,Valid,Valid,Fixation
1670925723.02438,,Eye Tracker,1294.0,827.0,Valid,Valid,Fixation
1670925723.034818,,Eye Tracker,1293.0,829.0,Valid,Valid,Fixation
1670925723.0514731,,Mouse,1293.5,829.5,,,Fixation
1670925723.055366,,Eye Tracker,1294.0,830.0,Valid,Valid,Fixation
1670925723.068128,,Mouse,1292.5,831.5,,,Fixation
1670925723.075361,,Eye Tracker,1291.0,833.0,Valid,Valid,Fixation
1670925723.0847821,,Mouse,1291.5,833.0,,,Fixation
1670925723.086904,,Eye Tracker,1292.0,833.0,Valid,Valid,Fixation
1670925723.101437,,Mouse,1292.5,836.0,,,Fixation
1670925723.105354,,Eye Tracker,1293.0,839.0,Valid,Valid,Fixation
1670925723.115575,,Mouse,1292.0,839.5,,,Fixation
1670925723.118093,,Eye Tracker,1291.0,840.0,Valid,Valid,Fixation
1670925723.126611,,Mouse,1293.0,836.0,,,Fixation
1670925723.134747,,Eye Tracker,1295.0,832.0,Valid,Valid,Fixation
1670925723.151402,,Mouse,1297.0,843.0,,,Fixation
1670925723.155586,,Eye Tracker,1299.0,854.0,Valid,Valid,Fixation
1670925723.166354,,Mouse,1300.0,859.3333333333334,,,Fixation
1670925723.168057,,Mouse,1301.0,864.6666666666666,,,Fixation
1670925723.184712,,Eye Tracker,1302.0,870.0,Valid,Valid,Fixation
1670925723.201366,,Eye Tracker,1300.0,871.0,Valid,Valid,Fixation
1670925723.218021,,Mouse,1300.5,874.0,,,Fixation
1670925723.225444,,Eye Tracker,1301.0,877.0,Valid,Valid,Fixation
1670925723.2346761,,Mouse,1302.5,875.0,,,Fixation
1670925723.245414,,Eye Tracker,1304.0,873.0,Valid,Valid,Fixation
1670925723.2513301,,Eye Tracker,1298.0,882.0,Valid,Valid,Fixation
1670925723.256292,,Mouse,1295.0,882.5,,,Fixation
1670925723.266343,,Eye Tracker,1292.0,883.0,Valid,Valid,Fixation
1670925723.267985,,Eye Tracker,1299.0,874.0,Valid,Valid,Fixation
1670925723.28464,,Eye Tracker,1298.0,875.0,Valid,Valid,Fixation
1670925723.285373,,Mouse,1295.0,876.0,,,Fixation
1670925723.296365,,Eye Tracker,1292.0,877.0,Valid,Valid,Fixation
1670925723.301294,,Eye Tracker,1295.0,878.0,Valid,Valid,Fixation
1670925723.315368,,Eye Tracker,1312.0,882.0,Valid,Valid,Fixation
1670925723.317949,,Eye Tracker,1314.0,885.0,Valid,Valid,Fixation
1670925723.334604,,Eye Tracker,1311.0,886.0,Valid,Valid,Fixation
1670925723.336355,,Eye Tracker,1313.0,890.0,Valid,Valid,Fixation
1670925723.346358,,Eye Tracker,1311.0,892.0,Valid,Valid,Fixation
1670925723.351258,,Eye Tracker,1309.0,893.0,Valid,Valid,Fixation
1670925723.365314,,Mouse,1308.5,891.0,,,Fixation
1670925723.367913,,Eye Tracker,1308.0,889.0,Valid,Valid,Fixation
1670925723.376353,,Eye Tracker,1306.0,888.0,Valid,Valid,Fixation
1670925723.384569,,Mouse,1308.5,889.5,,,Fixation
1670925723.386461,,Eye Tracker,1311.0,891.0,Valid,Valid,Fixation
1670925723.401223,,Mouse,1312.0,893.0,,,Fixation
1670925723.4063091,,Eye Tracker,1313.0,895.0,Valid,Valid,Fixation
1670925723.416369,,Mouse,1312.6666666666667,895.0,,,Fixation
1670925723.417878,,Mouse,1312.3333333333333,895.0,,,Fixation
1670925723.4273741,,Eye Tracker,1312.0,895.0,Valid,Valid,Fixation
1670925723.434533,,Eye Tracker,1313.0,893.0,Valid,Valid,Fixation
1670925723.446593,,Mouse,1311.5,891.0,,,Fixation
1670925723.451188,,Eye Tracker,1310.0,889.0,Valid,Valid,Fixation
1670925723.467322,,Eye Tracker,1307.0,888.0,Valid,Valid,Fixation
1670925723.467842,,Mouse,1306.5,892.0,,,Fixation
1670925723.477359,,Eye Tracker,1306.0,896.0,Valid,Valid,Fixation
1670925723.484497,,Mouse,1304.5,897.0,,,Fixation
1670925723.496365,,Eye Tracker,1303.0,898.0,Valid,Valid,Fixation
1670925723.501152,,Eye Tracker,1298.0,899.0,Valid,Valid,Fixation
1670925723.507351,,Eye Tracker,1303.0,898.0,Valid,Valid,Fixation
1670925723.517648,,Mouse,1302.0,898.5,,,Fixation
1670925723.517806,,Eye Tracker,1301.0,899.0,Valid,Valid,Fixation
1670925723.534461,,Eye Tracker,1300.0,898.0,Valid,Valid,Fixation
1670925723.536339,,Eye Tracker,1304.0,896.0,Valid,Valid,Fixation
1670925723.547379,,Mouse,1303.0,898.0,,,Fixation
1670925723.551116,,Eye Tracker,1302.0,900.0,Valid,Valid,Fixation
1670925723.557598,,Mouse,1303.0,901.0,,,Fixation
1670925723.56777,,Eye Tracker,1304.0,902.0,Valid,Valid,Fixation
1670925723.577323,,Eye Tracker,1295.0,907.0,Valid,Valid,Fixation
1670925723.584425,,Eye Tracker,1293.0,908.0,Valid,Valid,Fixation
1670925723.588295,,Eye Tracker,1291.0,905.0,Valid,Valid,Fixation
1670925723.5983431,,Eye Tracker,1282.0,905.0,Valid,Valid,Fixation
1670925723.60108,,Mouse,1283.5,904.0,,,Fixation
1670925723.608349,,Eye Tracker,1285.0,903.0,Valid,Valid,Fixation
1670925723.617734,,Mouse,1289.5,901.5,,,Fixation
1670925723.6273391,,Eye Tracker,1294.0,900.0,Valid,Valid,Fixation
1670925723.634389,,Mouse,1291.5,900.5,,,Fixation
1670925723.638356,,Eye Tracker,1289.0,901.0,Valid,Valid,Fixation
1670925723.648525,,Eye Tracker,1279.0,902.0,Valid,Valid,Fixation
1670925723.651045,,Mouse,1281.0,902.3333333333334,,,Fixation
1670925723.6673381,,Mouse,1283.0,902.6666666666666,,,Fixation
1670925723.667699,,Eye Tracker,1285.0,903.0,Valid,Valid,Fixation
1670925723.678297,,Eye Tracker,1293.0,904.0,Valid,Valid,Fixation
1670925723.684354,,Mouse,1289.5,903.0,,,Fixation
1670925723.688352,,Eye Tracker,1286.0,902.0,Valid,Valid,Fixation
1670925723.701009,,Mouse,1282.5,902.5,,,Fixation
1670925723.707559,,Eye Tracker,1279.0,903.0,Valid,Valid,Fixation
1670925723.717664,,Mouse,1281.0,903.5,,,Fixation
1670925723.718614,,Eye Tracker,1283.0,904.0,Valid,Valid,Fixation
1670925723.734318,,Mouse,1287.5,903.5,,,Fixation
1670925723.737377,,Eye Tracker,1292.0,903.0,Valid,Valid,Fixation
1670925723.750973,,Mouse,1289.5,904.0,,,Fixation
1670925723.7583551,,Eye Tracker,1287.0,905.0,Valid,Valid,Fixation
1670925723.767628,,Mouse,1284.0,906.0,,,Fixation
1670925723.778563,,Eye Tracker,1281.0,907.0,Valid,Valid,Fixation
1670925723.784282,,Mouse,1283.0,906.5,,,Fixation
1670925723.79735,,Eye Tracker,1285.0,906.0,Valid,Valid,Fixation
1670925723.800937,,Mouse,1286.0,907.5,,,Fixation
1670925723.808366,,Eye Tracker,1287.0,909.0,Valid,Valid,Fixation
1670925723.8175921,,Eye Tracker,1284.0,912.0,Valid,Valid,Fixation
1670925723.818455,,Mouse,1285.5,909.0,,,Fixation
1670925723.834246,,Eye Tracker,1287.0,906.0,Valid,Valid,Fixation
1670925723.837594,,Eye Tracker,1289.0,901.0,Valid,Valid,Fixation
1670925723.848612,,Mouse,1288.5,901.5,,,Fixation
1670925723.8509011,,Eye Tracker,1288.0,902.0,Valid,Valid,Fixation
1670925723.867338,,Mouse,1288.0,904.5,,,Fixation
1670925723.867556,,Eye Tracker,1288.0,907.0,Valid,Valid,Fixation
1670925723.877445,,Mouse,1290.0,906.0,,,Fixation
1670925723.88421,,Eye Tracker,1292.0,905.0,Valid,Valid,Fixation
1670925723.888607,,Mouse,1292.0,905.5,,,Fixation
1670925723.900865,,Eye Tracker,1292.0,906.0,Valid,Valid,Fixation
1670925723.908453,,Mouse,1288.5,907.0,,,Fixation
1670925723.917521,,Eye Tracker,1285.0,908.0,Valid,Valid,Fixation
1670925723.929339,,Mouse,1285.5,906.5,,,Fixation
1670925723.934175,,Eye Tracker,1286.0,905.0,Valid,Valid,Fixation
1670925723.939387,,Mouse,1285.0,903.5,,,Fixation
1670925723.949592,,Eye Tracker,1284.0,902.0,Valid,Valid,Fixation
1670925723.95083,,Mouse,1284.0,902.0,,,Fixation
1670925723.967485,,Mouse,1284.0,902.0,,,Fixation
1670925723.968348,,Eye Tracker,1284.0,902.0,Valid,Valid,Fixation
1670925723.979351,,Eye Tracker,1289.0,900.0,Valid,Valid,Fixation
1670925723.98414,,Mouse,1289.6666666666667,901.3333333333334,,,Fixation
1670925723.989561,,Mouse,1290.3333333333333,902.6666666666666,,,Fixation
1670925724.000794,,Eye Tracker,1291.0,904.0,Valid,Valid,Fixation
1670925724.0083,,Mouse,1289.0,905.0,,,Fixation
1670925724.0174491,,Eye Tracker,1287.0,906.0,Valid,Valid,Fixation
1670925724.019392,,Mouse,1287.0,905.0,,,Fixation
1670925724.034104,MouseEvent,,1287.0,904.0,,,Fixation
1670925724.04833,,Mouse,1287.0,903.0,,,Fixation
1670925724.0507581,,Eye Tracker,1287.0,902.0,Valid,Valid,Fixation
1670925724.059338,,Mouse,1287.0,903.5,,,Fixation
1670925724.067413,,Eye Tracker,1287.0,905.0,Valid,Valid,Fixation
1670925724.079322,,Eye Tracker,1288.0,910.0,Valid,Valid,Fixation
1670925724.084068,,Eye Tracker,1289.0,912.0,Valid,Valid,Fixation
1670925724.08937,,Eye Tracker,1286.0,907.0,Valid,Valid,Fixation
1670925724.1003861,,Eye Tracker,1287.0,907.0,Valid,Valid,Fixation
1670925724.100722,,Eye Tracker,1290.0,911.0,Valid,Valid,Fixation
1670925724.110675,,Eye Tracker,1290.0,905.0,Valid,Valid,Fixation
1670925724.117377,,Mouse,1290.0,902.0,,,Fixation
1670925724.129344,,Eye Tracker,1290.0,899.0,Valid,Valid,Fixation
1670925724.134032,,Eye Tracker,1293.0,901.0,Valid,Valid,Fixation
1670925724.139378,,Mouse,1291.5,902.0,,,Fixation
1670925724.150599,,Eye Tracker,1290.0,903.0,Valid,Valid,Fixation
1670925724.150686,,Eye Tracker,1285.0,905.0,Valid,Valid,Fixation
1670925724.167341,,Eye Tracker,1286.0,908.0,Valid,Valid,Fixation
1670925724.169571,,Eye Tracker,1288.0,914.0,Valid,Valid,Fixation
1670925724.183997,,Mouse,1287.5,914.5,,,Fixation
1670925724.1903641,,Eye Tracker,1287.0,915.0,Valid,Valid,Fixation
1670925724.200651,,Mouse,1290.5,911.0,,,Fixation
1670925724.209633,,Eye Tracker,1294.0,907.0,Valid,Valid,Fixation
1670925724.2173061,,Mouse,1295.0,905.5,,,Fixation
1670925724.230342,,Eye Tracker,1296.0,904.0,Valid,Valid,Fixation
1670925724.233961,,Eye Tracker,1289.0,902.0,Valid,Valid,Fixation
1670925724.2493591,,Eye Tracker,1288.0,902.0,Valid,Valid,Fixation
1670925724.250616,,Eye Tracker,1283.0,897.0,Valid,Valid,Fixation
1670925724.259361,,Eye Tracker,1195.0,868.0,Valid,Valid,Saccade
1670925724.26727,,Eye Tracker,1031.0,815.0,Valid,Valid,Saccade
1670925724.270394,,Eye Tracker,956.0,793.0,Valid,Valid,Saccade
1670925724.283925,MouseEvent,,949.0,791.0,,,Saccade
1670925724.290339,,Mouse,942.0,789.0,,,Saccade
1670925724.30058,,Eye Tracker,935.0,787.0,Valid,Valid,Saccade
1670925724.310645,,Eye Tracker,935.0,791.0,Valid,Valid,Fixation
1670925724.317234,,Eye Tracker,936.0,794.0,Valid,Valid,Fixation
1670925724.33035,,Eye Tracker,941.0,792.0,Valid,Valid,Fixation
1670925724.333889,,Eye Tracker,952.0,786.0,Valid,Valid,Fixation
1670925724.349406,,Eye Tracker,954.0,781.0,Valid,Valid,Fixation
1670925724.350544,,Eye Tracker,951.0,782.0,Valid,Valid,Fixation
1670925724.360337,,Eye Tracker,956.0,787.0,Valid,Valid,Fixation
1670925724.367198,,Eye Tracker,1037.0,796.0,Valid,Valid,Saccade
1670925724.370625,,Eye Tracker,1126.0,793.0,Valid,Valid,Saccade
1670925724.383853,,Eye Tracker,1212.0,798.0,Valid,Valid,Saccade
1670925724.3895571,,Mouse,1217.0,796.5,,,Fixation
1670925724.400508,,Eye Tracker,1222.0,795.0,Valid,Valid,Fixation
1670925724.4005551,,Mouse,1220.0,792.5,,,Fixation
1670925724.417162,,Eye Tracker,1218.0,790.0,Valid,Valid,Fixation
1670925724.4203691,,Mouse,1216.0,788.5,,,Fixation
1670925724.4303691,,Eye Tracker,1214.0,787.0,Valid,Valid,Fixation
1670925724.4338171,,Mouse,1213.0,788.6666666666666,,,Fixation
1670925724.441593,,Mouse,1212.0,790.3333333333334,,,Fixation
1670925724.450473,,Eye Tracker,1211.0,792.0,Valid,Valid,Fixation
1670925724.46134,,Mouse,1210.5,794.0,,,Fixation
1670925724.467127,,Eye Tracker,1210.0,796.0,Valid,Valid,Fixation
1670925724.481568,,Mouse,1205.0,774.0,,,Saccade
1670925724.483782,,Eye Tracker,1200.0,752.0,Valid,Valid,Saccade
1670925724.500437,,Mouse,1201.0,718.0,,,Saccade
1670925724.50136,,Eye Tracker,1202.0,684.0,Valid,Valid,Saccade
1670925724.517092,,Mouse,1201.5,638.0,,,Saccade
1670925724.520343,,Eye Tracker,1201.0,592.0,Valid,Valid,Saccade
1670925724.531367,,Mouse,1198.3333333333333,586.0,,,Saccade
1670925724.533746,,Mouse,1195.6666666666667,580.0,,,Fixation
1670925724.54138,,Eye Tracker,1193.0,574.0,Valid,Valid,Fixation
1670925724.550401,,Mouse,1191.5,573.0,,,Fixation
1670925724.560333,,Eye Tracker,1190.0,572.0,Valid,Valid,Fixation
1670925724.567056,,Eye Tracker,1195.0,575.0,Valid,Valid,Fixation
1670925724.571383,,Mouse,1194.5,576.0,,,Fixation
1670925724.581551,,Eye Tracker,1194.0,577.0,Valid,Valid,Fixation
1670925724.58371,,Mouse,1192.5,576.0,,,Fixation
1670925724.600365,,Eye Tracker,1191.0,575.0,Valid,Valid,Fixation
1670925724.601396,,Mouse,1191.0,577.5,,,Fixation
1670925724.612291,,Eye Tracker,1191.0,580.0,Valid,Valid,Fixation
1670925724.6170201,,Mouse,1191.5,583.5,,,Fixation
1670925724.622401,,Eye Tracker,1192.0,587.0,Valid,Valid,Fixation
1670925724.6336741,,Mouse,1191.3333333333333,555.6666666666666,,,Fixation
1670925724.641378,,Mouse,1190.6666666666667,524.3333333333334,,,Saccade
1670925724.650329,,Eye Tracker,1190.0,493.0,Valid,Valid,Saccade
1670925724.65237,,Mouse,1185.5,437.0,,,Saccade
1670925724.666984,,Eye Tracker,1181.0,381.0,Valid,Valid,Saccade
1670925724.6723561,,Mouse,1178.0,336.5,,,Saccade
1670925724.683638,,Eye Tracker,1175.0,292.0,Valid,Valid,Saccade
1670925724.6913311,,Mouse,1175.0,290.3333333333333,,,Saccade
1670925724.700293,,Mouse,1175.0,288.6666666666667,,,Fixation
1670925724.702351,,Eye Tracker,1175.0,287.0,Valid,Valid,Fixation
1670925724.712374,,Eye Tracker,1173.0,281.0,Valid,Valid,Fixation
1670925724.716949,,Mouse,1174.3333333333333,279.6666666666667,,,Fixation
1670925724.731359,,Mouse,1175.6666666666667,278.3333333333333,,,Fixation
1670925724.733603,,Eye Tracker,1177.0,277.0,Valid,Valid,Fixation
1670925724.742394,,Mouse,1179.5,284.5,,,Fixation
1670925724.750258,,Eye Tracker,1182.0,292.0,Valid,Valid,Fixation
1670925724.761318,,Eye Tracker,1186.0,298.0,Valid,Valid,Fixation
1670925724.766913,,Mouse,1188.0,300.0,,,Fixation
1670925724.771331,,Mouse,1190.0,302.0,,,Fixation
1670925724.782304,,Eye Tracker,1192.0,304.0,Valid,Valid,Fixation
1670925724.7835681,,Mouse,1210.0,295.5,,,Fixation
1670925724.792345,,Eye Tracker,1228.0,287.0,Valid,Valid,Saccade
1670925724.800222,,Mouse,1313.0,260.5,,,Saccade
1670925724.802399,,Eye Tracker,1398.0,234.0,Valid,Valid,Saccade
1670925724.8168771,,Mouse,1407.6666666666667,234.33333333333334,,,Saccade
1670925724.822347,,Mouse,1417.3333333333333,234.66666666666666,,,Saccade
1670925724.833532,,Eye Tracker,1427.0,235.0,Valid,Valid,Saccade
1670925724.8423731,,Mouse,1434.0,233.5,,,Fixation
1670925724.850186,,Eye Tracker,1441.0,232.0,Valid,Valid,Fixation
1670925724.86139,,Eye Tracker,1432.0,233.0,Valid,Valid,Fixation
1670925724.866841,,Mouse,1426.0,236.0,,,Fixation
1670925724.87236,,Eye Tracker,1420.0,239.0,Valid,Valid,Fixation
1670925724.883496,,Mouse,1422.0,234.66666666666666,,,Fixation
1670925724.891307,,Mouse,1424.0,230.33333333333334,,,Fixation
1670925724.90015,,Eye Tracker,1426.0,226.0,Valid,Valid,Fixation
1670925724.901623,,Eye Tracker,1103.0,441.0,Valid,Invalid,Saccade
1670925724.912321,,Mouse,1062.0,496.3333333333333,,,Saccade
1670925724.916805,,Mouse,1021.0,551.6666666666666,,,Saccade
1670925724.93346,,Eye Tracker,980.0,607.0,Valid,Valid,Saccade
1670925724.942597,,Mouse,956.5,641.5,,,Saccade
1670925724.950114,,Eye Tracker,933.0,676.0,Valid,Valid,Saccade
1670925724.963394,,Mouse,929.0,688.5,,,Saccade
1670925724.966769,,Eye Tracker,925.0,701.0,Valid,Valid,Saccade
1670925724.973519,,Mouse,932.5,699.5,,,Fixation
1670925724.9834251,,Eye Tracker,940.0,698.0,Valid,Valid,Fixation
1670925724.99339,,Mouse,941.0,696.3333333333334,,,Fixation
1670925725.000079,,Mouse,942.0,694.6666666666666,,,Fixation
1670925725.003454,,Eye Tracker,943.0,693.0,Valid,Valid,Fixation
1670925725.0167341,,Eye Tracker,947.0,693.0,Valid,Valid,Fixation
1670925725.033363,,Mouse,950.0,691.0,,,Fixation
1670925725.033389,,Mouse,953.0,689.0,,,Fixation
1670925725.043413,,Eye Tracker,956.0,687.0,Valid,Valid,Fixation
1670925725.050044,,Mouse,955.5,682.5,,,Fixation
1670925725.062334,,Eye Tracker,955.0,678.0,Valid,Valid,Fixation
1670925725.066698,,Mouse,953.0,678.0,,,Fixation
1670925725.072613,,Eye Tracker,951.0,678.0,Valid,Valid,Fixation
1670925725.083353,,Mouse,937.0,690.0,,,Saccade
1670925725.083364,,Eye Tracker,923.0,702.0,Valid,Valid,Saccade
1670925725.093521,,Mouse,893.5,708.5,,,Saccade
1670925725.100008,,Eye Tracker,864.0,715.0,Valid,Valid,Saccade
1670925725.113307,,Eye Tracker,783.0,729.0,Valid,Valid,Saccade
1670925725.116662,,Mouse,776.3333333333334,729.6666666666666,,,Saccade
1670925725.124389,,Mouse,769.6666666666666,730.3333333333334,,,Saccade
1670925725.133317,,Eye Tracker,763.0,731.0,Valid,Valid,Saccade
1670925725.134456,,Eye Tracker,762.0,728.0,Valid,Valid,Fixation
1670925725.149972,,Eye Tracker,767.0,727.0,Valid,Valid,Fixation
1670925725.153275,,Mouse,770.0,726.0,,,Fixation
1670925725.164611,,Eye Tracker,773.0,725.0,Valid,Valid,Fixation
1670925725.166626,,Eye Tracker,775.0,723.0,Valid,Valid,Fixation
1670925725.183281,,Eye Tracker,778.0,719.0,Valid,Valid,Fixation
1670925725.1843371,,Eye Tracker,779.0,720.0,Valid,Valid,Fixation
1670925725.199936,,Eye Tracker,778.0,723.0,Valid,Valid,Fixation
1670925725.204401,,Eye Tracker,777.0,727.0,Valid,Valid,Fixation
1670925725.21659,,Eye Tracker,773.0,727.0,Valid,Valid,Fixation
1670925725.224571,,Eye Tracker,773.0,725.0,Valid,Valid,Fixation
1670925725.2332451,,Eye Tracker,778.0,730.0,Valid,Valid,Fixation
1670925725.249901,,Mouse,777.6666666666666,728.6666666666666,,,Fixation
1670925725.266555,,Mouse,777.3333333333334,727.3333333333334,,,Fixation
1670925725.273489,,Eye Tracker,777.0,726.0,Valid,Valid,Fixation
1670925725.28321,,Mouse,774.5,722.0,,,Fixation
1670925725.294578,,Eye Tracker,772.0,718.0,Valid,Valid,Fixation
1670925725.299865,,Mouse,771.0,717.5,,,Fixation
1670925725.31652,,Eye Tracker,770.0,717.0,Valid,Valid,Fixation
1670925725.333174,,Mouse,770.6666666666666,718.6666666666666,,,Fixation
1670925725.3343701,,Mouse,771.3333333333334,720.3333333333334,,,Fixation
1670925725.349829,,Eye Tracker,772.0,722.0,Valid,Valid,Fixation
1670925725.366484,,Mouse,772.5,721.0,,,Fixation
1670925725.383138,,Eye Tracker,773.0,720.0,Valid,Valid,Fixation
1670925725.3997931,,Mouse,771.5,717.5,,,Fixation
1670925725.416448,,Eye Tracker,770.0,715.0,Valid,Valid,Fixation
1670925725.4331021,,Eye Tracker,771.0,713.0,Valid,Valid,Fixation
1670925725.449757,,Eye Tracker,775.0,713.0,Valid,Valid,Fixation
1670925725.466412,,Eye Tracker,776.0,717.0,Valid,Valid,Fixation
1670925725.483066,,Mouse,776.0,717.5,,,Fixation
1670925725.499722,,Eye Tracker,776.0,718.0,Valid,Valid,Fixation
1670925725.516377,,Mouse,781.0,719.5,,,Fixation
1670925725.533031,,Eye Tracker,786.0,721.0,Valid,Valid,Fixation
1670925725.534385,,Mouse,793.0,719.0,,,Fixation
1670925725.549686,,Eye Tracker,800.0,717.0,Valid,Valid,Fixation
1670925725.555351,,Mouse,799.5,715.0,,,Fixation
1670925725.566341,,Eye Tracker,799.0,713.0,Valid,Valid,Fixation
1670925725.5745971,,Eye Tracker,800.0,708.0,Valid,Valid,Fixation
1670925725.5829961,,Eye Tracker,802.0,711.0,Valid,Valid,Fixation
1670925725.585346,,Eye Tracker,801.0,715.0,Valid,Valid,Fixation
1670925725.595393,,Eye Tracker,799.0,717.0,Valid,Valid,Fixation
1670925725.5996501,,Eye Tracker,799.0,719.0,Valid,Valid,Fixation
1670925725.61534,,Eye Tracker,799.0,717.0,Valid,Valid,Fixation
1670925725.616305,,Eye Tracker,801.0,716.0,Valid,Valid,Fixation
1670925725.625346,,Eye Tracker,802.0,715.0,Valid,Valid,Fixation
1670925725.63296,,Eye Tracker,800.0,720.0,Valid,Valid,Fixation
1670925725.636452,,Eye Tracker,798.0,722.0,Valid,Valid,Fixation
1670925725.649614,,Eye Tracker,796.0,722.0,Valid,Valid,Fixation
1670925725.656299,,Mouse,796.0,719.5,,,Fixation
1670925725.666269,,Eye Tracker,796.0,717.0,Valid,Valid,Fixation
1670925725.6763701,,Mouse,794.5,715.0,,,Fixation
1670925725.682924,,Eye Tracker,793.0,713.0,Valid,Valid,Fixation
1670925725.686393,,Eye Tracker,793.0,717.0,Valid,Valid,Fixation
1670925725.699578,,Eye Tracker,796.0,715.0,Valid,Valid,Fixation
1670925725.716233,,Eye Tracker,793.0,715.0,Valid,Valid,Fixation
1670925725.716345,,Eye Tracker,793.0,717.0,Valid,Valid,Fixation
1670925725.7265751,,Eye Tracker,797.0,718.0,Valid,Valid,Fixation
1670925725.732888,,Mouse,795.0,712.5,,,Fixation
1670925725.749542,,Eye Tracker,793.0,707.0,Valid,Valid,Fixation
1670925725.766198,,Mouse,793.0,709.5,,,Fixation
1670925725.776356,,Eye Tracker,793.0,712.0,Valid,Valid,Fixation
1670925725.7828531,,Mouse,793.0,714.0,,,Fixation
1670925725.795367,,Eye Tracker,793.0,716.0,Valid,Valid,Fixation
1670925725.7995071,,Mouse,792.5,712.5,,,Fixation
1670925725.806351,,Eye Tracker,792.0,709.0,Valid,Valid,Fixation
1670925725.816162,,Eye Tracker,794.0,712.0,Valid,Valid,Fixation
1670925725.816425,,Eye Tracker,796.0,715.0,Valid,Valid,Fixation
1670925725.826562,,Eye Tracker,798.0,715.0,Valid,Valid,Fixation
1670925725.832817,,Eye Tracker,800.0,716.0,Valid,Valid,Fixation
1670925725.846482,,Eye Tracker,800.0,714.0,Valid,Valid,Fixation
1670925725.849472,,Mouse,798.6666666666666,713.0,,,Fixation
1670925725.866126,,Mouse,797.3333333333334,712.0,,,Fixation
1670925725.875297,,Eye Tracker,796.0,711.0,Valid,Valid,Fixation
1670925725.882781,,Mouse,795.0,710.0,,,Fixation
1670925725.88637,,Mouse,794.0,709.0,,,Fixation
1670925725.899436,,Eye Tracker,793.0,708.0,Valid,Valid,Fixation
1670925725.915348,,Eye Tracker,796.0,711.0,Valid,Valid,Fixation
1670925725.91609,,Eye Tracker,801.0,715.0,Valid,Valid,Fixation
1670925725.926471,,Eye Tracker,799.0,716.0,Valid,Valid,Fixation
1670925725.932745,,Mouse,797.0,716.5,,,Fixation
1670925725.946332,,Eye Tracker,795.0,717.0,Valid,Valid,Fixation
1670925725.9494,,Mouse,793.5,714.0,,,Fixation
1670925725.956392,,Eye Tracker,792.0,711.0,Valid,Valid,Fixation
1670925725.966054,,Mouse,793.0,710.5,,,Fixation
1670925725.967372,,Eye Tracker,794.0,710.0,Valid,Valid,Fixation
1670925725.982709,,Mouse,797.0,710.5,,,Fixation
1670925725.987351,,Eye Tracker,800.0,711.0,Valid,Valid,Fixation
1670925725.997632,,Eye Tracker,807.0,717.0,Valid,Valid,Fixation
1670925725.9993641,,Eye Tracker,803.0,719.0,Valid,Valid,Fixation
1670925726.016018,,Eye Tracker,799.0,712.0,Valid,Valid,Fixation
1670925726.027572,,Mouse,799.0,711.0,,,Fixation
1670925726.032674,,Mouse,799.0,710.0,,,Fixation
1670925726.046329,,Eye Tracker,799.0,709.0,Valid,Valid,Fixation
1670925726.049329,,Eye Tracker,801.0,716.0,Valid,Valid,Fixation
1670925726.057584,,Eye Tracker,799.0,719.0,Valid,Valid,Fixation
1670925726.065983,,Eye Tracker,793.0,711.0,Valid,Valid,Fixation
1670925726.077341,,Mouse,794.0,711.5,,,Fixation
1670925726.082638,,Eye Tracker,795.0,712.0,Valid,Valid,Fixation
1670925726.099293,,Eye Tracker,793.0,715.0,Valid,Valid,Fixation
1670925726.107314,,Eye Tracker,794.0,712.0,Valid,Valid,Fixation
1670925726.115948,,Mouse,794.5,712.0,,,Fixation
1670925726.132602,,Eye Tracker,795.0,712.0,Valid,Valid,Fixation
1670925726.1486251,,Eye Tracker,799.0,711.0,Valid,Valid,Fixation
1670925726.149257,,Eye Tracker,802.0,712.0,Valid,Valid,Fixation
1670925726.165912,,Eye Tracker,804.0,710.0,Valid,Valid,Fixation
1670925726.168311,,Eye Tracker,808.0,710.0,Valid,Valid,Fixation
1670925726.182566,,Eye Tracker,813.0,715.0,Valid,Valid,Fixation
1670925726.188594,,Eye Tracker,815.0,713.0,Valid,Valid,Fixation
1670925726.1992211,,Eye Tracker,814.0,711.0,Valid,Valid,Fixation
1670925726.208348,,Eye Tracker,804.0,709.0,Valid,Valid,Fixation
1670925726.215876,MouseEvent,,804.3333333333334,709.6666666666666,,,Fixation
1670925726.228501,,Mouse,804.6666666666666,710.3333333333334,,,Fixation
1670925726.23253,,Eye Tracker,805.0,711.0,Valid,Valid,Fixation
1670925726.249185,,Eye Tracker,813.0,710.0,Valid,Valid,Fixation
1670925726.26584,,Eye Tracker,811.0,707.0,Valid,Valid,Fixation
1670925726.26829,,Eye Tracker,811.0,715.0,Valid,Valid,Fixation
1670925726.278307,,Eye Tracker,810.0,713.0,Valid,Valid,Fixation
1670925726.282494,,Eye Tracker,813.0,706.0,Valid,Valid,Fixation
1670925726.288332,,Eye Tracker,815.0,710.0,Valid,Valid,Fixation
1670925726.29915,,Eye Tracker,810.0,709.0,Valid,Valid,Fixation
1670925726.308342,,Mouse,811.5,708.5,,,Fixation
1670925726.315805,,Eye Tracker,813.0,708.0,Valid,Valid,Fixation
1670925726.328314,,Mouse,813.5,711.0,,,Fixation
1670925726.332459,,Eye Tracker,814.0,714.0,Valid,Valid,Fixation
1670925726.349114,,Eye Tracker,817.0,711.0,Valid,Valid,Fixation
1670925726.3657691,,Mouse,816.6666666666666,711.3333333333334,,,Fixation
1670925726.378414,,Mouse,816.3333333333334,711.6666666666666,,,Fixation
1670925726.382424,,Eye Tracker,816.0,712.0,Valid,Valid,Fixation
1670925726.398386,,Mouse,822.5,716.5,,,Fixation
1670925726.3990781,,Eye Tracker,829.0,721.0,Valid,Valid,Fixation
1670925726.415733,,Eye Tracker,868.0,716.0,Valid,Valid,Saccade
1670925726.418621,,Mouse,872.5,714.5,,,Saccade
1670925726.432388,,Eye Tracker,877.0,713.0,Valid,Valid,Fixation
1670925726.449042,,Eye Tracker,884.0,712.0,Valid,Valid,Fixation
1670925726.458583,,Eye Tracker,883.0,711.0,Valid,Valid,Fixation
1670925726.465697,,Eye Tracker,875.0,716.0,Valid,Valid,Fixation
1670925726.482352,,Mouse,876.5,714.0,,,Fixation
1670925726.499006,,Eye Tracker,878.0,712.0,Valid,Valid,Fixation
1670925726.515661,,Mouse,878.5,711.0,,,Fixation
1670925726.518589,,Eye Tracker,879.0,710.0,Valid,Valid,Fixation
1670925726.532316,,Mouse,878.0,710.6666666666666,,,Fixation
1670925726.54897,,Mouse,877.0,711.3333333333334,,,Fixation
1670925726.549406,,Eye Tracker,876.0,712.0,Valid,Valid,Fixation
1670925726.5656261,,Eye Tracker,877.0,713.0,Valid,Valid,Fixation
1670925726.582281,,Mouse,877.5,713.0,,,Fixation
1670925726.598366,,Eye Tracker,878.0,713.0,Valid,Valid,Fixation
1670925726.5989351,,Mouse,877.0,709.5,,,Fixation
1670925726.609337,,Eye Tracker,876.0,706.0,Valid,Valid,Fixation
1670925726.61559,,Mouse,875.0,705.5,,,Fixation
1670925726.619571,,Eye Tracker,874.0,705.0,Valid,Valid,Fixation
1670925726.632245,,Mouse,873.0,705.6666666666666,,,Fixation
1670925726.639335,,Mouse,872.0,706.3333333333334,,,Fixation
1670925726.6489,,Eye Tracker,871.0,707.0,Valid,Valid,Fixation
1670925726.650414,,Mouse,871.5,707.5,,,Fixation
1670925726.650865,,Eye Tracker,872.0,708.0,Valid,Valid,Fixation
1670925726.650865,,Eye Tracker,875.0,707.0,Valid,Valid,Fixation
1670925726.665554,,Mouse,875.5,708.5,,,Fixation
1670925726.682209,,Eye Tracker,876.0,710.0,Valid,Valid,Fixation
1670925726.698864,,Mouse,878.0,709.0,,,Fixation
1670925726.700326,,Eye Tracker,880.0,708.0,Valid,Valid,Fixation
1670925726.715518,,Mouse,881.5,707.5,,,Fixation
1670925726.7205,,Eye Tracker,883.0,707.0,Valid,Valid,Fixation
1670925726.732173,,Mouse,879.0,706.5,,,Fixation
1670925726.7405741,,Eye Tracker,875.0,706.0,Valid,Valid,Fixation
1670925726.748828,,Mouse,874.0,704.0,,,Fixation
1670925726.760329,,Eye Tracker,873.0,702.0,Valid,Valid,Fixation
1670925726.765482,,Eye Tracker,878.0,703.0,Valid,Valid,Fixation
1670925726.782137,,Mouse,878.0,703.3333333333334,,,Fixation
1670925726.7903311,,Mouse,878.0,703.6666666666666,,,Fixation
1670925726.7987921,,Eye Tracker,878.0,704.0,Valid,Valid,Fixation
1670925726.8154461,,Mouse,878.0,704.0,,,Fixation
1670925726.832102,,Eye Tracker,878.0,704.0,Valid,Valid,Fixation
1670925726.840357,,Mouse,879.0,704.5,,,Fixation
1670925726.848757,,Eye Tracker,880.0,705.0,Valid,Valid,Fixation
1670925726.859374,,Mouse,880.0,704.5,,,Fixation
1670925726.865411,,Eye Tracker,880.0,704.0,Valid,Valid,Fixation
1670925726.870351,,Mouse,880.0,703.3333333333334,,,Fixation
1670925726.882066,,Mouse,880.0,702.6666666666666,,,Fixation
1670925726.898721,,Eye Tracker,880.0,702.0,Valid,Valid,Fixation
1670925726.90942,,Mouse,882.5,704.0,,,Fixation
1670925726.915376,,Eye Tracker,885.0,706.0,Valid,Valid,Fixation
1670925726.93203,,Mouse,883.5,707.5,,,Fixation
1670925726.948685,,Eye Tracker,882.0,709.0,Valid,Valid,Fixation
1670925726.9653401,,Mouse,898.0,693.0,,,Saccade
1670925726.981994,,Eye Tracker,914.0,677.0,Valid,Valid,Saccade
1670925726.990509,,Eye Tracker,937.0,649.0,Valid,Valid,Saccade
1670925726.9986491,,Mouse,934.0,645.0,,,Saccade
1670925727.011372,,Eye Tracker,931.0,641.0,Valid,Valid,Fixation
1670925727.015304,,Eye Tracker,932.0,639.0,Valid,Valid,Fixation
1670925727.0214791,,Eye Tracker,932.0,633.0,Valid,Valid,Fixation
1670925727.03049,,Mouse,932.5,635.5,,,Fixation
1670925727.03049,,Eye Tracker,933.0,638.0,Valid,Valid,Fixation
1670925727.031958,,Mouse,936.0,641.0,,,Fixation
1670925727.048613,,Eye Tracker,939.0,644.0,Valid,Valid,Fixation
1670925727.065268,,Mouse,938.0,642.5,,,Fixation
1670925727.080338,,Eye Tracker,937.0,641.0,Valid,Valid,Fixation
1670925727.081922,,Mouse,932.5,643.0,,,Fixation
1670925727.0912921,,Eye Tracker,928.0,645.0,Valid,Valid,Fixation
1670925727.098578,,Mouse,928.5,644.5,,,Fixation
1670925727.1013381,,Eye Tracker,929.0,644.0,Valid,Valid,Fixation
1670925727.115233,,Mouse,930.0,641.5,,,Fixation
1670925727.120415,,Eye Tracker,931.0,639.0,Valid,Valid,Fixation
1670925727.131334,,Mouse,932.0,639.5,,,Fixation
1670925727.131887,,Eye Tracker,933.0,640.0,Valid,Valid,Fixation
1670925727.141347,,Mouse,934.0,639.0,,,Fixation
1670925727.148542,,Eye Tracker,935.0,638.0,Valid,Valid,Fixation
1670925727.151441,,Mouse,933.0,637.5,,,Fixation
1670925727.1651971,,Eye Tracker,931.0,637.0,Valid,Valid,Fixation
1670925727.172528,,Mouse,930.0,639.5,,,Fixation
1670925727.181852,,Eye Tracker,929.0,642.0,Valid,Valid,Fixation
1670925727.192358,,Mouse,929.5,644.0,,,Fixation
1670925727.198506,,Eye Tracker,930.0,646.0,Valid,Valid,Fixation
1670925727.212519,,Mouse,930.6666666666666,645.3333333333334,,,Fixation
1670925727.215161,,Mouse,931.3333333333334,644.6666666666666,,,Fixation
1670925727.222621,,Eye Tracker,932.0,644.0,Valid,Valid,Fixation
1670925727.231816,,Mouse,933.5,644.0,,,Fixation
1670925727.241368,,Eye Tracker,935.0,644.0,Valid,Valid,Fixation
1670925727.24847,,Mouse,935.5,646.0,,,Fixation
1670925727.251377,,Eye Tracker,936.0,648.0,Valid,Valid,Fixation
1670925727.262339,,Mouse,934.5,647.5,,,Fixation
1670925727.265125,,Eye Tracker,933.0,647.0,Valid,Valid,Fixation
1670925727.27262,,Mouse,932.5,646.0,,,Fixation
1670925727.28178,,Eye Tracker,932.0,645.0,Valid,Valid,Fixation
1670925727.291331,,Mouse,932.0,644.0,,,Fixation
1670925727.298434,,Eye Tracker,932.0,643.0,Valid,Valid,Fixation
1670925727.30229,,Mouse,933.5,642.0,,,Fixation
1670925727.312471,,Eye Tracker,935.0,641.0,Valid,Valid,Fixation
1670925727.315089,,Mouse,932.0,642.5,,,Fixation
1670925727.3315701,,Eye Tracker,929.0,644.0,Valid,Valid,Fixation
1670925727.331744,,Eye Tracker,952.0,599.0,Valid,Valid,Saccade
1670925727.34238,,Mouse,955.6666666666666,588.0,,,Saccade
1670925727.348398,,Mouse,959.3333333333334,577.0,,,Saccade
1670925727.36238,,Eye Tracker,963.0,566.0,Valid,Valid,Saccade
1670925727.3650541,,Mouse,963.3333333333334,559.6666666666666,,,Saccade
1670925727.381709,,Mouse,963.6666666666666,553.3333333333334,,,Fixation
1670925727.382587,,Eye Tracker,964.0,547.0,Valid,Valid,Fixation
1670925727.398363,,Eye Tracker,965.0,544.0,Valid,Valid,Fixation
1670925727.402441,,Mouse,963.6666666666666,543.3333333333334,,,Fixation
1670925727.415018,,Mouse,962.3333333333334,542.6666666666666,,,Fixation
1670925727.421326,,Eye Tracker,961.0,542.0,Valid,Valid,Fixation
1670925727.431673,,Mouse,961.0,541.5,,,Fixation
1670925727.432328,,Eye Tracker,961.0,541.0,Valid,Valid,Fixation
1670925727.442379,,Mouse,961.0,541.5,,,Fixation
1670925727.448328,,Eye Tracker,961.0,542.0,Valid,Valid,Fixation
1670925727.4613101,,Mouse,961.5,539.5,,,Fixation
1670925727.464982,,Eye Tracker,962.0,537.0,Valid,Valid,Fixation
1670925727.472323,,Mouse,964.0,537.0,,,Fixation
1670925727.481637,,Eye Tracker,966.0,537.0,Valid,Valid,Fixation
1670925727.482364,,Eye Tracker,964.0,539.0,Valid,Valid,Fixation
1670925727.498292,,Mouse,961.0,535.0,,,Fixation
1670925727.50232,,Mouse,958.0,531.0,,,Fixation
1670925727.513462,,Eye Tracker,955.0,527.0,Valid,Valid,Fixation
1670925727.514946,,Mouse,956.0,529.5,,,Fixation
1670925727.531601,,Eye Tracker,957.0,532.0,Valid,Valid,Fixation
1670925727.5334501,,Eye Tracker,959.0,537.0,Valid,Valid,Fixation
1670925727.548256,,Mouse,959.3333333333334,536.0,,,Fixation
1670925727.553318,,Mouse,959.6666666666666,535.0,,,Fixation
1670925727.563334,,Eye Tracker,960.0,534.0,Valid,Valid,Fixation
1670925727.56491,,Mouse,961.0,534.5,,,Fixation
1670925727.573465,,Eye Tracker,962.0,535.0,Valid,Valid,Fixation
1670925727.5815651,,Mouse,963.5,535.0,,,Fixation
1670925727.592321,,Eye Tracker,965.0,535.0,Valid,Valid,Fixation
1670925727.59822,,Mouse,981.5,533.0,,,Fixation
1670925727.603611,,Eye Tracker,998.0,531.0,Valid,Valid,Saccade
1670925727.6148741,,Mouse,1006.3333333333334,525.0,,,Saccade
1670925727.6223311,,Mouse,1014.6666666666666,519.0,,,Saccade
1670925727.63153,,Eye Tracker,1023.0,513.0,Valid,Valid,Saccade
1670925727.635124,,Eye Tracker,1036.0,513.0,Valid,Valid,Fixation
1670925727.648185,,Mouse,1035.3333333333333,513.0,,,Fixation
1670925727.653259,,Mouse,1034.6666666666667,513.0,,,Fixation
1670925727.663459,,Eye Tracker,1034.0,513.0,Valid,Valid,Fixation
1670925727.664839,,Eye Tracker,1033.0,506.0,Valid,Valid,Fixation
1670925727.681494,,Mouse,1033.3333333333333,505.6666666666667,,,Fixation
1670925727.68432,,Mouse,1033.6666666666667,505.3333333333333,,,Fixation
1670925727.694339,,Eye Tracker,1034.0,505.0,Valid,Valid,Fixation
1670925727.698149,,Mouse,1031.3333333333333,504.3333333333333,,,Fixation
1670925727.7045171,,Mouse,1028.6666666666667,503.6666666666667,,,Fixation
1670925727.714804,,Eye Tracker,1026.0,503.0,Valid,Valid,Fixation
1670925727.724355,,Mouse,1026.0,504.0,,,Fixation
1670925727.731458,,Eye Tracker,1026.0,505.0,Valid,Valid,Fixation
1670925727.734586,,Mouse,1024.5,501.0,,,Fixation
1670925727.748113,,Eye Tracker,1023.0,497.0,Valid,Valid,Fixation
1670925727.753351,,Mouse,1023.3333333333334,497.0,,,Fixation
1670925727.7647681,,Mouse,1023.6666666666666,497.0,,,Fixation
1670925727.774519,,Eye Tracker,1024.0,497.0,Valid,Valid,Fixation
1670925727.7814221,,Eye Tracker,1039.0,499.0,Valid,Valid,Fixation
1670925727.793484,,Mouse,1038.3333333333333,497.3333333333333,,,Fixation
1670925727.798077,,Mouse,1037.6666666666667,495.6666666666667,,,Fixation
1670925727.81444,,Eye Tracker,1037.0,494.0,Valid,Valid,Fixation
1670925727.814732,,Mouse,1029.0,493.5,,,Fixation
1670925727.831386,,Eye Tracker,1021.0,493.0,Valid,Valid,Fixation
1670925727.833332,,Eye Tracker,1021.0,489.0,Valid,Valid,Fixation
1670925727.848041,,Mouse,1024.0,488.0,,,Fixation
1670925727.85429,,Eye Tracker,1027.0,487.0,Valid,Valid,Fixation
1670925727.864394,,Mouse,1028.0,487.6666666666667,,,Fixation
1670925727.864696,,Mouse,1029.0,488.3333333333333,,,Fixation
1670925727.881351,,Eye Tracker,1030.0,489.0,Valid,Valid,Fixation
1670925727.883322,,Eye Tracker,1037.0,488.0,Valid,Valid,Fixation
1670925727.894335,,Mouse,1036.3333333333333,488.0,,,Fixation
1670925727.898006,,Mouse,1035.6666666666667,488.0,,,Fixation
1670925727.9044771,,Eye Tracker,1035.0,488.0,Valid,Valid,Fixation
1670925727.914661,,Mouse,1034.5,488.0,,,Fixation
1670925727.923321,,Eye Tracker,1034.0,488.0,Valid,Valid,Fixation
1670925727.931315,,Eye Tracker,1073.0,478.0,Valid,Valid,Saccade
1670925727.933442,,Mouse,1084.5,472.5,,,Saccade
1670925727.9444401,,Eye Tracker,1096.0,467.0,Valid,Valid,Saccade
1670925727.94797,,Mouse,1097.0,465.3333333333333,,,Saccade
1670925727.963304,,Mouse,1098.0,463.6666666666667,,,Fixation
1670925727.9646251,,Eye Tracker,1099.0,462.0,Valid,Valid,Fixation
1670925727.973393,,Eye Tracker,1104.0,458.0,Valid,Valid,Fixation
1670925727.98128,,Mouse,1103.0,460.0,,,Fixation
1670925727.984261,,Mouse,1102.0,462.0,,,Fixation
1670925727.997934,,Eye Tracker,1101.0,464.0,Valid,Valid,Fixation
1670925728.014343,,Mouse,1100.0,462.0,,,Fixation
1670925728.014588,,Eye Tracker,1099.0,460.0,Valid,Valid,Fixation
1670925728.025425,,Mouse,1098.0,457.0,,,Fixation
1670925728.031243,,Eye Tracker,1097.0,454.0,Valid,Valid,Fixation
1670925728.045502,,Mouse,1097.0,456.5,,,Fixation
1670925728.047897,,Eye Tracker,1097.0,459.0,Valid,Valid,Fixation
1670925728.064552,,Mouse,1097.5,460.0,,,Fixation
1670925728.065389,,Eye Tracker,1098.0,461.0,Valid,Valid,Fixation
1670925728.075474,,Eye Tracker,1100.0,459.0,Valid,Valid,Fixation
1670925728.081207,,Mouse,1099.6666666666667,458.6666666666667,,,Fixation
1670925728.09431,,Mouse,1099.3333333333333,458.3333333333333,,,Fixation
1670925728.097861,,Eye Tracker,1099.0,458.0,Valid,Valid,Fixation
1670925728.104389,,Mouse,1098.5,460.0,,,Fixation
1670925728.114516,,Eye Tracker,1098.0,462.0,Valid,Valid,Fixation
1670925728.115356,,Eye Tracker,1097.0,466.0,Valid,Valid,Fixation
1670925728.125464,,Mouse,1098.5,464.5,,,Fixation
1670925728.131171,,Eye Tracker,1100.0,463.0,Valid,Valid,Fixation
1670925728.1444821,,Mouse,1100.6666666666667,462.0,,,Fixation
1670925728.147826,,Mouse,1101.3333333333333,461.0,,,Fixation
1670925728.155327,,Eye Tracker,1102.0,460.0,Valid,Valid,Fixation
1670925728.164481,,Eye Tracker,1097.0,463.0,Valid,Valid,Fixation
1670925728.165556,,Mouse,1093.6666666666667,461.3333333333333,,,Fixation
1670925728.175769,,Mouse,1090.3333333333333,459.6666666666667,,,Fixation
1670925728.1811361,,Eye Tracker,1087.0,458.0,Valid,Valid,Fixation
1670925728.196337,,Mouse,1074.0,460.0,,,Saccade
1670925728.1977901,,Eye Tracker,1061.0,462.0,Valid,Valid,Saccade
1670925728.206469,,Mouse,1059.0,467.5,,,Fixation
1670925728.214445,,Eye Tracker,1057.0,473.0,Valid,Valid,Fixation
1670925728.2311,,Mouse,1057.0,473.0,,,Fixation
1670925728.2363951,,Eye Tracker,1057.0,473.0,Valid,Valid,Fixation
1670925728.247755,,Mouse,1058.0,473.0,,,Fixation
1670925728.256611,,Eye Tracker,1059.0,473.0,Valid,Valid,Fixation
1670925728.264409,,Eye Tracker,1069.0,474.0,Valid,Valid,Fixation
1670925728.275397,,Eye Tracker,1068.0,472.0,Valid,Valid,Fixation
1670925728.281064,,Eye Tracker,1063.0,470.0,Valid,Valid,Fixation
1670925728.286321,,Eye Tracker,1067.0,471.0,Valid,Valid,Fixation
1670925728.296425,,Mouse,1071.0,473.5,,,Fixation
1670925728.297719,,Eye Tracker,1075.0,476.0,Valid,Valid,Fixation
1670925728.314373,,Mouse,1073.0,475.5,,,Fixation
1670925728.315326,,Eye Tracker,1071.0,475.0,Valid,Valid,Fixation
1670925728.326385,,Mouse,1085.5,465.5,,,Saccade
1670925728.331028,,Eye Tracker,1100.0,456.0,Valid,Valid,Saccade
1670925728.336437,,Mouse,1113.3333333333333,445.0,,,Saccade
1670925728.347683,,Mouse,1126.6666666666667,434.0,,,Saccade
1670925728.355298,,Eye Tracker,1140.0,423.0,Valid,Valid,Saccade
1670925728.364337,,Eye Tracker,1165.0,393.0,Valid,Valid,Saccade
1670925728.366491,,Eye Tracker,1170.0,389.0,Valid,Valid,Fixation
1670925728.380992,,Eye Tracker,1167.0,389.0,Valid,Valid,Fixation
1670925728.386331,,Eye Tracker,1167.0,391.0,Valid,Valid,Fixation
1670925728.3976471,,Eye Tracker,1166.0,388.0,Valid,Valid,Fixation
1670925728.406477,,Eye Tracker,1165.0,387.0,Valid,Valid,Fixation
1670925728.414302,,Eye Tracker,1165.0,381.0,Valid,Valid,Fixation
1670925728.42649,,Eye Tracker,1163.0,383.0,Valid,Valid,Fixation
1670925728.430957,,Mouse,1162.0,386.5,,,Fixation
1670925728.445338,,Eye Tracker,1161.0,390.0,Valid,Valid,Fixation
1670925728.447612,,Eye Tracker,1159.0,391.0,Valid,Valid,Fixation
1670925728.45647,,Mouse,1160.6666666666667,390.6666666666667,,,Fixation
1670925728.464266,,Mouse,1162.3333333333333,390.3333333333333,,,Fixation
1670925728.475326,,Eye Tracker,1164.0,390.0,Valid,Valid,Fixation
1670925728.480921,,Mouse,1165.0,387.0,,,Fixation
1670925728.496478,,Eye Tracker,1166.0,384.0,Valid,Valid,Fixation
1670925728.497576,,Mouse,1162.0,382.5,,,Fixation
1670925728.514231,,Eye Tracker,1158.0,381.0,Valid,Valid,Fixation
1670925728.526469,,Mouse,1157.5,380.5,,,Fixation
1670925728.530885,,Eye Tracker,1157.0,380.0,Valid,Valid,Fixation
1670925728.5473251,,Mouse,1161.5,377.0,,,Fixation
1670925728.54754,,Eye Tracker,1166.0,374.0,Valid,Valid,Fixation
1670925728.557345,,Mouse,1166.5,375.0,,,Fixation
1670925728.564195,,Eye Tracker,1167.0,376.0,Valid,Valid,Fixation
1670925728.5773351,,Mouse,1166.0,380.5,,,Fixation
1670925728.580849,,Eye Tracker,1165.0,385.0,Valid,Valid,Fixation
1670925728.5975041,,Mouse,1164.0,384.6666666666667,,,Fixation
1670925728.614159,,Mouse,1163.0,384.3333333333333,,,Fixation
1670925728.617322,,Eye Tracker,1162.0,384.0,Valid,Valid,Fixation
1670925728.6308131,,Mouse,1159.5,384.0,,,Fixation
1670925728.637587,,Eye Tracker,1157.0,384.0,Valid,Valid,Fixation
1670925728.647468,,Mouse,1157.0,383.3333333333333,,,Fixation
1670925728.656439,,Mouse,1157.0,382.6666666666667,,,Fixation
1670925728.664123,,Eye Tracker,1157.0,382.0,Valid,Valid,Fixation
1670925728.667323,,Mouse,1155.0,382.5,,,Fixation
1670925728.677324,,Eye Tracker,1153.0,383.0,Valid,Valid,Fixation
1670925728.680778,,Eye Tracker,1155.0,380.0,Valid,Valid,Fixation
1670925728.687338,,Mouse,1157.0,378.3333333333333,,,Fixation
1670925728.697433,,Mouse,1159.0,376.6666666666667,,,Fixation
1670925728.697572,,Eye Tracker,1161.0,375.0,Valid,Valid,Fixation
1670925728.70839,,Mouse,1162.0,377.5,,,Fixation
1670925728.714088,,Eye Tracker,1163.0,380.0,Valid,Valid,Fixation
1670925728.718408,,Eye Tracker,1177.0,398.0,Valid,Valid,Fixation
1670925728.728435,,Mouse,1200.0,402.0,,,Fixation
1670925728.730742,,Eye Tracker,1223.0,406.0,Valid,Valid,Saccade
1670925728.747397,,Mouse,1244.0,409.0,,,Saccade
1670925728.748272,,Mouse,1265.0,412.0,,,Saccade
1670925728.758404,,Eye Tracker,1286.0,415.0,Valid,Valid,Saccade
1670925728.764052,,Eye Tracker,1293.0,406.0,Valid,Valid,Fixation
1670925728.768412,,Mouse,1296.5,404.5,,,Fixation
1670925728.7807071,,Eye Tracker,1300.0,403.0,Valid,Valid,Fixation
1670925728.78858,,Mouse,1299.0,406.5,,,Fixation
1670925728.7973611,,Eye Tracker,1298.0,410.0,Valid,Valid,Fixation
1670925728.798593,,Mouse,1300.0,408.0,,,Fixation
1670925728.814016,,Eye Tracker,1302.0,406.0,Valid,Valid,Fixation
1670925728.817289,,Mouse,1301.0,404.3333333333333,,,Fixation
1670925728.827429,,Mouse,1300.0,402.6666666666667,,,Fixation
1670925728.830671,,Eye Tracker,1299.0,401.0,Valid,Valid,Fixation
1670925728.838377,,Mouse,1298.5,399.5,,,Fixation
1670925728.847325,,Eye Tracker,1298.0,398.0,Valid,Valid,Fixation
1670925728.86398,,Mouse,1300.5,396.5,,,Fixation
1670925728.878329,,Eye Tracker,1303.0,395.0,Valid,Valid,Fixation
1670925728.880635,,Mouse,1304.0,388.5,,,Fixation
1670925728.8884661,,Eye Tracker,1305.0,382.0,Valid,Valid,Fixation
1670925728.897289,,Mouse,1307.5,381.0,,,Fixation
1670925728.907353,,Eye Tracker,1310.0,380.0,Valid,Valid,Fixation
1670925728.913944,,Eye Tracker,1310.0,380.0,Valid,Valid,Fixation
1670925728.918355,,Mouse,1311.0,381.0,,,Fixation
1670925728.928469,,Eye Tracker,1312.0,382.0,Valid,Valid,Fixation
1670925728.930599,,Mouse,1313.0,382.3333333333333,,,Fixation
1670925728.947253,,Mouse,1314.0,382.6666666666667,,,Fixation
1670925728.947287,,Eye Tracker,1315.0,383.0,Valid,Valid,Fixation
1670925728.958586,,Eye Tracker,1314.0,380.0,Valid,Valid,Fixation
1670925728.963908,,Mouse,1316.0,378.5,,,Fixation
1670925728.978326,,Eye Tracker,1318.0,377.0,Valid,Valid,Fixation
1670925728.980563,,Eye Tracker,1318.0,377.0,Valid,Valid,Fixation
1670925728.997217,,Eye Tracker,1314.0,380.0,Valid,Valid,Fixation
1670925728.997531,,Eye Tracker,1317.0,381.0,Valid,Valid,Fixation
1670925729.008326,,Eye Tracker,1317.0,384.0,Valid,Valid,Fixation
1670925729.0138721,,Eye Tracker,1317.0,384.0,Valid,Valid,Fixation
1670925729.018362,,Mouse,1317.5,384.0,,,Fixation
1670925729.028604,,Eye Tracker,1318.0,384.0,Valid,Valid,Fixation
1670925729.030527,,Mouse,1320.0,381.5,,,Fixation
1670925729.047182,,Eye Tracker,1322.0,379.0,Valid,Valid,Fixation
1670925729.049371,,Mouse,1321.0,381.0,,,Fixation
1670925729.059714,,Eye Tracker,1320.0,383.0,Valid,Valid,Fixation
1670925729.063836,,Mouse,1320.0,381.5,,,Fixation
1670925729.078586,,Eye Tracker,1320.0,380.0,Valid,Valid,Fixation
1670925729.080491,,Mouse,1321.0,377.0,,,Fixation
1670925729.089319,,Eye Tracker,1322.0,374.0,Valid,Valid,Fixation
1670925729.097146,,Mouse,1322.0,374.5,,,Fixation
1670925729.099354,,Eye Tracker,1322.0,375.0,Valid,Valid,Fixation
1670925729.1138,,Mouse,1324.0,374.0,,,Fixation
1670925729.1185021,,Eye Tracker,1326.0,373.0,Valid,Valid,Fixation
1670925729.130455,,Mouse,1327.5,371.0,,,Fixation
1670925729.139287,,Eye Tracker,1329.0,369.0,Valid,Valid,Fixation
1670925729.14711,,Mouse,1328.0,370.5,,,Fixation
1670925729.149374,,Eye Tracker,1327.0,372.0,Valid,Valid,Fixation
1670925729.163764,,Mouse,1327.5,370.0,,,Fixation
1670925729.16837,,Eye Tracker,1328.0,368.0,Valid,Valid,Fixation
1670925729.179493,,Eye Tracker,1326.0,368.0,Valid,Valid,Fixation
1670925729.180419,,Mouse,1328.5,369.5,,,Fixation
1670925729.197074,,Eye Tracker,1331.0,371.0,Valid,Valid,Fixation
1670925729.199506,,Mouse,1333.0,367.3333333333333,,,Fixation
1670925729.2137291,,Mouse,1335.0,363.6666666666667,,,Fixation
1670925729.220664,,Eye Tracker,1337.0,360.0,Valid,Valid,Fixation
1670925729.230384,,Eye Tracker,1334.0,357.0,Valid,Valid,Fixation
1670925729.2403421,,Mouse,1332.0,358.3333333333333,,,Fixation
1670925729.247039,,Mouse,1330.0,359.6666666666667,,,Fixation
1670925729.260386,,Eye Tracker,1328.0,361.0,Valid,Valid,Fixation
1670925729.263693,,Mouse,1329.3333333333333,361.0,,,Fixation
1670925729.280328,,Mouse,1330.6666666666667,361.0,,,Fixation
1670925729.280348,,Eye Tracker,1332.0,361.0,Valid,Valid,Fixation
1670925729.297003,,Eye Tracker,1345.0,357.0,Valid,Valid,Fixation
1670925729.300369,,Mouse,1343.3333333333333,357.6666666666667,,,Fixation
1670925729.313658,,Mouse,1341.6666666666667,358.3333333333333,,,Fixation
1670925729.3203251,,Eye Tracker,1340.0,359.0,Valid,Valid,Fixation
1670925729.330312,,Mouse,1338.6666666666667,359.0,,,Fixation
1670925729.339288,,Mouse,1337.3333333333333,359.0,,,Fixation
1670925729.346967,,Eye Tracker,1336.0,359.0,Valid,Valid,Fixation
1670925729.3503761,,Eye Tracker,1354.0,350.0,Valid,Valid,Fixation
1670925729.360408,,Mouse,1361.3333333333333,349.6666666666667,,,Fixation
1670925729.363622,,Mouse,1368.6666666666667,349.3333333333333,,,Fixation
1670925729.379363,,Eye Tracker,1376.0,349.0,Valid,Valid,Fixation
1670925729.380276,,Mouse,1377.0,350.5,,,Fixation
1670925729.390757,,Eye Tracker,1378.0,352.0,Valid,Valid,Fixation
1670925729.396931,,Mouse,1375.5,354.0,,,Fixation
1670925729.410479,,Eye Tracker,1373.0,356.0,Valid,Valid,Fixation
1670925729.4135861,,Mouse,1372.6666666666667,355.6666666666667,,,Fixation
1670925729.43024,,Mouse,1372.3333333333333,355.3333333333333,,,Fixation
1670925729.4304771,,Eye Tracker,1372.0,355.0,Valid,Valid,Fixation
1670925729.4468951,,Mouse,1371.6666666666667,356.0,,,Fixation
1670925729.46355,,Mouse,1371.3333333333333,357.0,,,Fixation
1670925729.47029,,Eye Tracker,1371.0,358.0,Valid,Valid,Fixation
1670925729.480205,,Eye Tracker,1371.0,361.0,Valid,Valid,Fixation
1670925729.480359,,Mouse,1372.0,361.5,,,Fixation
1670925729.490572,,Eye Tracker,1373.0,362.0,Valid,Valid,Fixation
1670925729.49686,,Mouse,1372.0,362.0,,,Fixation
1670925729.509579,,Eye Tracker,1371.0,362.0,Valid,Valid,Fixation
1670925729.513515,,Mouse,1372.0,359.5,,,Fixation
1670925729.520351,,Eye Tracker,1373.0,357.0,Valid,Valid,Fixation
1670925729.530169,,Mouse,1373.0,359.0,,,Fixation
1670925729.530382,,Eye Tracker,1373.0,361.0,Valid,Valid,Fixation
1670925729.546824,,Mouse,1374.6666666666667,358.0,,,Fixation
1670925729.5504591,,Mouse,1376.3333333333333,355.0,,,Fixation
1670925729.56147,,Eye Tracker,1378.0,352.0,Valid,Valid,Fixation
1670925729.563479,,Eye Tracker,1396.0,342.0,Valid,Valid,Fixation
1670925729.580134,,Mouse,1403.0,326.6666666666667,,,Fixation
1670925729.581304,,Mouse,1410.0,311.3333333333333,,,Saccade
1670925729.596788,,Eye Tracker,1417.0,296.0,Valid,Valid,Saccade
1670925729.601326,,Mouse,1426.5,276.5,,,Saccade
1670925729.6134431,,Eye Tracker,1436.0,257.0,Valid,Valid,Saccade
1670925729.621339,,Eye Tracker,1438.0,245.0,Valid,Valid,Fixation
1670925729.630098,,Mouse,1438.0,243.0,,,Fixation
1670925729.641283,,Mouse,1438.0,241.0,,,Fixation
1670925729.646752,,Eye Tracker,1438.0,239.0,Valid,Valid,Fixation
1670925729.661323,,Mouse,1440.5,239.5,,,Fixation
1670925729.663407,,Eye Tracker,1443.0,240.0,Valid,Valid,Fixation
1670925729.680062,,Eye Tracker,1439.0,248.0,Valid,Valid,Fixation
1670925729.696716,,Mouse,1437.3333333333333,251.0,,,Fixation
1670925729.701374,,Mouse,1435.6666666666667,254.0,,,Fixation
1670925729.713371,,Eye Tracker,1434.0,257.0,Valid,Valid,Fixation
1670925729.721373,,Mouse,1432.5,258.5,,,Fixation
1670925729.730026,,Eye Tracker,1431.0,260.0,Valid,Valid,Fixation
1670925729.732255,,Mouse,1433.0,262.0,,,Fixation
1670925729.7423291,,Eye Tracker,1435.0,264.0,Valid,Valid,Fixation
1670925729.74668,,Mouse,1435.0,264.0,,,Fixation
1670925729.761316,,Eye Tracker,1435.0,264.0,Valid,Valid,Fixation
1670925729.763335,,Mouse,1435.6666666666667,264.6666666666667,,,Fixation
1670925729.772373,,Mouse,1436.3333333333333,265.3333333333333,,,Fixation
1670925729.77999,,Eye Tracker,1437.0,266.0,Valid,Valid,Fixation
1670925729.796644,,Eye Tracker,1433.0,273.0,Valid,Valid,Fixation
1670925729.813299,,Mouse,1424.5,272.5,,,Fixation
1670925729.8299541,,Eye Tracker,1416.0,272.0,Valid,Valid,Fixation
1670925729.846609,,Mouse,1415.0,271.3333333333333,,,Fixation
1670925729.8514261,,Mouse,1414.0,270.6666666666667,,,Fixation
1670925729.86231,,Eye Tracker,1413.0,270.0,Valid,Valid,Fixation
1670925729.8632631,,Mouse,1414.5,261.5,,,Fixation
1670925729.879919,,Eye Tracker,1416.0,253.0,Valid,Valid,Fixation
1670925729.896574,,Mouse,1415.0,252.5,,,Fixation
1670925729.913228,,Eye Tracker,1414.0,252.0,Valid,Valid,Fixation
1670925729.929883,,Mouse,1410.5,255.0,,,Fixation
1670925729.946538,,Eye Tracker,1407.0,258.0,Valid,Valid,Fixation
1670925729.963192,,Mouse,1407.0,257.0,,,Fixation
1670925729.979847,,Eye Tracker,1407.0,256.0,Valid,Valid,Fixation
1670925729.996502,,Mouse,1409.3333333333333,256.0,,,Fixation
1670925730.013156,,Mouse,1411.6666666666667,256.0,,,Fixation
1670925730.0298111,,Eye Tracker,1414.0,256.0,Valid,Valid,Fixation
1670925730.042493,,Mouse,1411.5,255.5,,,Fixation
1670925730.042493,,Eye Tracker,1409.0,255.0,Valid,Valid,Fixation
1670925730.046466,,Eye Tracker,1410.0,261.0,Valid,Valid,Fixation
1670925730.0631201,,Mouse,1412.5,260.0,,,Fixation
1670925730.079775,,Eye Tracker,1415.0,259.0,Valid,Valid,Fixation
1670925730.09643,,Mouse,1414.0,261.5,,,Fixation
1670925730.113085,,Eye Tracker,1413.0,264.0,Valid,Valid,Fixation
1670925730.129739,,Mouse,1414.5,267.0,,,Fixation
1670925730.146394,,Eye Tracker,1416.0,270.0,Valid,Valid,Fixation
1670925730.163049,,Mouse,1414.5,267.5,,,Fixation
1670925730.179703,,Eye Tracker,1413.0,265.0,Valid,Valid,Fixation
1670925730.196358,,Mouse,1411.0,264.0,,,Fixation
1670925730.213013,,Eye Tracker,1409.0,263.0,Valid,Valid,Fixation
1670925730.229667,,Mouse,1424.5,235.5,,,Saccade
1670925730.246322,,Eye Tracker,1440.0,208.0,Valid,Valid,Saccade
1670925730.2629771,,Mouse,1451.5,188.5,,,Saccade
1670925730.279632,,Eye Tracker,1463.0,169.0,Valid,Valid,Saccade
1670925730.296287,,Eye Tracker,1482.0,162.0,Valid,Valid,Fixation
1670925730.312942,,Mouse,1484.5,159.5,,,Fixation
1670925730.329596,,Eye Tracker,1487.0,157.0,Valid,Valid,Fixation
1670925730.346251,,Mouse,1485.0,155.5,,,Fixation
1670925730.362906,,Eye Tracker,1483.0,154.0,Valid,Valid,Fixation
1670925730.379561,,Mouse,1484.0,153.5,,,Fixation
1670925730.393585,,Eye Tracker,1485.0,153.0,Valid,Valid,Fixation
1670925730.396215,,Mouse,1483.3333333333333,154.33333333333334,,,Fixation
1670925730.41287,,Mouse,1481.6666666666667,155.66666666666666,,,Fixation
1670925730.414503,,Eye Tracker,1480.0,157.0,Valid,Valid,Fixation
1670925730.4295251,,Mouse,1478.0,156.5,,,Fixation
1670925730.4343321,,Eye Tracker,1476.0,156.0,Valid,Valid,Fixation
1670925730.446179,,Mouse,1481.0,151.5,,,Fixation
1670925730.4544601,,Eye Tracker,1486.0,147.0,Valid,Valid,Fixation
1670925730.4628341,,Mouse,1486.0,146.0,,,Fixation
1670925730.479489,,Eye Tracker,1486.0,145.0,Valid,Valid,Fixation
1670925730.483589,,Mouse,1486.0,148.0,,,Fixation
1670925730.496143,,Eye Tracker,1486.0,151.0,Valid,Valid,Fixation
1670925730.504561,,Mouse,1493.5,148.0,,,Fixation
1670925730.512798,,Eye Tracker,1501.0,145.0,Valid,Valid,Fixation
1670925730.523333,,Mouse,1502.3333333333333,142.66666666666666,,,Fixation
1670925730.529453,,Mouse,1503.6666666666667,140.33333333333334,,,Fixation
1670925730.544498,,Eye Tracker,1505.0,138.0,Valid,Valid,Fixation
1670925730.546107,,Mouse,1504.0,136.5,,,Fixation
1670925730.562762,,Eye Tracker,1503.0,135.0,Valid,Valid,Fixation
1670925730.5643191,,Eye Tracker,1501.0,141.0,Valid,Valid,Fixation
1670925730.574326,,Mouse,1501.0,141.0,,,Fixation
1670925730.579417,,Eye Tracker,1501.0,141.0,Valid,Valid,Fixation
1670925730.5953271,,Mouse,1501.5,137.0,,,Fixation
1670925730.596071,,Eye Tracker,1502.0,133.0,Valid,Valid,Fixation
1670925730.612726,,Mouse,1500.5,132.5,,,Fixation
1670925730.614597,,Eye Tracker,1499.0,132.0,Valid,Valid,Fixation
1670925730.625322,,Mouse,1497.0,132.5,,,Fixation
1670925730.629381,,Eye Tracker,1495.0,133.0,Valid,Valid,Fixation
1670925730.6355891,,Mouse,1500.5,132.5,,,Fixation
1670925730.645714,,Eye Tracker,1506.0,132.0,Valid,Valid,Fixation
1670925730.6460361,,Eye Tracker,1539.0,121.0,Valid,Valid,Saccade
1670925730.66269,,Eye Tracker,1542.0,123.0,Valid,Valid,Fixation
1670925730.66532,,Eye Tracker,1542.0,123.0,Valid,Valid,Fixation
1670925730.675487,,Eye Tracker,1539.0,125.0,Valid,Valid,Fixation
1670925730.679346,,Mouse,1542.0,123.0,,,Fixation
1670925730.6942961,,Eye Tracker,1545.0,121.0,Valid,Valid,Fixation
1670925730.696001,,Mouse,1547.0,120.0,,,Fixation
1670925730.712655,,Mouse,1549.0,119.0,,,Fixation
1670925730.7154481,,Eye Tracker,1551.0,118.0,Valid,Valid,Fixation
1670925730.72931,,Mouse,1549.5,117.5,,,Fixation
1670925730.735291,,Eye Tracker,1548.0,117.0,Valid,Valid,Fixation
1670925730.745584,,Mouse,1547.0,115.5,,,Fixation
1670925730.745965,,Eye Tracker,1546.0,114.0,Valid,Valid,Fixation
1670925730.756342,,Mouse,1548.5,114.5,,,Fixation
1670925730.762619,,Eye Tracker,1551.0,115.0,Valid,Valid,Fixation
1670925730.776573,,Mouse,1552.5,114.0,,,Fixation
1670925730.779274,,Eye Tracker,1554.0,113.0,Valid,Valid,Fixation
1670925730.795929,,Mouse,1553.5,111.5,,,Fixation
1670925730.796327,,Eye Tracker,1553.0,110.0,Valid,Valid,Fixation
1670925730.806387,,Mouse,1558.5,99.5,,,Fixation
1670925730.812583,,Eye Tracker,1564.0,89.0,Valid,Valid,Fixation
1670925730.816627,,Mouse,1571.0,126.0,,,Saccade
1670925730.829238,,Eye Tracker,1578.0,163.0,Valid,Valid,Saccade
1670925730.836498,,Mouse,1571.0,186.5,,,Saccade
1670925730.8458931,,Eye Tracker,1564.0,210.0,Valid,Valid,Saccade
1670925730.856347,,Mouse,1564.5,209.5,,,Saccade
1670925730.862547,,Eye Tracker,1565.0,209.0,Valid,Valid,Fixation
1670925730.875406,,Mouse,1576.5,196.0,,,Fixation
1670925730.8792021,,Eye Tracker,1588.0,183.0,Valid,Valid,Fixation
1670925730.886346,,Mouse,1583.0,185.5,,,Fixation
1670925730.895857,,Eye Tracker,1578.0,188.0,Valid,Valid,Fixation
1670925730.9053931,,Mouse,1571.5,198.5,,,Fixation
1670925730.912512,,Eye Tracker,1565.0,209.0,Valid,Valid,Fixation
1670925730.9263551,,Mouse,1566.5,205.0,,,Fixation
1670925730.929166,,Eye Tracker,1568.0,201.0,Valid,Valid,Fixation
1670925730.936358,,Mouse,1567.0,199.0,,,Fixation
1670925730.945822,,Eye Tracker,1566.0,197.0,Valid,Valid,Fixation
1670925730.962477,,Eye Tracker,1564.0,186.0,Valid,Valid,Fixation
1670925730.966442,,Mouse,1566.5,183.5,,,Fixation
1670925730.976449,,Eye Tracker,1569.0,181.0,Valid,Valid,Fixation
1670925730.979131,,Mouse,1568.6666666666667,183.33333333333334,,,Fixation
1670925730.995786,,Mouse,1568.3333333333333,185.66666666666666,,,Fixation
1670925731.012441,,Eye Tracker,1568.0,188.0,Valid,Valid,Fixation
1670925731.016333,,Mouse,1568.5,189.0,,,Fixation
1670925731.029094,,Eye Tracker,1569.0,190.0,Valid,Valid,Fixation
1670925731.045373,,Mouse,1567.0,190.0,,,Fixation
1670925731.045749,,Eye Tracker,1565.0,190.0,Valid,Valid,Fixation
1670925731.056322,,Mouse,1566.5,189.0,,,Fixation
1670925731.062405,,Eye Tracker,1568.0,188.0,Valid,Valid,Fixation
1670925731.076491,,Mouse,1564.5,186.0,,,Fixation
1670925731.0790591,,Eye Tracker,1561.0,184.0,Valid,Valid,Fixation
1670925731.095714,,Mouse,1552.5,182.0,,,Fixation
1670925731.09744,,Eye Tracker,1544.0,180.0,Valid,Valid,Fixation
1670925731.107477,,Mouse,1542.5,180.0,,,Fixation
1670925731.112369,,Eye Tracker,1541.0,180.0,Valid,Valid,Fixation
1670925731.12631,,Eye Tracker,1543.0,180.0,Valid,Valid,Fixation
1670925731.129023,,Mouse,1542.5,176.5,,,Fixation
1670925731.137558,,Eye Tracker,1542.0,173.0,Valid,Valid,Fixation
1670925731.145678,,Mouse,1540.0,173.5,,,Fixation
1670925731.147584,,Eye Tracker,1538.0,174.0,Valid,Valid,Fixation
1670925731.162333,,Eye Tracker,1534.0,170.0,Valid,Valid,Fixation
1670925731.178988,,Mouse,1533.3333333333333,171.33333333333334,,,Fixation
1670925731.195642,,Mouse,1532.6666666666667,172.66666666666666,,,Fixation
1670925731.212297,,Eye Tracker,1532.0,174.0,Valid,Valid,Fixation
1670925731.228952,,Mouse,1532.0,170.5,,,Fixation
1670925731.237565,,Eye Tracker,1532.0,167.0,Valid,Valid,Fixation
1670925731.245606,,Mouse,1534.0,163.0,,,Fixation
1670925731.257286,,Eye Tracker,1536.0,159.0,Valid,Valid,Fixation
1670925731.262261,,Mouse,1545.0,151.0,,,Fixation
1670925731.268475,,Eye Tracker,1554.0,143.0,Valid,Valid,Fixation
1670925731.278687,,Mouse,1556.3333333333333,133.0,,,Fixation
1670925731.2789161,,Mouse,1558.6666666666667,123.0,,,Saccade
1670925731.2955701,,Eye Tracker,1561.0,113.0,Valid,Valid,Saccade
1670925731.297614,,Eye Tracker,1555.0,100.0,Valid,Valid,Fixation
1670925731.312225,,Mouse,1556.3333333333333,99.66666666666667,,,Fixation
1670925731.3184001,,Mouse,1557.6666666666667,99.33333333333333,,,Fixation
1670925731.328881,,Eye Tracker,1559.0,99.0,Valid,Valid,Fixation
1670925731.337248,,Mouse,1557.0,95.5,,,Fixation
1670925731.345535,,Eye Tracker,1555.0,92.0,Valid,Valid,Fixation
1670925731.348327,,Mouse,1553.5,89.0,,,Fixation
1670925731.362189,,Eye Tracker,1552.0,86.0,Valid,Valid,Fixation
1670925731.368441,,Mouse,1550.0,90.5,,,Fixation
1670925731.378844,,Eye Tracker,1548.0,95.0,Valid,Valid,Fixation
1670925731.388317,,Eye Tracker,1546.0,100.0,Valid,Valid,Fixation
1670925731.395498,,Eye Tracker,1543.0,93.0,Valid,Valid,Fixation
1670925731.398327,,Mouse,1542.0,95.0,,,Fixation
1670925731.408581,,Mouse,1541.0,97.0,,,Fixation
1670925731.412153,,Eye Tracker,1540.0,99.0,Valid,Valid,Fixation
1670925731.427324,,Mouse,1540.5,106.0,,,Fixation
1670925731.428808,,Eye Tracker,1541.0,113.0,Valid,Valid,Fixation
1670925731.445463,,Mouse,1542.0,112.5,,,Fixation
1670925731.4482791,,Eye Tracker,1543.0,112.0,Valid,Valid,Fixation
1670925731.458281,,Mouse,1545.6666666666667,109.0,,,Fixation
1670925731.462117,,Mouse,1548.3333333333333,106.0,,,Fixation
1670925731.4783201,,Eye Tracker,1551.0,103.0,Valid,Valid,Fixation
1670925731.478773,,Eye Tracker,1546.0,108.0,Valid,Valid,Fixation
1670925731.495428,,Mouse,1540.0,108.0,,,Fixation
1670925731.498357,,Eye Tracker,1534.0,108.0,Valid,Valid,Fixation
1670925731.512082,,Mouse,1542.0,95.5,,,Fixation
1670925731.51831,,Eye Tracker,1550.0,83.0,Valid,Valid,Fixation
1670925731.528737,,Eye Tracker,1550.0,101.0,Valid,Valid,Fixation
1670925731.538459,,Mouse,1542.0,113.0,,,Fixation
1670925731.545392,,Eye Tracker,1534.0,125.0,Valid,Valid,Fixation
1670925731.558283,,Mouse,1541.0,122.0,,,Fixation
1670925731.562046,,Eye Tracker,1548.0,119.0,Valid,Valid,Fixation
1670925731.5685751,,Eye Tracker,1549.0,113.0,Valid,Valid,Fixation
1670925731.578701,,Eye Tracker,1546.0,109.0,Valid,Valid,Fixation
1670925731.588282,,Eye Tracker,1536.0,102.0,Valid,Valid,Fixation
1670925731.595356,,Eye Tracker,1530.0,98.0,Valid,Valid,Fixation
1670925731.598386,,Eye Tracker,1532.0,98.0,Valid,Valid,Fixation
1670925731.61201,,Eye Tracker,1531.0,97.0,Valid,Valid,Fixation
1670925731.619311,,Eye Tracker,1532.0,92.0,Valid,Valid,Fixation
1670925731.628665,,Eye Tracker,1540.0,87.0,Valid,Valid,Fixation
1670925731.638371,,Mouse,1540.0,87.5,,,Fixation
1670925731.64532,,Eye Tracker,1540.0,88.0,Valid,Valid,Fixation
1670925731.649318,,Mouse,1538.0,86.0,,,Fixation
1670925731.659331,,Eye Tracker,1536.0,84.0,Valid,Valid,Fixation
1670925731.661974,,Eye Tracker,1539.0,80.0,Valid,Valid,Fixation
1670925731.669589,,Mouse,1540.5,80.0,,,Fixation
1670925731.678629,,Eye Tracker,1542.0,80.0,Valid,Valid,Fixation
1670925731.6952841,,Mouse,1543.0,79.5,,,Fixation
1670925731.699563,,Eye Tracker,1544.0,79.0,Valid,Valid,Fixation
1670925731.711939,,Mouse,1543.6666666666667,77.66666666666667,,,Fixation
1670925731.728593,,Mouse,1543.3333333333333,76.33333333333333,,,Fixation
1670925731.739369,,Eye Tracker,1543.0,75.0,Valid,Valid,Fixation
1670925731.745249,,Mouse,1543.0,72.5,,,Fixation
1670925731.759566,,Eye Tracker,1543.0,70.0,Valid,Valid,Fixation
1670925731.761904,,Eye Tracker,1546.0,68.0,Valid,Valid,Fixation
1670925731.778558,,Mouse,1546.0,66.5,,,Fixation
1670925731.780312,,Eye Tracker,1546.0,65.0,Valid,Valid,Fixation
1670925731.79032,,Eye Tracker,1545.0,54.0,Valid,Valid,Fixation
1670925731.795213,,Mouse,1545.0,53.5,,,Fixation
1670925731.800456,,Eye Tracker,1545.0,53.0,Valid,Valid,Fixation
1670925731.811868,,Mouse,1543.0,56.0,,,Fixation
1670925731.820302,,Eye Tracker,1541.0,59.0,Valid,Valid,Fixation
1670925731.828522,,Mouse,1541.3333333333333,61.0,,,Fixation
1670925731.830309,,Mouse,1541.6666666666667,63.0,,,Fixation
1670925731.840339,,Eye Tracker,1542.0,65.0,Valid,Valid,Fixation
1670925731.845177,,Eye Tracker,1544.0,63.0,Valid,Valid,Fixation
1670925731.860291,,Mouse,1547.5,62.0,,,Fixation
1670925731.8618321,,Eye Tracker,1551.0,61.0,Valid,Valid,Fixation
1670925731.870479,,Mouse,1550.3333333333333,62.333333333333336,,,Fixation
1670925731.878486,,Mouse,1549.6666666666667,63.666666666666664,,,Fixation
1670925731.889609,,Eye Tracker,1549.0,65.0,Valid,Valid,Fixation
1670925731.8951411,,Mouse,1547.5,64.5,,,Fixation
1670925731.900453,,Eye Tracker,1546.0,64.0,Valid,Valid,Fixation
1670925731.911796,,Mouse,1544.0,65.5,,,Fixation
1670925731.920312,,Eye Tracker,1542.0,67.0,Valid,Valid,Fixation
1670925731.92845,,Mouse,1539.5,66.5,,,Fixation
1670925731.939395,,Eye Tracker,1537.0,66.0,Valid,Valid,Fixation
1670925731.945105,,Mouse,1537.5,64.0,,,Fixation
1670925731.9502811,,Eye Tracker,1538.0,62.0,Valid,Valid,Fixation
1670925731.960449,,Mouse,1538.0,61.666666666666664,,,Fixation
1670925731.96176,,Mouse,1538.0,61.333333333333336,,,Fixation
1670925731.970563,,Eye Tracker,1538.0,61.0,Valid,Valid,Fixation
1670925731.978415,,Mouse,1542.0,60.0,,,Fixation
1670925731.990331,,Eye Tracker,1546.0,59.0,Valid,Valid,Fixation
1670925731.995069,,Eye Tracker,1552.0,57.0,Valid,Valid,Fixation
1670925732.000469,,Mouse,1548.0,59.5,,,Fixation
1670925732.011725,,Eye Tracker,1544.0,62.0,Valid,Valid,Fixation
1670925732.019311,,Mouse,1543.0,59.0,,,Fixation
1670925732.028379,,Eye Tracker,1542.0,56.0,Valid,Valid,Fixation
1670925732.030448,,Mouse,1544.0,53.5,,,Fixation
1670925732.045033,,Eye Tracker,1546.0,51.0,Valid,Valid,Fixation
1670925732.050323,,Mouse,1544.0,51.666666666666664,,,Fixation
1670925732.061688,,Mouse,1542.0,52.333333333333336,,,Fixation
1670925732.070479,,Eye Tracker,1540.0,53.0,Valid,Valid,Fixation
1670925732.078343,,Mouse,1541.0,49.5,,,Fixation
1670925732.090379,,Eye Tracker,1542.0,46.0,Valid,Valid,Fixation
1670925732.094997,,Mouse,1544.5,45.5,,,Fixation
1670925732.110311,,Eye Tracker,1547.0,45.0,Valid,Valid,Fixation
1670925732.1116521,,Mouse,1544.0,43.0,,,Fixation
1670925732.121321,,Eye Tracker,1541.0,41.0,Valid,Valid,Fixation
1670925732.128308,,Mouse,1540.0,43.5,,,Fixation
1670925732.141313,,Eye Tracker,1539.0,46.0,Valid,Valid,Fixation
1670925732.144962,,Mouse,1544.5,48.0,,,Fixation
1670925732.1613111,,Eye Tracker,1550.0,50.0,Valid,Valid,Fixation
1670925732.161617,,Mouse,1550.6666666666667,49.666666666666664,,,Fixation
1670925732.178272,,Mouse,1551.3333333333333,49.333333333333336,,,Fixation
1670925732.181257,,Eye Tracker,1552.0,49.0,Valid,Valid,Fixation
1670925732.194925,,Eye Tracker,1548.0,41.0,Valid,Valid,Fixation
1670925732.20137,,Eye Tracker,1550.0,40.0,Valid,Valid,Fixation
1670925732.21158,,Eye Tracker,1552.0,38.0,Valid,Valid,Fixation
1670925732.221374,,Eye Tracker,1549.0,37.0,Valid,Valid,Fixation
1670925732.228235,,Eye Tracker,1545.0,37.0,Valid,Valid,Fixation
1670925732.241285,,Mouse,1548.0,36.0,,,Fixation
1670925732.24489,,Eye Tracker,1551.0,35.0,Valid,Valid,Fixation
1670925732.251319,,Eye Tracker,1556.0,32.0,Valid,Valid,Fixation
1670925732.261382,,Mouse,1554.0,29.333333333333332,,,Fixation
1670925732.261544,,Mouse,1552.0,26.666666666666668,,,Fixation
1670925732.2782001,,Eye Tracker,1550.0,24.0,Valid,Valid,Fixation
1670925732.282304,,Mouse,1549.5,22.0,,,Fixation
1670925732.292383,,Eye Tracker,1549.0,20.0,Valid,Valid,Fixation
1670925732.294855,,Mouse,1549.0,19.0,,,Fixation
1670925732.3115091,,Eye Tracker,1549.0,18.0,Valid,Valid,Fixation
1670925732.31231,,Mouse,1549.5,19.0,,,Fixation
1670925732.328164,,Eye Tracker,1550.0,20.0,Valid,Valid,Fixation
1670925732.332335,,Mouse,1551.5,19.5,,,Fixation
1670925732.344819,,Eye Tracker,1553.0,19.0,Valid,Valid,Fixation
1670925732.352361,,Eye Tracker,1554.0,18.0,Valid,Valid,Fixation
1670925732.361473,,Mouse,1555.0,16.5,,,Fixation
1670925732.372297,,Eye Tracker,1556.0,15.0,Valid,Valid,Fixation
1670925732.378128,,Mouse,1556.0,15.666666666666666,,,Fixation
1670925732.382314,,Mouse,1556.0,16.333333333333332,,,Fixation
1670925732.394783,,Eye Tracker,1556.0,17.0,Valid,Valid,Fixation
1670925732.401341,,Mouse,1557.5,16.0,,,Fixation
1670925732.411437,,Eye Tracker,1559.0,15.0,Valid,Valid,Fixation
1670925732.412277,,Mouse,1558.0,10.0,,,Fixation
1670925732.422382,,Eye Tracker,1557.0,5.0,Valid,Valid,Fixation
1670925732.428092,,Mouse,1555.5,6.0,,,Fixation
1670925732.432606,,Eye Tracker,1554.0,7.0,Valid,Valid,Fixation
1670925732.444747,,Eye Tracker,1572.0,15.0,Valid,Valid,Fixation
1670925732.451319,,Mouse,1576.0,15.5,,,Fixation
1670925732.461401,,Eye Tracker,1580.0,16.0,Valid,Valid,Fixation
1670925732.462317,,Mouse,1579.3333333333333,14.333333333333334,,,Fixation
1670925732.472333,,Mouse,1578.6666666666667,12.666666666666666,,,Fixation
1670925732.478056,,Eye Tracker,1578.0,11.0,Valid,Valid,Fixation
1670925732.491389,,Eye Tracker,1584.0,6.0,Valid,Valid,Fixation
1670925732.494711,,Eye Tracker,1585.0,3.0,Valid,Valid,Fixation
1670925732.5023181,,Eye Tracker,1582.0,1.0,Valid,Valid,Fixation
1670925732.5113661,,Eye Tracker,1586.0,11.0,Valid,Valid,Fixation
1670925732.522345,,Eye Tracker,1588.0,12.0,Valid,Valid,Fixation
1670925732.528021,,Eye Tracker,1585.0,11.0,Valid,Valid,Fixation
1670925732.54235,,Eye Tracker,1582.0,11.0,Valid,Valid,Fixation
1670925732.544676,,Eye Tracker,1590.0,5.0,Valid,Valid,Fixation
1670925732.561331,,Eye Tracker,1597.0,3.0,Valid,Valid,Fixation
1670925732.562319,,Eye Tracker,1590.0,12.0,Valid,Valid,Fixation
1670925732.577985,,Mouse,1588.0,13.0,,,Fixation
1670925732.582235,,Eye Tracker,1586.0,14.0,Valid,Valid,Fixation
1670925732.592531,,Mouse,1586.5,11.0,,,Fixation
1670925732.59464,,Eye Tracker,1587.0,8.0,Valid,Valid,Fixation
1670925732.611295,,Eye Tracker,1590.0,10.0,Valid,Valid,Fixation
1670925732.61231,,Mouse,1594.0,7.5,,,Fixation
1670925732.623377,,Eye Tracker,1598.0,5.0,Valid,Valid,Fixation
1670925732.627949,,Mouse,1598.5,4.5,,,Fixation
1670925732.643307,,Eye Tracker,1599.0,4.0,Valid,Valid,Fixation
1670925732.644604,,Eye Tracker,1595.0,12.0,Valid,Valid,Fixation
1670925732.661259,,Eye Tracker,1593.0,13.0,Valid,Valid,Fixation
1670925732.673345,,Eye Tracker,1592.0,10.0,Valid,Valid,Fixation
1670925732.677913,,Eye Tracker,1594.0,13.0,Valid,Valid,Fixation
1670925732.68342,,Eye Tracker,1592.0,13.0,Valid,Valid,Fixation
1670925732.693491,,Eye Tracker,1590.0,10.0,Valid,Valid,Fixation
1670925732.694568,,Mouse,1591.5,6.5,,,Fixation
1670925732.7112231,,Eye Tracker,1593.0,3.0,Valid,Valid,Fixation
1670925732.71327,,Mouse,1592.5,3.0,,,Fixation
1670925732.723342,,Eye Tracker,1592.0,3.0,Valid,Valid,Fixation
1670925732.7278771,,Mouse,1589.0,6.0,,,Fixation
1670925732.742307,,Eye Tracker,1586.0,9.0,Valid,Valid,Fixation
1670925732.744532,,Mouse,1586.0,8.0,,,Fixation
1670925732.753423,,Eye Tracker,1586.0,7.0,Valid,Valid,Fixation
1670925732.761187,,Eye Tracker,1591.0,-1.0,Valid,Valid,Fixation
1670925732.773276,,Eye Tracker,1592.0,-2.0,Valid,Valid,Fixation
1670925732.777842,,Eye Tracker,1588.0,4.0,Valid,Valid,Fixation
1670925732.783286,,Mouse,1592.0,4.5,,,Fixation
1670925732.7935011,,Eye Tracker,1596.0,5.0,Valid,Valid,Fixation
1670925732.794497,,Mouse,1599.0,3.5,,,Fixation
1670925732.804534,,Eye Tracker,1602.0,2.0,Valid,Valid,Fixation
1670925732.811152,,Mouse,1600.5,-0.5,,,Fixation
1670925732.824446,,Eye Tracker,1599.0,-3.0,Valid,Valid,Fixation
1670925732.827807,,Eye Tracker,1603.0,-9.0,Valid,Valid,Fixation
1670925732.8443131,,Eye Tracker,1603.0,0.0,Valid,Valid,Fixation
1670925732.844461,,Mouse,1597.0,5.0,,,Fixation
1670925732.854569,,Eye Tracker,1591.0,10.0,Valid,Valid,Fixation
1670925732.861116,,Eye Tracker,1590.0,12.0,Valid,Valid,Fixation
1670925732.873296,,Eye Tracker,1587.0,12.0,Valid,Valid,Fixation
1670925732.8777711,,Eye Tracker,1588.0,16.0,Valid,Valid,Fixation
1670925732.884595,,Eye Tracker,1587.0,21.0,Valid,Valid,Fixation
1670925732.894425,,Eye Tracker,1584.0,21.0,Valid,Valid,Fixation
1670925732.9043071,,Eye Tracker,1586.0,23.0,Valid,Valid,Fixation
1670925732.9110801,,Eye Tracker,1581.0,23.0,Valid,Valid,Fixation
1670925732.924374,,Eye Tracker,1579.0,24.0,Valid,Valid,Fixation
1670925732.927735,,Mouse,1580.0,23.5,,,Fixation
1670925732.944312,,Eye Tracker,1581.0,23.0,Valid,Valid,Fixation
1670925732.944389,,Mouse,1580.6666666666667,23.333333333333332,,,Fixation
1670925732.961044,,Mouse,1580.3333333333333,23.666666666666668,,,Fixation
1670925732.964324,,Eye Tracker,1580.0,24.0,Valid,Valid,Fixation
1670925732.977699,,Eye Tracker,1578.0,24.0,Valid,Valid,Fixation
1670925732.984301,,Mouse,1576.0,29.0,,,Fixation
1670925732.994353,,Eye Tracker,1574.0,34.0,Valid,Valid,Fixation
1670925732.9943721,,Eye Tracker,1572.0,36.0,Valid,Valid,Fixation
1670925733.011008,,Eye Tracker,1575.0,30.0,Valid,Valid,Fixation
1670925733.014368,,Mouse,1573.6666666666667,30.0,,,Fixation
1670925733.027663,,Mouse,1572.3333333333333,30.0,,,Fixation
1670925733.034307,,Eye Tracker,1571.0,30.0,Valid,Valid,Fixation
1670925733.044318,MouseEvent,,1571.25,30.75,,,Fixation
1670925733.054646,,Mouse,1571.5,31.5,,,Fixation
1670925733.060973,,Mouse,1571.75,32.25,,,Fixation
1670925733.074281,,Eye Tracker,1572.0,33.0,Valid,Valid,Fixation
1670925733.0776281,,Eye Tracker,1576.0,27.0,Valid,Valid,Fixation
1670925733.094283,,Eye Tracker,1576.0,20.0,Valid,Valid,Fixation
1670925733.094422,,Eye Tracker,1573.0,25.0,Valid,Valid,Fixation
1670925733.110937,,Eye Tracker,1566.0,29.0,Valid,Valid,Fixation
1670925733.11432,,Eye Tracker,1567.0,25.0,Valid,Valid,Fixation
1670925733.124619,,Eye Tracker,1570.0,25.0,Valid,Valid,Fixation
1670925733.127592,,Mouse,1570.5,24.5,,,Fixation
1670925733.135336,,Eye Tracker,1571.0,24.0,Valid,Valid,Fixation
1670925733.144247,,Mouse,1567.5,22.0,,,Fixation
1670925733.145353,,Eye Tracker,1564.0,20.0,Valid,Valid,Fixation
1670925733.155361,,Eye Tracker,1564.0,19.0,Valid,Valid,Fixation
1670925733.160901,,Eye Tracker,1567.0,15.0,Valid,Valid,Fixation
1670925733.17428,,Mouse,1567.0,15.0,,,Fixation
1670925733.177556,,Eye Tracker,1567.0,15.0,Valid,Valid,Fixation
1670925733.185458,,Mouse,1568.0,20.0,,,Fixation
1670925733.194211,,Eye Tracker,1569.0,25.0,Valid,Valid,Fixation
1670925733.205312,,Eye Tracker,1570.0,26.0,Valid,Valid,Fixation
1670925733.210865,,Mouse,1570.0,26.5,,,Fixation
1670925733.225445,,Eye Tracker,1570.0,27.0,Valid,Valid,Fixation
1670925733.22752,,Eye Tracker,1569.0,30.0,Valid,Valid,Fixation
1670925733.244175,,Eye Tracker,1574.0,29.0,Valid,Valid,Fixation
1670925733.245287,,Eye Tracker,1576.0,28.0,Valid,Valid,Fixation
1670925733.260829,,Eye Tracker,1574.0,27.0,Valid,Valid,Fixation
1670925733.265327,,Eye Tracker,1555.0,37.0,Valid,Valid,Fixation
1670925733.277484,,Eye Tracker,1434.0,115.0,Valid,Valid,Saccade
1670925733.2856011,MouseEvent,,1343.3333333333333,151.33333333333334,,,Saccade
1670925733.2941391,,Mouse,1252.6666666666667,187.66666666666669,,,Saccade
1670925733.306284,,Eye Tracker,1162.0,224.0,Valid,Valid,Saccade
1670925733.310794,,Mouse,1094.5,246.0,,,Saccade
1670925733.32636,,Eye Tracker,1027.0,268.0,Valid,Valid,Saccade
1670925733.327449,,Mouse,995.6666666666666,290.3333333333333,,,Saccade
1670925733.344104,,Mouse,964.3333333333334,312.6666666666667,,,Saccade
1670925733.345331,,Eye Tracker,933.0,335.0,Valid,Valid,Saccade
1670925733.356433,,Mouse,926.3333333333334,360.0,,,Saccade
1670925733.360759,,Mouse,919.6666666666666,385.0,,,Saccade
1670925733.37629,,Eye Tracker,913.0,410.0,Valid,Valid,Saccade
1670925733.377413,,Mouse,928.5,421.5,,,Unclassified
1670925733.394068,,Eye Tracker,944.0,433.0,Valid,Valid,Unclassified
1670925733.396303,,Mouse,978.5,427.0,,,Unclassified
1670925733.406312,,Eye Tracker,1013.0,421.0,Valid,Valid,Saccade
1670925733.410723,,Mouse,1030.5,413.0,,,Saccade
1670925733.416476,,Eye Tracker,1048.0,405.0,Valid,Valid,Saccade
1670925733.427377,,Mouse,1052.5,398.5,,,Saccade
1670925733.436288,,Eye Tracker,1057.0,392.0,Valid,Valid,Fixation
1670925733.444032,,Mouse,1057.3333333333333,390.6666666666667,,,Fixation
1670925733.446321,,Mouse,1057.6666666666667,389.3333333333333,,,Fixation
1670925733.456607,,Eye Tracker,1058.0,388.0,Valid,Valid,Fixation
1670925733.460687,,Mouse,1057.0,393.5,,,Fixation
1670925733.476324,,Eye Tracker,1056.0,399.0,Valid,Valid,Fixation
1670925733.477341,,Mouse,1055.5,398.5,,,Fixation
1670925733.486448,,Eye Tracker,1055.0,398.0,Valid,Valid,Fixation
1670925733.4939961,,Mouse,1051.5,396.0,,,Fixation
1670925733.506313,,Eye Tracker,1048.0,394.0,Valid,Valid,Fixation
1670925733.510651,,Mouse,1048.5,398.0,,,Fixation
1670925733.526365,,Eye Tracker,1049.0,402.0,Valid,Valid,Fixation
1670925733.5273051,,Mouse,1053.0,404.0,,,Fixation
1670925733.54396,,Eye Tracker,1057.0,406.0,Valid,Valid,Fixation
1670925733.54636,,Mouse,1070.0,404.6666666666667,,,Fixation
1670925733.560615,,Mouse,1083.0,403.3333333333333,,,Saccade
1670925733.566283,,Eye Tracker,1096.0,402.0,Valid,Valid,Saccade
1670925733.5763211,,Mouse,1178.5,394.5,,,Saccade
1670925733.57727,,Eye Tracker,1261.0,387.0,Valid,Valid,Saccade
1670925733.586567,,Eye Tracker,1372.0,367.0,Valid,Valid,Saccade
1670925733.593925,,Eye Tracker,1391.0,370.0,Valid,Valid,Fixation
1670925733.606578,,Eye Tracker,1391.0,368.0,Valid,Valid,Fixation
1670925733.61058,,Eye Tracker,1383.0,364.0,Valid,Valid,Fixation
1670925733.626306,,Mouse,1382.0,368.0,,,Fixation
1670925733.627235,,Eye Tracker,1381.0,372.0,Valid,Valid,Fixation
1670925733.643889,,Eye Tracker,1379.0,386.0,Valid,Valid,Fixation
1670925733.64734,,Mouse,1376.0,388.5,,,Fixation
1670925733.657354,,Eye Tracker,1373.0,391.0,Valid,Valid,Fixation
1670925733.660544,,Mouse,1370.0,391.5,,,Fixation
1670925733.6771991,,Eye Tracker,1367.0,392.0,Valid,Valid,Fixation
1670925733.677358,,Mouse,1356.0,393.0,,,Fixation
1670925733.6938531,,Eye Tracker,1345.0,394.0,Valid,Valid,Fixation
1670925733.697253,,Mouse,1268.5,423.0,,,Saccade
1670925733.707316,,Eye Tracker,1192.0,452.0,Valid,Valid,Saccade
1670925733.710508,,Mouse,1068.0,489.5,,,Saccade
1670925733.717357,,Eye Tracker,944.0,527.0,Valid,Valid,Saccade
1670925733.727163,,Mouse,874.5,541.5,,,Saccade
1670925733.737576,,Eye Tracker,805.0,556.0,Valid,Valid,Saccade
1670925733.743817,,Mouse,736.0,582.5,,,Saccade
1670925733.757278,,Eye Tracker,667.0,609.0,Valid,Valid,Saccade
1670925733.760472,,Mouse,667.5,602.0,,,Fixation
1670925733.777127,,Eye Tracker,668.0,595.0,Valid,Valid,Fixation
1670925733.777362,,Eye Tracker,677.0,589.0,Valid,Valid,Fixation
1670925733.787365,,Mouse,682.0,588.5,,,Fixation
1670925733.793781,,Eye Tracker,687.0,588.0,Valid,Valid,Fixation
1670925733.807452,,Mouse,690.0,587.5,,,Fixation
1670925733.810436,,Eye Tracker,693.0,587.0,Valid,Valid,Fixation
1670925733.818535,,Mouse,697.5,585.0,,,Fixation
1670925733.827091,,Eye Tracker,702.0,583.0,Valid,Valid,Fixation
1670925733.83833,,Mouse,703.5,582.0,,,Fixation
1670925733.843746,,Eye Tracker,705.0,581.0,Valid,Valid,Fixation
1670925733.848573,,Mouse,703.5,582.0,,,Fixation
1670925733.860401,,Eye Tracker,702.0,583.0,Valid,Valid,Fixation
1670925733.86831,,Mouse,706.5,578.5,,,Fixation
1670925733.8770561,,Eye Tracker,711.0,574.0,Valid,Valid,Fixation
1670925733.878374,,Mouse,718.0,573.0,,,Fixation
1670925733.893711,,Eye Tracker,725.0,572.0,Valid,Valid,Fixation
1670925733.897307,,Mouse,516.0,611.5,,,Saccade
1670925733.908339,,Eye Tracker,307.0,651.0,Valid,Valid,Saccade
1670925733.910365,,Mouse,276.5,660.5,,,Saccade
1670925733.92702,,Eye Tracker,246.0,670.0,Valid,Valid,Saccade
1670925733.9283001,,Mouse,227.5,673.5,,,Saccade
1670925733.943675,,Eye Tracker,209.0,677.0,Valid,Valid,Saccade
1670925733.9483721,,Mouse,212.5,681.0,,,Saccade
1670925733.958395,,Eye Tracker,216.0,685.0,Valid,Valid,Fixation
1670925733.960329,,Mouse,220.0,687.0,,,Fixation
1670925733.976984,,Eye Tracker,224.0,689.0,Valid,Valid,Fixation
1670925733.977542,,Mouse,231.0,684.5,,,Fixation
1670925733.988332,,Eye Tracker,238.0,680.0,Valid,Valid,Fixation
1670925733.993639,,Mouse,240.5,680.0,,,Fixation
1670925734.008271,,Eye Tracker,243.0,680.0,Valid,Valid,Fixation
1670925734.010293,,Mouse,241.0,678.5,,,Fixation
1670925734.018527,,Eye Tracker,239.0,677.0,Valid,Valid,Fixation
1670925734.026948,,Mouse,240.5,676.0,,,Fixation
1670925734.038255,,Eye Tracker,242.0,675.0,Valid,Valid,Fixation
1670925734.043603,,Mouse,242.0,674.5,,,Fixation
1670925734.048567,,Eye Tracker,242.0,674.0,Valid,Valid,Fixation
1670925734.060257,,Mouse,242.5,675.0,,,Fixation
1670925734.067492,,Eye Tracker,243.0,676.0,Valid,Valid,Fixation
1670925734.076912,,Mouse,248.0,683.0,,,Fixation
1670925734.07833,,Eye Tracker,253.0,690.0,Valid,Valid,Fixation
1670925734.0935671,,Eye Tracker,256.0,692.0,Valid,Valid,Fixation
1670925734.0983071,,Eye Tracker,260.0,693.0,Valid,Valid,Fixation
1670925734.110222,,Mouse,262.0,695.5,,,Fixation
1670925734.118316,,Eye Tracker,264.0,698.0,Valid,Valid,Fixation
1670925734.126877,,Mouse,262.5,695.0,,,Fixation
1670925734.138365,,Eye Tracker,261.0,692.0,Valid,Valid,Fixation
1670925734.143532,,Mouse,262.0,688.5,,,Fixation
1670925734.159306,,Eye Tracker,263.0,685.0,Valid,Valid,Fixation
1670925734.160187,,Mouse,264.0,683.0,,,Fixation
1670925734.1693451,,Eye Tracker,265.0,681.0,Valid,Valid,Fixation
1670925734.176841,,Mouse,265.5,680.0,,,Fixation
1670925734.189328,,Eye Tracker,266.0,679.0,Valid,Valid,Fixation
1670925734.193496,,Mouse,275.5,690.0,,,Saccade
1670925734.209318,,Eye Tracker,285.0,701.0,Valid,Valid,Saccade
1670925734.210151,,Mouse,282.5,713.5,,,Saccade
1670925734.219333,,Eye Tracker,280.0,726.0,Valid,Valid,Saccade
1670925734.226805,,Mouse,269.0,739.3333333333334,,,Saccade
1670925734.229343,,Eye Tracker,258.0,752.6666666666666,Invalid,Invalid,EyesNotFound
1670925734.24346,,Mouse,247.0,766.0,,,EyesNotFound
1670925734.249584,,Eye Tracker,236.0,779.3333333333334,Invalid,Invalid,EyesNotFound
1670925734.2601151,,Mouse,225.0,792.6666666666666,,,Saccade
1670925734.269579,,Eye Tracker,214.0,806.0,Valid,Valid,Saccade
1670925734.276769,,Eye Tracker,234.0,769.0,Valid,Valid,Saccade
1670925734.289287,,Eye Tracker,289.0,647.0,Valid,Valid,Saccade
1670925734.2934241,,Eye Tracker,279.0,636.0,Valid,Valid,Fixation
1670925734.299365,,Eye Tracker,274.0,630.0,Valid,Valid,Fixation
1670925734.3095531,,Eye Tracker,276.0,632.0,Valid,Valid,Fixation
1670925734.310079,,Eye Tracker,257.0,629.0,Valid,Valid,Fixation
1670925734.326733,,Eye Tracker,259.0,628.0,Valid,Valid,Fixation
1670925734.330314,,Eye Tracker,268.0,633.0,Valid,Valid,Fixation
1670925734.340538,,Eye Tracker,266.0,637.0,Valid,Valid,Fixation
1670925734.343388,,Eye Tracker,289.0,628.0,Valid,Valid,Fixation
1670925734.360043,,Eye Tracker,305.0,627.0,Valid,Valid,Fixation
1670925734.360246,,Eye Tracker,300.0,632.0,Valid,Valid,Fixation
1670925734.376698,,Eye Tracker,298.0,629.0,Valid,Valid,Fixation
1670925734.380259,,Eye Tracker,300.0,631.0,Valid,Valid,Fixation
1670925734.390343,,Eye Tracker,297.0,637.0,Valid,Valid,Fixation
1670925734.393353,,Eye Tracker,294.0,630.0,Valid,Valid,Fixation
1670925734.409307,,Eye Tracker,293.0,623.0,Valid,Valid,Fixation
1670925734.410008,,Mouse,300.0,623.0,,,Fixation
1670925734.4203131,,Eye Tracker,307.0,623.0,Valid,Valid,Fixation
1670925734.426663,,Mouse,310.0,626.0,,,Fixation
1670925734.4303281,,Eye Tracker,313.0,629.0,Valid,Valid,Fixation
1670925734.440334,,Mouse,306.0,631.0,,,Fixation
1670925734.443317,,Eye Tracker,299.0,633.0,Valid,Valid,Fixation
1670925734.4599721,,Mouse,290.5,633.5,,,Fixation
1670925734.4603071,,Eye Tracker,282.0,634.0,Valid,Valid,Fixation
1670925734.470417,,Mouse,273.5,636.0,,,Fixation
1670925734.476627,,Eye Tracker,265.0,638.0,Valid,Valid,Fixation
1670925734.489301,,Mouse,263.5,638.5,,,Fixation
1670925734.4932811,,Eye Tracker,262.0,639.0,Valid,Valid,Fixation
1670925734.500327,,Mouse,258.5,639.5,,,Fixation
1670925734.509936,,Eye Tracker,255.0,640.0,Valid,Valid,Fixation
1670925734.510562,,Mouse,256.0,640.5,,,Fixation
1670925734.526591,,Eye Tracker,257.0,641.0,Valid,Valid,Fixation
1670925734.530239,,Mouse,257.0,641.0,,,Fixation
1670925734.543245,,Eye Tracker,257.0,641.0,Valid,Valid,Fixation
1670925734.550303,,Mouse,256.5,639.5,,,Fixation
1670925734.5599,,Eye Tracker,256.0,638.0,Valid,Valid,Fixation
1670925734.5603101,,Mouse,257.5,636.0,,,Fixation
1670925734.576555,,Eye Tracker,259.0,634.0,Valid,Valid,Fixation
1670925734.5792851,,Mouse,259.5,637.0,,,Fixation
1670925734.59032,,Eye Tracker,260.0,640.0,Valid,Valid,Fixation
1670925734.593209,,Mouse,260.5,642.0,,,Fixation
1670925734.609864,,Eye Tracker,261.0,644.0,Valid,Valid,Fixation
1670925734.6103601,,Mouse,260.0,642.5,,,Fixation
1670925734.626519,,Eye Tracker,259.0,641.0,Valid,Valid,Fixation
1670925734.630322,,Mouse,258.0,640.5,,,Fixation
1670925734.640506,,Eye Tracker,257.0,640.0,Valid,Valid,Fixation
1670925734.643174,,Eye Tracker,249.0,642.0,Valid,Valid,Fixation
1670925734.6598291,,Mouse,234.5,653.5,,,Fixation
1670925734.660336,,Eye Tracker,220.0,665.0,Valid,Valid,Saccade
1670925734.671343,,Mouse,210.33333333333334,678.6666666666666,,,Saccade
1670925734.676484,,Mouse,200.66666666666666,692.3333333333334,,,Saccade
1670925734.691301,,Eye Tracker,191.0,706.0,Valid,Valid,Saccade
1670925734.693139,,Eye Tracker,159.0,751.0,Valid,Valid,Saccade
1670925734.701418,,Mouse,155.66666666666666,753.0,,,Saccade
1670925734.709793,,Mouse,152.33333333333334,755.0,,,Fixation
1670925734.721295,,Eye Tracker,149.0,757.0,Valid,Valid,Fixation
1670925734.726448,,Mouse,148.0,756.0,,,Fixation
1670925734.7313051,,Eye Tracker,147.0,755.0,Valid,Valid,Fixation
1670925734.741601,,Mouse,149.5,753.5,,,Fixation
1670925734.743103,,Eye Tracker,152.0,752.0,Valid,Valid,Fixation
1670925734.759757,,Mouse,152.66666666666666,750.0,,,Fixation
1670925734.761297,,Mouse,153.33333333333334,748.0,,,Fixation
1670925734.776412,,Eye Tracker,154.0,746.0,Valid,Valid,Fixation
1670925734.793067,,Mouse,155.0,746.5,,,Fixation
1670925734.809721,,Eye Tracker,156.0,747.0,Valid,Valid,Fixation
1670925734.811337,,Eye Tracker,162.0,751.0,Valid,Valid,Fixation
1670925734.826376,,Mouse,162.5,750.0,,,Fixation
1670925734.831288,,Eye Tracker,163.0,749.0,Valid,Valid,Fixation
1670925734.842612,,Mouse,159.5,747.0,,,Fixation
1670925734.843031,,Eye Tracker,156.0,745.0,Valid,Valid,Fixation
1670925734.859685,,Mouse,155.5,744.0,,,Fixation
1670925734.862287,,Eye Tracker,155.0,743.0,Valid,Valid,Fixation
1670925734.872579,,Mouse,158.33333333333334,743.6666666666666,,,Fixation
1670925734.87634,,Mouse,161.66666666666666,744.3333333333334,,,Fixation
1670925734.892272,,Eye Tracker,165.0,745.0,Valid,Valid,Fixation
1670925734.892995,,Mouse,167.0,747.0,,,Fixation
1670925734.902478,,Eye Tracker,169.0,749.0,Valid,Valid,Fixation
1670925734.90965,,Mouse,166.5,748.0,,,Fixation
1670925734.9212801,,Eye Tracker,164.0,747.0,Valid,Valid,Fixation
1670925734.926305,,Mouse,162.5,747.5,,,Fixation
1670925734.932432,,Eye Tracker,161.0,748.0,Valid,Valid,Fixation
1670925734.94296,,Eye Tracker,157.0,753.0,Valid,Valid,Fixation
1670925734.952289,,Mouse,156.5,751.5,,,Fixation
1670925734.959615,,Eye Tracker,156.0,750.0,Valid,Valid,Fixation
1670925734.972318,,Mouse,154.0,748.5,,,Fixation
1670925734.976269,,Eye Tracker,152.0,747.0,Valid,Valid,Fixation
1670925734.982328,,Mouse,143.5,750.5,,,Fixation
1670925734.992332,,Eye Tracker,135.0,754.0,Valid,Valid,Fixation
1670925734.992924,,Mouse,127.0,755.0,,,Fixation
1670925735.009579,,Eye Tracker,119.0,756.0,Valid,Valid,Fixation
1670925735.0122771,,Mouse,117.5,757.5,,,Fixation
1670925735.022301,,Eye Tracker,116.0,759.0,Valid,Valid,Fixation
1670925735.026233,,Mouse,114.0,761.0,,,Fixation
1670925735.042326,,Mouse,112.0,763.0,,,Fixation
1670925735.042888,,Eye Tracker,110.0,765.0,Valid,Valid,Fixation
1670925735.0595431,,Mouse,110.0,764.0,,,Fixation
1670925735.0622911,,Eye Tracker,110.0,763.0,Valid,Valid,Fixation
1670925735.0761971,,Mouse,115.0,761.0,,,Fixation
1670925735.082298,,Eye Tracker,120.0,759.0,Valid,Valid,Fixation
1670925735.092852,,Mouse,120.5,761.0,,,Fixation
1670925735.109507,,Eye Tracker,121.0,763.0,Valid,Valid,Fixation
1670925735.126161,,Eye Tracker,111.0,771.0,Valid,Valid,Fixation
1670925735.142368,,Mouse,111.0,771.0,,,Fixation
1670925735.142816,,Eye Tracker,111.0,771.0,Valid,Valid,Fixation
1670925735.159471,,Mouse,109.66666666666667,769.0,,,Fixation
1670925735.162303,,Mouse,108.33333333333333,767.0,,,Fixation
1670925735.176126,,Eye Tracker,107.0,765.0,Valid,Valid,Fixation
1670925735.183392,,Mouse,106.5,764.0,,,Fixation
1670925735.192781,,Eye Tracker,106.0,763.0,Valid,Valid,Fixation
1670925735.209436,,Mouse,122.5,768.5,,,Saccade
1670925735.2233021,,Eye Tracker,139.0,774.0,Valid,Valid,Saccade
1670925735.2260911,,Eye Tracker,150.0,786.0,Valid,Valid,Fixation
1670925735.242745,,Eye Tracker,153.0,781.0,Valid,Valid,Fixation
1670925735.243304,,Eye Tracker,155.0,778.0,Valid,Valid,Fixation
1670925735.253308,,Mouse,153.5,780.5,,,Fixation
1670925735.2594001,,Eye Tracker,152.0,783.0,Valid,Valid,Fixation
1670925735.2733011,,Eye Tracker,152.0,778.0,Valid,Valid,Fixation
1670925735.276055,,Mouse,150.0,776.0,,,Fixation
1670925735.292709,,Eye Tracker,148.0,774.0,Valid,Valid,Fixation
1670925735.293332,,Mouse,147.5,775.0,,,Fixation
1670925735.309364,,Eye Tracker,147.0,776.0,Valid,Valid,Fixation
1670925735.313328,,Mouse,148.0,775.0,,,Fixation
1670925735.323374,,Eye Tracker,149.0,774.0,Valid,Valid,Fixation
1670925735.326019,,Mouse,148.5,774.0,,,Fixation
1670925735.333467,,Eye Tracker,148.0,774.0,Valid,Valid,Fixation
1670925735.342673,,Eye Tracker,145.0,783.0,Valid,Valid,Fixation
1670925735.35433,,Mouse,145.5,783.0,,,Fixation
1670925735.359328,,Eye Tracker,146.0,783.0,Valid,Valid,Fixation
1670925735.364564,,Mouse,145.66666666666666,780.0,,,Fixation
1670925735.375983,,Mouse,145.33333333333334,777.0,,,Fixation
1670925735.384299,,Eye Tracker,145.0,774.0,Valid,Valid,Fixation
1670925735.392637,,Eye Tracker,142.0,772.0,Valid,Valid,Fixation
1670925735.3945491,,Mouse,137.33333333333334,771.0,,,Fixation
1670925735.409292,,Mouse,132.66666666666666,770.0,,,Fixation
1670925735.414321,,Eye Tracker,128.0,769.0,Valid,Valid,Fixation
1670925735.425947,,Mouse,128.0,768.5,,,Fixation
1670925735.433539,,Eye Tracker,128.0,768.0,Valid,Valid,Fixation
1670925735.442602,,Mouse,129.5,768.5,,,Fixation
1670925735.444267,,Eye Tracker,131.0,769.0,Valid,Valid,Fixation
1670925735.4592571,,Mouse,130.66666666666666,769.3333333333334,,,Fixation
1670925735.464247,,Mouse,130.33333333333334,769.6666666666666,,,Fixation
1670925735.475912,,Eye Tracker,130.0,770.0,Valid,Valid,Fixation
1670925735.484306,,Mouse,129.5,772.5,,,Fixation
1670925735.492567,,Eye Tracker,129.0,775.0,Valid,Valid,Fixation
1670925735.494424,,Mouse,129.0,774.0,,,Fixation
1670925735.50455,,Eye Tracker,129.0,773.0,Valid,Valid,Fixation
1670925735.509221,,Mouse,133.0,773.0,,,Fixation
1670925735.524498,,Eye Tracker,137.0,773.0,Valid,Valid,Fixation
1670925735.525876,,Mouse,136.0,773.5,,,Fixation
1670925735.542531,,Eye Tracker,135.0,774.0,Valid,Valid,Fixation
1670925735.544346,,Mouse,136.5,772.0,,,Fixation
1670925735.559185,,Eye Tracker,138.0,770.0,Valid,Valid,Fixation
1670925735.563315,,Mouse,137.5,770.0,,,Fixation
1670925735.574292,,Eye Tracker,137.0,770.0,Valid,Valid,Fixation
1670925735.57584,,Mouse,133.33333333333334,771.3333333333334,,,Fixation
1670925735.584306,,Mouse,129.66666666666666,772.6666666666666,,,Fixation
1670925735.592495,,Eye Tracker,126.0,774.0,Valid,Valid,Fixation
1670925735.594573,,Mouse,126.0,772.5,,,Fixation
1670925735.609149,,Eye Tracker,126.0,771.0,Valid,Valid,Fixation
1670925735.614322,,Mouse,125.5,767.5,,,Fixation
1670925735.6243331,,Eye Tracker,125.0,764.0,Valid,Valid,Fixation
1670925735.625804,,Mouse,125.0,764.5,,,Fixation
1670925735.6343591,,Eye Tracker,125.0,765.0,Valid,Valid,Fixation
1670925735.642459,,Eye Tracker,123.0,773.0,Valid,Valid,Fixation
1670925735.654382,,Mouse,123.0,774.0,,,Fixation
1670925735.659113,,Eye Tracker,123.0,775.0,Valid,Valid,Fixation
1670925735.674304,,Mouse,123.5,774.0,,,Fixation
1670925735.6757681,,Eye Tracker,124.0,773.0,Valid,Valid,Fixation
1670925735.68431,,Mouse,125.0,774.0,,,Fixation
1670925735.692423,,Eye Tracker,126.0,775.0,Valid,Valid,Fixation
1670925735.695596,,Mouse,121.5,780.5,,,Fixation
1670925735.709079,,Eye Tracker,117.0,786.0,Valid,Valid,Fixation
1670925735.7153041,,Mouse,118.5,786.0,,,Fixation
1670925735.7253911,,Eye Tracker,120.0,786.0,Valid,Valid,Fixation
1670925735.725733,,Mouse,122.0,787.0,,,Fixation
1670925735.742388,,Eye Tracker,124.0,788.0,Valid,Valid,Fixation
1670925735.745326,,Eye Tracker,125.0,787.0,Valid,Valid,Fixation
1670925735.759043,,Mouse,124.33333333333333,790.0,,,Fixation
1670925735.765721,,Mouse,123.66666666666667,793.0,,,Fixation
1670925735.775697,,Eye Tracker,123.0,796.0,Valid,Valid,Fixation
1670925735.78524,,Eye Tracker,122.0,794.0,Valid,Valid,Fixation
1670925735.792352,,Eye Tracker,125.0,798.0,Valid,Valid,Fixation
1670925735.795618,,Mouse,125.5,800.0,,,Fixation
1670925735.809007,,Eye Tracker,126.0,802.0,Valid,Valid,Fixation
1670925735.814268,,Eye Tracker,135.0,794.0,Valid,Valid,Fixation
1670925735.825363,,Mouse,136.0,795.0,,,Fixation
1670925735.825661,,Eye Tracker,137.0,796.0,Valid,Valid,Fixation
1670925735.842316,,Eye Tracker,145.0,790.0,Valid,Valid,Fixation
1670925735.8453,,Mouse,147.5,792.0,,,Fixation
1670925735.8555841,,Eye Tracker,150.0,794.0,Valid,Valid,Fixation
1670925735.858971,,Mouse,155.0,795.5,,,Fixation
1670925735.866337,,Eye Tracker,160.0,797.0,Valid,Valid,Fixation
1670925735.8756251,,Eye Tracker,159.0,796.0,Valid,Valid,Fixation
1670925735.886253,,Mouse,158.0,800.0,,,Fixation
1670925735.89228,,Eye Tracker,157.0,804.0,Valid,Valid,Fixation
1670925735.906295,,Mouse,156.5,802.5,,,Fixation
1670925735.908935,,Eye Tracker,156.0,801.0,Valid,Valid,Fixation
1670925735.9163,,Mouse,156.5,794.5,,,Fixation
1670925735.925589,,Eye Tracker,157.0,788.0,Valid,Valid,Fixation
1670925735.936297,,Mouse,157.5,790.5,,,Fixation
1670925735.942244,,Eye Tracker,158.0,793.0,Valid,Valid,Fixation
1670925735.956564,,Eye Tracker,158.0,803.0,Valid,Valid,Fixation
1670925735.958899,,Eye Tracker,159.0,802.0,Valid,Valid,Fixation
1670925735.975555,,Mouse,159.0,799.0,,,Fixation
1670925735.9763181,,Mouse,159.0,796.0,,,Fixation
1670925735.992209,,Eye Tracker,159.0,793.0,Valid,Valid,Fixation
1670925735.996283,,Mouse,159.5,795.0,,,Fixation
1670925736.008864,,Eye Tracker,160.0,797.0,Valid,Valid,Fixation
1670925736.0162811,,Eye Tracker,162.0,803.0,Valid,Valid,Fixation
1670925736.0255191,,Eye Tracker,160.0,799.0,Valid,Valid,Fixation
1670925736.0363371,,Mouse,160.0,795.5,,,Fixation
1670925736.0421731,,Eye Tracker,160.0,792.0,Valid,Valid,Fixation
1670925736.056358,,Eye Tracker,161.0,792.0,Valid,Valid,Fixation
1670925736.058828,,Mouse,161.33333333333334,792.3333333333334,,,Fixation
1670925736.075483,,Mouse,161.66666666666666,792.6666666666666,,,Fixation
1670925736.076308,,Eye Tracker,162.0,793.0,Valid,Valid,Fixation
1670925736.086329,,Eye Tracker,164.0,793.0,Valid,Valid,Fixation
1670925736.092137,,Eye Tracker,160.0,801.0,Valid,Valid,Fixation
1670925736.106263,,Mouse,160.0,801.5,,,Fixation
1670925736.108792,,Eye Tracker,160.0,802.0,Valid,Valid,Fixation
1670925736.125447,,Mouse,161.0,798.5,,,Fixation
1670925736.126321,,Eye Tracker,162.0,795.0,Valid,Valid,Fixation
1670925736.142101,,Eye Tracker,159.0,794.0,Valid,Valid,Fixation
1670925736.1462681,,Mouse,158.0,793.5,,,Fixation
1670925736.158756,,Eye Tracker,157.0,793.0,Valid,Valid,Fixation
1670925736.166337,,Mouse,157.0,794.0,,,Fixation
1670925736.175411,,Mouse,157.0,795.0,,,Fixation
1670925736.192065,,Eye Tracker,157.0,796.0,Valid,Valid,Fixation
1670925736.20872,,Eye Tracker,154.0,801.0,Valid,Valid,Fixation
1670925736.225375,,Mouse,154.0,799.5,,,Fixation
1670925736.227286,,Eye Tracker,154.0,798.0,Valid,Valid,Fixation
1670925736.242031,,Mouse,152.66666666666666,798.6666666666666,,,Fixation
1670925736.247557,,Mouse,151.33333333333334,799.3333333333334,,,Fixation
1670925736.258685,,Eye Tracker,150.0,800.0,Valid,Valid,Fixation
1670925736.267323,,Eye Tracker,150.0,801.0,Valid,Valid,Fixation
1670925736.27534,,Mouse,153.0,799.0,,,Fixation
1670925736.286575,,Mouse,156.0,797.0,,,Fixation
1670925736.291995,,Eye Tracker,159.0,795.0,Valid,Valid,Fixation
1670925736.297337,,Mouse,157.5,794.0,,,Fixation
1670925736.308649,,Eye Tracker,156.0,793.0,Valid,Valid,Fixation
1670925736.317558,,Mouse,153.0,791.5,,,Fixation
1670925736.325304,,Eye Tracker,150.0,790.0,Valid,Valid,Fixation
1670925736.337241,,Mouse,149.5,791.5,,,Fixation
1670925736.341959,,Eye Tracker,149.0,793.0,Valid,Valid,Fixation
1670925736.347282,,Mouse,154.0,795.5,,,Fixation
1670925736.357564,,Eye Tracker,159.0,798.0,Valid,Valid,Fixation
1670925736.358613,,Eye Tracker,161.0,798.0,Valid,Valid,Fixation
1670925736.375268,,Mouse,158.0,793.0,,,Fixation
1670925736.378307,,Eye Tracker,155.0,788.0,Valid,Valid,Fixation
1670925736.391923,,Eye Tracker,153.0,787.0,Valid,Valid,Fixation
1670925736.408292,,Eye Tracker,145.0,802.0,Valid,Valid,Fixation
1670925736.408577,,Eye Tracker,145.0,800.0,Valid,Valid,Fixation
1670925736.425232,,Eye Tracker,143.0,792.0,Valid,Valid,Fixation
1670925736.4283361,,Eye Tracker,145.0,791.0,Valid,Valid,Fixation
1670925736.4418871,,Mouse,146.0,790.6666666666666,,,Fixation
1670925736.458541,,Mouse,147.0,790.3333333333334,,,Fixation
1670925736.4751961,,Eye Tracker,148.0,790.0,Valid,Valid,Fixation
1670925736.478224,,Eye Tracker,147.0,791.0,Valid,Valid,Fixation
1670925736.491851,,Mouse,149.5,794.0,,,Fixation
1670925736.508507,,Eye Tracker,152.0,797.0,Valid,Valid,Fixation
1670925736.525161,,Mouse,153.5,797.0,,,Fixation
1670925736.541816,,Eye Tracker,155.0,797.0,Valid,Valid,Fixation
1670925736.558471,,Mouse,155.5,798.5,,,Fixation
1670925736.575125,,Eye Tracker,156.0,800.0,Valid,Valid,Fixation
1670925736.59178,,Mouse,155.5,801.5,,,Fixation
1670925736.608435,,Eye Tracker,155.0,803.0,Valid,Valid,Fixation
1670925736.618439,,Eye Tracker,142.0,802.0,Valid,Valid,Fixation
1670925736.625089,,Eye Tracker,136.0,803.0,Valid,Valid,Fixation
1670925736.6417441,,Eye Tracker,146.0,799.0,Valid,Valid,Fixation
1670925736.648412,,Mouse,147.66666666666666,798.0,,,Fixation
1670925736.658399,,Mouse,149.33333333333334,797.0,,,Fixation
1670925736.6673071,,Eye Tracker,151.0,796.0,Valid,Valid,Fixation
1670925736.6750531,,Mouse,148.5,798.0,,,Fixation
1670925736.678302,,Eye Tracker,146.0,800.0,Valid,Valid,Fixation
1670925736.68842,,Mouse,146.0,799.0,,,Fixation
1670925736.691708,,Eye Tracker,146.0,798.0,Valid,Valid,Fixation
1670925736.708363,,Mouse,145.66666666666666,798.0,,,Fixation
1670925736.708565,,Mouse,145.33333333333334,798.0,,,Fixation
1670925736.725017,,Eye Tracker,145.0,798.0,Valid,Valid,Fixation
1670925736.741672,,Eye Tracker,141.0,799.0,Valid,Valid,Fixation
1670925736.749486,,Mouse,143.5,797.0,,,Fixation
1670925736.758327,,Eye Tracker,146.0,795.0,Valid,Valid,Fixation
1670925736.769224,,Eye Tracker,148.0,801.0,Valid,Valid,Fixation
1670925736.774983,,Eye Tracker,146.0,804.0,Valid,Valid,Fixation
1670925736.791637,,Eye Tracker,148.0,799.0,Valid,Valid,Fixation
1670925736.808292,,Eye Tracker,153.0,801.0,Valid,Valid,Fixation
1670925736.8092961,,Eye Tracker,152.0,800.0,Valid,Valid,Fixation
1670925736.824947,,Mouse,151.0,801.5,,,Fixation
1670925736.8416011,,Eye Tracker,150.0,803.0,Valid,Valid,Fixation
1670925736.858256,,Eye Tracker,152.0,807.0,Valid,Valid,Fixation
1670925736.869273,,Eye Tracker,158.0,811.0,Valid,Valid,Fixation
1670925736.874911,,Eye Tracker,158.0,803.0,Valid,Valid,Fixation
1670925736.879276,,Eye Tracker,161.0,794.0,Valid,Valid,Fixation
1670925736.891565,,Eye Tracker,167.0,796.0,Valid,Valid,Fixation
1670925736.90822,,Eye Tracker,174.0,796.0,Valid,Valid,Fixation
1670925736.924875,,Mouse,173.5,798.5,,,Fixation
1670925736.941529,,Eye Tracker,173.0,801.0,Valid,Valid,Fixation
1670925736.958184,,Mouse,171.5,803.5,,,Fixation
1670925736.969299,,Eye Tracker,170.0,806.0,Valid,Valid,Fixation
1670925736.974839,,Mouse,172.0,805.0,,,Fixation
1670925736.990304,,Eye Tracker,174.0,804.0,Valid,Valid,Fixation
1670925736.991493,,Eye Tracker,170.0,794.0,Valid,Valid,Fixation
1670925737.000309,MouseEvent,,170.66666666666666,793.6666666666666,,,Fixation
1670925737.008148,,Mouse,171.33333333333334,793.3333333333334,,,Fixation
1670925737.024803,,Eye Tracker,172.0,793.0,Valid,Valid,Fixation
1670925737.030239,,Eye Tracker,173.0,800.0,Valid,Valid,Fixation
1670925737.040508,,Eye Tracker,169.0,797.0,Valid,Valid,Fixation
1670925737.041459,,Mouse,171.0,793.0,,,Fixation
1670925737.058113,,Eye Tracker,173.0,789.0,Valid,Valid,Fixation
1670925737.060331,,Eye Tracker,176.0,795.0,Valid,Valid,Fixation
1670925737.074768,,Mouse,172.0,796.0,,,Fixation
1670925737.080414,,Eye Tracker,168.0,797.0,Valid,Valid,Fixation
1670925737.091423,,Mouse,166.0,797.0,,,Fixation
1670925737.100264,,Eye Tracker,164.0,797.0,Valid,Valid,Fixation
1670925737.108077,,Mouse,168.0,798.0,,,Fixation
1670925737.110289,,Eye Tracker,172.0,799.0,Valid,Valid,Fixation
1670925737.124732,,Mouse,174.0,799.0,,,Fixation
1670925737.130264,,Eye Tracker,176.0,799.0,Valid,Valid,Fixation
1670925737.141387,,Mouse,175.5,797.5,,,Fixation
1670925737.150332,,Eye Tracker,175.0,796.0,Valid,Valid,Fixation
1670925737.158041,,Eye Tracker,176.0,796.0,Valid,Valid,Fixation
1670925737.170331,,Eye Tracker,183.0,795.0,Valid,Valid,Fixation
1670925737.174696,,Mouse,183.0,791.0,,,Fixation
1670925737.190305,,Eye Tracker,183.0,787.0,Valid,Valid,Fixation
1670925737.191351,,Mouse,188.0,772.5,,,Fixation
1670925737.208005,,Eye Tracker,193.0,758.0,Valid,Valid,Saccade
1670925737.2203481,,Mouse,203.5,707.0,,,Saccade
1670925737.22466,,Eye Tracker,214.0,656.0,Valid,Valid,Saccade
1670925737.2413151,,Mouse,217.0,655.0,,,Saccade
1670925737.251328,,Eye Tracker,220.0,654.0,Valid,Valid,Fixation
1670925737.2579691,,Mouse,220.33333333333334,653.0,,,Fixation
1670925737.2712781,,Mouse,220.66666666666666,652.0,,,Fixation
1670925737.274624,,Eye Tracker,221.0,651.0,Valid,Valid,Fixation
1670925737.2813091,,Mouse,221.5,644.5,,,Fixation
1670925737.291279,,Eye Tracker,222.0,638.0,Valid,Valid,Fixation
1670925737.291343,,Mouse,221.5,639.5,,,Fixation
1670925737.307935,,Eye Tracker,221.0,641.0,Valid,Valid,Fixation
1670925737.311597,,Eye Tracker,216.0,646.0,Valid,Valid,Fixation
1670925737.324589,,Mouse,215.0,645.0,,,Fixation
1670925737.331243,,Eye Tracker,214.0,644.0,Valid,Valid,Fixation
1670925737.341244,,Mouse,215.0,645.5,,,Fixation
1670925737.341324,,Eye Tracker,216.0,647.0,Valid,Valid,Fixation
1670925737.357899,,Mouse,215.0,647.0,,,Fixation
1670925737.3612921,,Mouse,214.0,647.0,,,Fixation
1670925737.371442,,Eye Tracker,213.0,647.0,Valid,Valid,Fixation
1670925737.374553,,Mouse,209.0,649.5,,,Fixation
1670925737.391208,,Eye Tracker,205.0,652.0,Valid,Valid,Fixation
1670925737.391298,,Mouse,205.0,652.0,,,Fixation
1670925737.402272,,Eye Tracker,205.0,652.0,Valid,Valid,Fixation
1670925737.4078631,,Mouse,202.5,650.0,,,Fixation
1670925737.412292,,Eye Tracker,200.0,648.0,Valid,Valid,Fixation
1670925737.424517,,Mouse,201.0,646.0,,,Fixation
1670925737.43226,,Eye Tracker,202.0,644.0,Valid,Valid,Fixation
1670925737.432771,,Mouse,205.33333333333334,646.6666666666666,,,Fixation
1670925737.432771,,Mouse,208.66666666666666,649.3333333333334,,,Fixation
1670925737.4411721,,Eye Tracker,212.0,652.0,Valid,Valid,Fixation
1670925737.442591,,Mouse,211.0,652.0,,,Fixation
1670925737.457827,,Eye Tracker,210.0,652.0,Valid,Valid,Fixation
1670925737.474481,,Mouse,202.5,646.5,,,Fixation
1670925737.491136,,Eye Tracker,195.0,641.0,Valid,Valid,Fixation
1670925737.507791,,Mouse,199.0,641.0,,,Fixation
1670925737.524445,,Eye Tracker,203.0,641.0,Valid,Valid,Fixation
1670925737.5411,,Mouse,216.0,639.3333333333334,,,Fixation
1670925737.557755,,Mouse,229.0,637.6666666666666,,,Saccade
1670925737.572559,,Eye Tracker,242.0,636.0,Valid,Valid,Saccade
1670925737.574411,,Mouse,285.5,629.0,,,Saccade
1670925737.591065,,Eye Tracker,329.0,622.0,Valid,Valid,Saccade
1670925737.602303,,Mouse,338.5,612.0,,,Saccade
1670925737.6077201,,Eye Tracker,348.0,602.0,Valid,Valid,Saccade
1670925737.624375,,Mouse,350.0,601.5,,,Fixation
1670925737.6410291,,Eye Tracker,352.0,601.0,Valid,Valid,Fixation
1670925737.657684,,Mouse,350.5,598.0,,,Fixation
1670925737.662311,,Eye Tracker,349.0,595.0,Valid,Valid,Fixation
1670925737.674339,,Mouse,350.0,596.0,,,Fixation
1670925737.682338,,Eye Tracker,351.0,597.0,Valid,Valid,Fixation
1670925737.690993,,Mouse,351.0,594.5,,,Fixation
1670925737.691569,,Eye Tracker,351.0,592.0,Valid,Valid,Fixation
1670925737.707648,,Eye Tracker,349.0,588.0,Valid,Valid,Fixation
1670925737.724303,,Mouse,348.5,589.5,,,Fixation
1670925737.740957,,Eye Tracker,348.0,591.0,Valid,Valid,Fixation
1670925737.757612,,Mouse,345.5,589.0,,,Fixation
1670925737.774267,,Eye Tracker,343.0,587.0,Valid,Valid,Fixation
1670925737.790921,,Mouse,336.0,578.5,,,Fixation
1670925737.807576,,Eye Tracker,329.0,570.0,Valid,Valid,Fixation
1670925737.822531,,Mouse,319.5,554.0,,,Saccade
1670925737.822531,,Eye Tracker,310.0,538.0,Valid,Valid,Saccade
1670925737.8242311,,Mouse,302.0,529.0,,,Saccade
1670925737.840887,,Eye Tracker,294.0,520.0,Valid,Valid,Saccade
1670925737.857541,,Mouse,293.0,520.5,,,Fixation
1670925737.874196,,Eye Tracker,292.0,521.0,Valid,Valid,Fixation
1670925737.890851,,Mouse,294.3333333333333,517.0,,,Fixation
1670925737.907505,,Mouse,296.6666666666667,513.0,,,Fixation
1670925737.92416,,Eye Tracker,299.0,509.0,Valid,Valid,Fixation
1670925737.940815,,Mouse,299.0,510.5,,,Fixation
1670925737.957469,,Eye Tracker,299.0,512.0,Valid,Valid,Fixation
1670925737.974124,,Mouse,296.5,514.5,,,Fixation
1670925737.990779,,Eye Tracker,294.0,517.0,Valid,Valid,Fixation
1670925738.004359,,Mouse,295.0,516.5,,,Fixation
1670925738.007433,,Eye Tracker,296.0,516.0,Valid,Valid,Fixation
1670925738.014432,,Mouse,299.0,518.0,,,Fixation
1670925738.0240881,,Eye Tracker,302.0,520.0,Valid,Valid,Fixation
1670925738.024547,,Mouse,301.0,518.0,,,Fixation
1670925738.040743,,Eye Tracker,300.0,516.0,Valid,Valid,Fixation
1670925738.04424,,Mouse,315.0,523.0,,,Saccade
1670925738.054299,,Eye Tracker,330.0,530.0,Valid,Valid,Saccade
1670925738.0573971,,Mouse,378.3333333333333,534.0,,,Saccade
1670925738.064574,,Mouse,426.6666666666667,538.0,,,Saccade
1670925738.074052,,Eye Tracker,475.0,542.0,Valid,Valid,Saccade
1670925738.08425,,Mouse,539.0,544.0,,,Saccade
1670925738.090707,,Eye Tracker,603.0,546.0,Valid,Valid,Saccade
1670925738.094463,,Mouse,614.0,546.5,,,Saccade
1670925738.107363,,Eye Tracker,625.0,547.0,Valid,Valid,Saccade
1670925738.114258,,Mouse,627.5,547.0,,,Saccade
1670925738.124017,,Eye Tracker,630.0,547.0,Valid,Valid,Fixation
1670925738.124299,,Mouse,630.0,548.5,,,Fixation
1670925738.134305,,Eye Tracker,630.0,550.0,Valid,Valid,Fixation
1670925738.140672,,Mouse,632.6666666666666,550.3333333333334,,,Fixation
1670925738.154347,,Mouse,635.3333333333334,550.6666666666666,,,Fixation
1670925738.157327,,Eye Tracker,638.0,551.0,Valid,Valid,Fixation
1670925738.173981,,Mouse,637.0,550.0,,,Fixation
1670925738.174419,,Eye Tracker,636.0,549.0,Valid,Valid,Fixation
1670925738.190636,,Mouse,632.0,547.0,,,Fixation
1670925738.194292,,Eye Tracker,628.0,545.0,Valid,Valid,Fixation
1670925738.2072911,,Mouse,627.5,544.5,,,Fixation
1670925738.214293,,Eye Tracker,627.0,544.0,Valid,Valid,Fixation
1670925738.2239451,,Mouse,625.5,545.0,,,Fixation
1670925738.224574,,Eye Tracker,624.0,546.0,Valid,Valid,Fixation
1670925738.2406,,Eye Tracker,622.0,547.0,Valid,Valid,Fixation
1670925738.244321,,Mouse,623.5,547.0,,,Fixation
1670925738.2552571,,Eye Tracker,625.0,547.0,Valid,Valid,Fixation
1670925738.257255,,Mouse,626.0,546.6666666666666,,,Fixation
1670925738.265304,,Mouse,627.0,546.3333333333334,,,Fixation
1670925738.273909,,Eye Tracker,628.0,546.0,Valid,Valid,Fixation
1670925738.275536,,Eye Tracker,629.0,548.0,Valid,Valid,Fixation
1670925738.290564,,Eye Tracker,634.0,549.0,Valid,Valid,Fixation
1670925738.2952971,,Mouse,632.0,545.0,,,Fixation
1670925738.305419,,Eye Tracker,630.0,541.0,Valid,Valid,Fixation
1670925738.307219,,Mouse,630.0,541.5,,,Fixation
1670925738.323873,,Eye Tracker,630.0,542.0,Valid,Valid,Fixation
1670925738.325318,,Eye Tracker,652.0,563.0,Valid,Valid,Saccade
1670925738.335613,,Mouse,669.5,563.5,,,Saccade
1670925738.340528,,Eye Tracker,687.0,564.0,Valid,Valid,Saccade
1670925738.355545,,Mouse,730.0,555.5,,,Saccade
1670925738.357183,,Eye Tracker,773.0,547.0,Valid,Valid,Saccade
1670925738.3738391,,Mouse,796.0,547.5,,,Saccade
1670925738.374291,,Eye Tracker,819.0,548.0,Valid,Valid,Saccade
1670925738.385259,,Mouse,826.5,548.5,,,Saccade
1670925738.390493,,Eye Tracker,834.0,549.0,Valid,Valid,Fixation
1670925738.395344,,Mouse,835.0,548.5,,,Fixation
1670925738.4071481,,Eye Tracker,836.0,548.0,Valid,Valid,Fixation
1670925738.415267,,Mouse,832.5,546.0,,,Fixation
1670925738.423803,,Eye Tracker,829.0,544.0,Valid,Valid,Fixation
1670925738.426358,,Mouse,823.0,543.5,,,Fixation
1670925738.436445,,Eye Tracker,817.0,543.0,Valid,Valid,Fixation
1670925738.440457,,Mouse,814.5,542.5,,,Fixation
1670925738.456347,,Eye Tracker,812.0,542.0,Valid,Valid,Fixation
1670925738.457112,,Mouse,813.6666666666666,542.6666666666666,,,Fixation
1670925738.473767,,Mouse,815.3333333333334,543.3333333333334,,,Fixation
1670925738.476345,,Eye Tracker,817.0,544.0,Valid,Valid,Fixation
1670925738.490421,,Eye Tracker,821.0,542.0,Valid,Valid,Fixation
1670925738.4964151,,Mouse,819.3333333333334,542.0,,,Fixation
1670925738.50652,,Mouse,817.6666666666666,542.0,,,Fixation
1670925738.507076,,Eye Tracker,816.0,542.0,Valid,Valid,Fixation
1670925738.523731,,Mouse,841.0,545.0,,,Fixation
1670925738.52631,,Eye Tracker,866.0,548.0,Valid,Valid,Saccade
1670925738.536359,,Mouse,886.0,544.5,,,Saccade
1670925738.540385,,Eye Tracker,906.0,541.0,Valid,Valid,Saccade
1670925738.556323,,Mouse,908.0,537.0,,,Saccade
1670925738.55704,,Mouse,910.0,533.0,,,Unclassified
1670925738.5663671,,Eye Tracker,912.0,529.0,Valid,Valid,Unclassified
1670925738.573695,,Mouse,914.5,528.0,,,Unclassified
1670925738.5852911,,Eye Tracker,917.0,527.0,Valid,Valid,Unclassified
1670925738.590349,,Eye Tracker,917.0,520.0,Valid,Valid,Unclassified
1670925738.5963151,,Mouse,908.3333333333334,522.6666666666666,,,Unclassified
1670925738.606335,,Mouse,899.6666666666666,525.3333333333334,,,Saccade
1670925738.607004,,Eye Tracker,891.0,528.0,Valid,Valid,Saccade
1670925738.6236591,,Mouse,874.0,541.0,,,Saccade
1670925738.626223,,Eye Tracker,857.0,554.0,Valid,Valid,Saccade
1670925738.636457,,Eye Tracker,538.0,527.0,Valid,Valid,Saccade
1670925738.640315,,Mouse,533.0,527.0,,,Saccade
1670925738.656338,,Eye Tracker,528.0,527.0,Valid,Valid,Fixation
1670925738.656969,,Mouse,527.0,524.0,,,Fixation
1670925738.666572,,Eye Tracker,526.0,521.0,Valid,Valid,Fixation
1670925738.673624,,Mouse,533.0,518.5,,,Fixation
1670925738.686497,,Eye Tracker,540.0,516.0,Valid,Valid,Fixation
1670925738.690279,,Mouse,543.0,518.5,,,Fixation
1670925738.7062871,,Eye Tracker,546.0,521.0,Valid,Valid,Fixation
1670925738.706933,,Mouse,550.0,522.5,,,Fixation
1670925738.723588,,Eye Tracker,554.0,524.0,Valid,Valid,Fixation
1670925738.726281,,Eye Tracker,557.0,525.0,Valid,Valid,Fixation
1670925738.736376,,Mouse,558.0,526.5,,,Fixation
1670925738.740243,,Eye Tracker,559.0,528.0,Valid,Valid,Fixation
1670925738.756897,,Mouse,559.0,529.0,,,Fixation
1670925738.773552,,Eye Tracker,559.0,530.0,Valid,Valid,Fixation
1670925738.777291,,Mouse,560.0,525.0,,,Fixation
1670925738.7902071,,Eye Tracker,561.0,520.0,Valid,Valid,Fixation
1670925738.806861,,Mouse,561.3333333333334,518.6666666666666,,,Fixation
1670925738.8235161,,Mouse,561.6666666666666,517.3333333333334,,,Fixation
1670925738.840171,,Eye Tracker,562.0,516.0,Valid,Valid,Fixation
1670925738.856825,,Mouse,559.0,517.0,,,Fixation
1670925738.87348,,Eye Tracker,556.0,518.0,Valid,Valid,Fixation
1670925738.890136,,Mouse,556.5,519.0,,,Fixation
1670925738.906791,,Eye Tracker,557.0,520.0,Valid,Valid,Fixation
1670925738.923445,,Mouse,559.5,521.5,,,Fixation
1670925738.928324,,Eye Tracker,562.0,523.0,Valid,Valid,Fixation
1670925738.9383411,,Mouse,551.5,524.0,,,Fixation
1670925738.9401,,Eye Tracker,541.0,525.0,Valid,Valid,Fixation
1670925738.948477,,Eye Tracker,504.0,535.0,Valid,Valid,Saccade
1670925738.956755,,Mouse,496.5,534.0,,,Saccade
1670925738.968292,,Eye Tracker,489.0,533.0,Valid,Valid,Fixation
1670925738.973409,,Mouse,486.3333333333333,532.0,,,Fixation
1670925738.978293,,Mouse,483.6666666666667,531.0,,,Fixation
1670925738.988389,,Eye Tracker,481.0,530.0,Valid,Valid,Fixation
1670925738.9900641,,Mouse,481.0,529.0,,,Fixation
1670925738.998573,,Eye Tracker,481.0,528.0,Valid,Valid,Fixation
1670925739.006719,,Mouse,483.0,528.0,,,Fixation
1670925739.01858,,Eye Tracker,485.0,528.0,Valid,Valid,Fixation
1670925739.0233731,,Mouse,484.5,528.0,,,Fixation
1670925739.040028,,Eye Tracker,484.0,528.0,Valid,Valid,Fixation
1670925739.056683,,Mouse,486.0,526.0,,,Fixation
1670925739.073338,,Mouse,488.0,524.0,,,Fixation
1670925739.078319,,Eye Tracker,490.0,522.0,Valid,Valid,Fixation
1670925739.089993,,Mouse,489.0,520.0,,,Fixation
1670925739.098466,,Eye Tracker,488.0,518.0,Valid,Valid,Fixation
1670925739.106648,,Eye Tracker,484.0,510.0,Valid,Valid,Fixation
1670925739.118324,,Mouse,488.5,513.5,,,Fixation
1670925739.123302,,Eye Tracker,493.0,517.0,Valid,Valid,Fixation
1670925739.128597,,Mouse,493.5,518.0,,,Fixation
1670925739.139957,,Eye Tracker,494.0,519.0,Valid,Valid,Fixation
1670925739.156612,,Mouse,492.0,518.5,,,Fixation
1670925739.1732671,,Eye Tracker,490.0,518.0,Valid,Valid,Fixation
1670925739.1899211,,Mouse,491.0,521.5,,,Fixation
1670925739.206576,,Eye Tracker,492.0,525.0,Valid,Valid,Fixation
1670925739.223231,,Mouse,503.0,525.0,,,Fixation
1670925739.239885,,Eye Tracker,514.0,525.0,Valid,Valid,Saccade
1670925739.256541,,Mouse,528.5,525.0,,,Saccade
1670925739.273196,,Eye Tracker,543.0,525.0,Valid,Valid,Saccade
1670925739.28985,,Mouse,546.0,530.5,,,Fixation
1670925739.306505,,Eye Tracker,549.0,536.0,Valid,Valid,Fixation
1670925739.32316,,Mouse,552.0,538.5,,,Fixation
1670925739.329394,,Eye Tracker,555.0,541.0,Valid,Valid,Fixation
1670925739.339814,,Mouse,557.5,541.0,,,Fixation
1670925739.34956,,Eye Tracker,560.0,541.0,Valid,Valid,Fixation
1670925739.356469,,Mouse,558.5,541.0,,,Fixation
1670925739.3731241,,Eye Tracker,557.0,541.0,Valid,Valid,Fixation
1670925739.3897781,,Eye Tracker,553.0,538.0,Valid,Valid,Fixation
1670925739.406433,,Eye Tracker,544.0,535.0,Valid,Valid,Fixation
1670925739.423089,,Eye Tracker,544.0,536.0,Valid,Valid,Fixation
1670925739.439744,,Eye Tracker,548.0,531.0,Valid,Valid,Fixation
1670925739.4403691,,Eye Tracker,548.0,528.0,Valid,Valid,Fixation
1670925739.456398,,Eye Tracker,541.0,534.0,Valid,Valid,Fixation
1670925739.4703321,,Eye Tracker,541.0,537.0,Valid,Valid,Fixation
1670925739.473053,,Eye Tracker,552.0,540.0,Valid,Valid,Fixation
1670925739.481534,,Eye Tracker,554.0,538.0,Valid,Valid,Fixation
1670925739.489708,,Eye Tracker,544.0,538.0,Valid,Valid,Fixation
1670925739.50031,,Eye Tracker,547.0,546.0,Valid,Valid,Fixation
1670925739.506362,,Eye Tracker,550.0,538.0,Valid,Valid,Fixation
1670925739.523017,,Mouse,550.5,535.5,,,Fixation
1670925739.5396721,,Eye Tracker,551.0,533.0,Valid,Valid,Fixation
1670925739.556326,,Eye Tracker,553.0,542.0,Valid,Valid,Fixation
1670925739.572981,,Eye Tracker,548.0,540.0,Valid,Valid,Fixation
1670925739.589636,,Eye Tracker,548.0,544.0,Valid,Valid,Fixation
1670925739.590319,,Eye Tracker,546.0,544.0,Valid,Valid,Fixation
1670925739.600333,,Mouse,541.5,545.5,,,Fixation
1670925739.60629,,Eye Tracker,537.0,547.0,Valid,Valid,Fixation
1670925739.610351,,Mouse,537.0,546.0,,,Fixation
1670925739.620514,,Eye Tracker,537.0,545.0,Valid,Valid,Fixation
1670925739.622945,,Mouse,534.5,544.0,,,Fixation
1670925739.6396,,Eye Tracker,532.0,543.0,Valid,Valid,Fixation
1670925739.656254,,Mouse,531.5,542.0,,,Fixation
1670925739.672909,,Eye Tracker,531.0,541.0,Valid,Valid,Fixation
1670925739.680312,,Mouse,533.5,536.0,,,Fixation
1670925739.689565,,Eye Tracker,536.0,531.0,Valid,Valid,Fixation
1670925739.69049,,Mouse,534.0,531.5,,,Fixation
1670925739.70622,,Eye Tracker,532.0,532.0,Valid,Valid,Fixation
1670925739.710344,,Mouse,534.6666666666666,536.3333333333334,,,Fixation
1670925739.722874,,Mouse,537.3333333333334,540.6666666666666,,,Fixation
1670925739.730328,,Eye Tracker,540.0,545.0,Valid,Valid,Fixation
1670925739.7395291,,Mouse,542.0,548.0,,,Fixation
1670925739.756184,,Eye Tracker,544.0,551.0,Valid,Valid,Fixation
1670925739.772838,,Mouse,543.0,549.5,,,Fixation
1670925739.789493,,Eye Tracker,542.0,548.0,Valid,Valid,Fixation
1670925739.791325,,Mouse,525.0,556.5,,,Fixation
1670925739.8014271,,Eye Tracker,508.0,565.0,Invalid,Valid,Fixation
1670925739.806148,,Mouse,520.5,550.0,,,Fixation
1670925739.822802,,Eye Tracker,533.0,535.0,Valid,Valid,Fixation
1670925739.839457,,Mouse,536.0,534.5,,,Fixation
1670925739.856112,,Eye Tracker,539.0,534.0,Valid,Valid,Fixation
1670925739.86128,,Mouse,537.5,537.0,,,Fixation
1670925739.872766,,Eye Tracker,536.0,540.0,Valid,Valid,Fixation
1670925739.889421,,Mouse,535.0,538.0,,,Fixation
1670925739.906076,,Eye Tracker,534.0,536.0,Valid,Valid,Fixation
1670925739.9215581,,Mouse,532.0,535.0,,,Fixation
1670925739.92273,,Eye Tracker,530.0,534.0,Valid,Valid,Fixation
1670925739.939385,,Mouse,529.5,537.5,,,Fixation
1670925739.956041,,Eye Tracker,529.0,541.0,Valid,Valid,Fixation
1670925739.972696,,Mouse,541.0,538.0,,,Fixation
1670925739.98935,,Eye Tracker,553.0,535.0,Valid,Valid,Saccade
1670925740.006005,,Mouse,569.5,537.5,,,Saccade
1670925740.02266,,Eye Tracker,586.0,540.0,Valid,Valid,Saccade
1670925740.039314,,Mouse,600.0,534.0,,,Saccade
1670925740.055969,,Eye Tracker,614.0,528.0,Valid,Valid,Saccade
1670925740.062442,,Eye Tracker,615.0,522.0,Valid,Valid,Fixation
1670925740.062442,,Mouse,614.3333333333334,520.0,,,Fixation
1670925740.072625,,Mouse,613.6666666666666,518.0,,,Fixation
1670925740.089279,,Eye Tracker,613.0,516.0,Valid,Valid,Fixation
1670925740.1059341,,Mouse,615.5,516.0,,,Fixation
1670925740.122589,,Eye Tracker,618.0,516.0,Valid,Valid,Fixation
1670925740.1392431,,Eye Tracker,621.0,520.0,Valid,Valid,Fixation
1670925740.155898,,Mouse,620.3333333333334,520.3333333333334,,,Fixation
1670925740.172553,,Mouse,619.6666666666666,520.6666666666666,,,Fixation
1670925740.189207,,Eye Tracker,619.0,521.0,Valid,Valid,Fixation
1670925740.2023141,,Mouse,621.5,521.0,,,Fixation
1670925740.205862,,Eye Tracker,624.0,521.0,Valid,Valid,Fixation
1670925740.222451,,Mouse,621.0,522.5,,,Fixation
1670925740.222517,,Eye Tracker,618.0,524.0,Valid,Valid,Fixation
1670925740.239172,,Mouse,616.0,523.0,,,Fixation
1670925740.242343,,Eye Tracker,614.0,522.0,Valid,Valid,Fixation
1670925740.252569,,Mouse,613.5,519.0,,,Fixation
1670925740.255826,,Eye Tracker,613.0,516.0,Valid,Valid,Fixation
1670925740.272446,,Eye Tracker,612.0,514.0,Valid,Valid,Fixation
1670925740.272481,,Mouse,628.0,512.5,,,Fixation
1670925740.289136,,Eye Tracker,644.0,511.0,Valid,Valid,Saccade
1670925740.293284,,Mouse,747.0,502.0,,,Saccade
1670925740.3057911,,Eye Tracker,850.0,493.0,Valid,Valid,Saccade
1670925740.322446,,Mouse,862.5,494.0,,,Saccade
1670925740.339101,,Eye Tracker,875.0,495.0,Valid,Valid,Saccade
1670925740.355755,,Eye Tracker,877.0,495.0,Valid,Valid,Fixation
1670925740.363323,,Mouse,878.0,492.5,,,Fixation
1670925740.37241,,Eye Tracker,879.0,490.0,Valid,Valid,Fixation
1670925740.374257,,Eye Tracker,875.0,493.0,Valid,Valid,Fixation
1670925740.389065,,Eye Tracker,871.0,500.0,Valid,Valid,Fixation
1670925740.393315,,Eye Tracker,874.0,500.0,Valid,Valid,Fixation
1670925740.403557,,Mouse,873.0,497.5,,,Fixation
1670925740.405719,,Eye Tracker,872.0,495.0,Valid,Valid,Fixation
1670925740.422374,,Eye Tracker,827.0,510.0,Valid,Valid,Saccade
1670925740.433309,,Mouse,737.5,500.0,,,Saccade
1670925740.439029,,Eye Tracker,648.0,490.0,Valid,Valid,Saccade
1670925740.443439,,Mouse,615.0,479.5,,,Saccade
1670925740.455683,,Eye Tracker,582.0,469.0,Valid,Valid,Saccade
1670925740.46421,,Eye Tracker,563.0,467.0,Valid,Valid,Fixation
1670925740.472338,,Mouse,565.5,471.5,,,Fixation
1670925740.474289,,Eye Tracker,568.0,476.0,Valid,Valid,Fixation
1670925740.4844701,,Mouse,570.0,479.0,,,Fixation
1670925740.488993,,Eye Tracker,572.0,482.0,Valid,Valid,Fixation
1670925740.505263,,Mouse,572.0,482.3333333333333,,,Fixation
1670925740.5056481,,Mouse,572.0,482.6666666666667,,,Fixation
1670925740.522302,,Eye Tracker,572.0,483.0,Valid,Valid,Fixation
1670925740.524323,,Mouse,572.5,483.0,,,Fixation
1670925740.538957,,Eye Tracker,573.0,483.0,Valid,Valid,Fixation
1670925740.5453541,,Mouse,575.5,481.0,,,Fixation
1670925740.555612,,Eye Tracker,578.0,479.0,Valid,Valid,Fixation
1670925740.564287,,Mouse,582.5,477.0,,,Fixation
1670925740.572267,,Eye Tracker,587.0,475.0,Valid,Valid,Fixation
1670925740.584305,,Mouse,587.0,475.5,,,Fixation
1670925740.588922,,Eye Tracker,587.0,476.0,Valid,Valid,Fixation
1670925740.604576,,Mouse,585.0,478.5,,,Fixation
1670925740.605577,,Eye Tracker,583.0,481.0,Valid,Valid,Fixation
1670925740.622231,,Mouse,582.0,485.5,,,Fixation
1670925740.624255,,Eye Tracker,581.0,490.0,Valid,Valid,Fixation
1670925740.634299,,Eye Tracker,577.0,485.0,Valid,Valid,Fixation
1670925740.638886,,Mouse,576.0,481.6666666666667,,,Fixation
1670925740.644344,,Mouse,575.0,478.3333333333333,,,Fixation
1670925740.655541,,Eye Tracker,574.0,475.0,Valid,Valid,Fixation
1670925740.664284,,Mouse,575.0,475.0,,,Fixation
1670925740.672195,,Eye Tracker,576.0,475.0,Valid,Valid,Fixation
1670925740.675642,,Mouse,577.0,476.0,,,Fixation
1670925740.68885,,Eye Tracker,578.0,477.0,Valid,Valid,Fixation
1670925740.694237,,Mouse,577.5,476.0,,,Fixation
1670925740.704277,,Eye Tracker,577.0,475.0,Valid,Valid,Fixation
1670925740.7055051,,Mouse,575.6666666666666,474.0,,,Fixation
1670925740.715395,,Mouse,574.3333333333334,473.0,,,Fixation
1670925740.7221591,,Eye Tracker,573.0,472.0,Valid,Valid,Fixation
1670925740.734445,,Eye Tracker,576.0,475.0,Valid,Valid,Fixation
1670925740.738814,,Mouse,577.0,476.0,,,Fixation
1670925740.755284,,Mouse,578.0,477.0,,,Fixation
1670925740.75547,,Eye Tracker,579.0,478.0,Valid,Valid,Fixation
1670925740.772125,,Mouse,579.5,478.5,,,Fixation
1670925740.774563,,Eye Tracker,580.0,479.0,Valid,Valid,Fixation
1670925740.788779,,Eye Tracker,578.0,476.0,Valid,Valid,Fixation
1670925740.805434,,Mouse,580.5,476.5,,,Fixation
1670925740.822089,,Eye Tracker,583.0,477.0,Valid,Valid,Fixation
1670925740.825315,,Mouse,589.5,484.0,,,Fixation
1670925740.838743,,Eye Tracker,596.0,491.0,Valid,Valid,Fixation
1670925740.846318,,Mouse,595.5,490.0,,,Fixation
1670925740.855398,,Eye Tracker,595.0,489.0,Valid,Valid,Fixation
1670925740.86537,,Mouse,591.5,490.0,,,Fixation
1670925740.8720531,,Eye Tracker,588.0,491.0,Valid,Valid,Fixation
1670925740.886326,,Mouse,587.5,491.0,,,Fixation
1670925740.888707,,Eye Tracker,587.0,491.0,Valid,Valid,Fixation
1670925740.905314,,Mouse,584.0,481.0,,,Fixation
1670925740.9053621,,Eye Tracker,581.0,471.0,Valid,Valid,Fixation
1670925740.915423,,Mouse,591.5,472.5,,,Fixation
1670925740.922017,,Eye Tracker,602.0,474.0,Valid,Valid,Fixation
1670925740.926254,,Mouse,612.0,478.0,,,Fixation
1670925740.938671,,Mouse,622.0,482.0,,,Saccade
1670925740.945525,,Eye Tracker,632.0,486.0,Valid,Valid,Saccade
1670925740.955326,,Eye Tracker,641.0,490.0,Valid,Valid,Fixation
1670925740.965521,,Mouse,642.0,489.0,,,Fixation
1670925740.971981,,Mouse,643.0,488.0,,,Fixation
1670925740.976509,,Eye Tracker,644.0,487.0,Valid,Valid,Fixation
1670925740.988635,,Mouse,643.0,487.5,,,Fixation
1670925740.996334,,Eye Tracker,642.0,488.0,Valid,Valid,Fixation
1670925741.00529,,Mouse,643.0,488.0,,,Fixation
1670925741.006509,,Eye Tracker,644.0,488.0,Valid,Valid,Fixation
1670925741.0173151,,Mouse,644.5,488.0,,,Fixation
1670925741.021946,,Eye Tracker,645.0,488.0,Valid,Valid,Fixation
1670925741.0363,,Mouse,646.0,489.3333333333333,,,Fixation
1670925741.038601,,Mouse,647.0,490.6666666666667,,,Fixation
1670925741.046472,,Eye Tracker,648.0,492.0,Valid,Valid,Fixation
1670925741.055255,,Eye Tracker,647.0,493.0,Valid,Valid,Fixation
1670925741.057489,,Mouse,646.0,490.3333333333333,,,Fixation
1670925741.0719101,,Mouse,645.0,487.6666666666667,,,Fixation
1670925741.076431,,Eye Tracker,644.0,485.0,Valid,Valid,Fixation
1670925741.088566,,Mouse,644.6666666666666,484.0,,,Fixation
1670925741.097279,,Mouse,645.3333333333334,483.0,,,Fixation
1670925741.10522,,Eye Tracker,646.0,482.0,Valid,Valid,Fixation
1670925741.116311,,Eye Tracker,649.0,482.0,Valid,Valid,Fixation
1670925741.121875,,Mouse,650.0,483.3333333333333,,,Fixation
1670925741.136548,,Mouse,651.0,484.6666666666667,,,Fixation
1670925741.13853,,Eye Tracker,652.0,486.0,Valid,Valid,Fixation
1670925741.155184,,Mouse,652.0,485.0,,,Fixation
1670925741.15629,,Eye Tracker,652.0,484.0,Valid,Valid,Fixation
1670925741.166297,,Eye Tracker,655.0,488.0,Valid,Valid,Fixation
1670925741.171839,,Mouse,654.0,490.6666666666667,,,Fixation
1670925741.176359,,Mouse,653.0,493.3333333333333,,,Fixation
1670925741.187342,,Eye Tracker,652.0,496.0,Valid,Valid,Fixation
1670925741.188494,,Mouse,648.5,494.5,,,Fixation
1670925741.205148,,Eye Tracker,645.0,493.0,Valid,Valid,Fixation
1670925741.206292,,Mouse,644.5,495.0,,,Fixation
1670925741.216307,,Eye Tracker,644.0,497.0,Valid,Valid,Fixation
1670925741.221803,,Mouse,642.6666666666666,496.3333333333333,,,Fixation
1670925741.227256,,Mouse,641.3333333333334,495.6666666666667,,,Fixation
1670925741.238458,,Eye Tracker,640.0,495.0,Valid,Valid,Fixation
1670925741.246278,,Mouse,664.5,504.0,,,Saccade
1670925741.255112,,Eye Tracker,689.0,513.0,Valid,Valid,Saccade
1670925741.26754,,Mouse,726.0,524.5,,,Saccade
1670925741.2717671,,Eye Tracker,763.0,536.0,Valid,Valid,Saccade
1670925741.28631,,Mouse,799.5,548.0,,,Saccade
1670925741.288422,,Eye Tracker,836.0,560.0,Valid,Valid,Saccade
1670925741.305077,,Mouse,844.5,558.0,,,Saccade
1670925741.306499,,Eye Tracker,853.0,556.0,Valid,Valid,Fixation
1670925741.3173141,,Mouse,852.6666666666666,554.3333333333334,,,Fixation
1670925741.321731,,Mouse,852.3333333333334,552.6666666666666,,,Fixation
1670925741.33755,,Eye Tracker,852.0,551.0,Valid,Valid,Fixation
1670925741.338386,,Mouse,852.0,550.5,,,Fixation
1670925741.355042,,Eye Tracker,852.0,550.0,Valid,Valid,Fixation
1670925741.357234,,Eye Tracker,848.0,552.0,Valid,Valid,Fixation
1670925741.36728,,Mouse,845.6666666666666,552.0,,,Fixation
1670925741.371696,,Mouse,843.3333333333334,552.0,,,Fixation
1670925741.377687,,Eye Tracker,841.0,552.0,Valid,Valid,Fixation
1670925741.388351,,Mouse,840.0,550.5,,,Fixation
1670925741.397291,,Eye Tracker,839.0,549.0,Valid,Valid,Fixation
1670925741.405006,,Mouse,848.5,552.5,,,Fixation
1670925741.407346,,Eye Tracker,858.0,556.0,Valid,Valid,Fixation
1670925741.42166,,Mouse,906.0,539.0,,,Saccade
1670925741.42728,,Eye Tracker,954.0,522.0,Valid,Valid,Saccade
1670925741.437403,,Mouse,1000.6666666666666,508.3333333333333,,,Saccade
1670925741.438315,,Mouse,1047.3333333333333,494.6666666666667,,,Saccade
1670925741.4549701,,Eye Tracker,1094.0,481.0,Valid,Valid,Saccade
1670925741.457237,,Mouse,1148.0,466.5,,,Saccade
1670925741.4672961,,Eye Tracker,1202.0,452.0,Valid,Valid,Saccade
1670925741.4716241,,Mouse,1206.0,449.0,,,Fixation
1670925741.488279,,Eye Tracker,1210.0,446.0,Valid,Valid,Fixation
1670925741.488286,,Mouse,1210.5,445.0,,,Fixation
1670925741.498292,,Eye Tracker,1211.0,444.0,Valid,Valid,Fixation
1670925741.504934,,Mouse,1207.5,446.5,,,Fixation
1670925741.508296,,Eye Tracker,1204.0,449.0,Valid,Valid,Fixation
1670925741.5183,,Mouse,1204.0,450.5,,,Fixation
1670925741.521588,,Eye Tracker,1204.0,452.0,Valid,Valid,Fixation
1670925741.528342,,Mouse,1203.0,451.0,,,Fixation
1670925741.538243,,Mouse,1202.0,450.0,,,Fixation
1670925741.548239,,Eye Tracker,1201.0,449.0,Valid,Valid,Fixation
1670925741.554898,,Eye Tracker,1194.0,453.0,Valid,Valid,Fixation
1670925741.558286,,Mouse,1193.3333333333333,452.3333333333333,,,Fixation
1670925741.5686,,Mouse,1192.6666666666667,451.6666666666667,,,Fixation
1670925741.571553,,Eye Tracker,1192.0,451.0,Valid,Valid,Fixation
1670925741.588207,,Mouse,1192.5,453.0,,,Fixation
1670925741.588289,,Eye Tracker,1193.0,455.0,Valid,Valid,Fixation
1670925741.5985541,,Mouse,1191.5,456.0,,,Fixation
1670925741.604862,,Eye Tracker,1190.0,457.0,Valid,Valid,Fixation
1670925741.618293,,Mouse,1190.0,452.0,,,Fixation
1670925741.6215181,,Eye Tracker,1190.0,447.0,Valid,Valid,Fixation
1670925741.6381721,,Mouse,1183.0,452.0,,,Fixation
1670925741.6385171,,Eye Tracker,1176.0,457.0,Valid,Valid,Fixation
1670925741.654827,,Mouse,1121.5,470.5,,,Fixation
1670925741.657237,,Eye Tracker,1067.0,484.0,Valid,Valid,Saccade
1670925741.668586,,Mouse,1032.0,491.3333333333333,,,Saccade
1670925741.671482,,Mouse,997.0,498.6666666666667,,,Saccade
1670925741.688136,,Eye Tracker,962.0,506.0,Valid,Valid,Saccade
1670925741.688302,,Mouse,943.5,503.0,,,Saccade
1670925741.698455,,Eye Tracker,925.0,500.0,Valid,Valid,Saccade
1670925741.704791,,Mouse,927.0,496.5,,,Fixation
1670925741.718304,,Eye Tracker,929.0,493.0,Valid,Valid,Fixation
1670925741.721446,,Mouse,931.5,495.0,,,Fixation
1670925741.7381,,Eye Tracker,934.0,497.0,Valid,Valid,Fixation
1670925741.738518,,Mouse,934.6666666666666,496.0,,,Fixation
1670925741.754755,,Mouse,935.3333333333334,495.0,,,Fixation
1670925741.758296,,Eye Tracker,936.0,494.0,Valid,Valid,Fixation
1670925741.768551,,Eye Tracker,938.0,489.0,Valid,Valid,Fixation
1670925741.77141,,Mouse,938.0,488.3333333333333,,,Fixation
1670925741.788064,,Mouse,938.0,487.6666666666667,,,Fixation
1670925741.788255,,Eye Tracker,938.0,487.0,Valid,Valid,Fixation
1670925741.798424,,Mouse,939.0,489.3333333333333,,,Fixation
1670925741.804719,,Mouse,940.0,491.6666666666667,,,Fixation
1670925741.818285,,Eye Tracker,941.0,494.0,Valid,Valid,Fixation
1670925741.8213751,,Mouse,940.5,495.0,,,Fixation
1670925741.829323,,Eye Tracker,940.0,496.0,Valid,Valid,Fixation
1670925741.83803,,Mouse,939.0,494.5,,,Fixation
1670925741.839553,,Eye Tracker,938.0,493.0,Valid,Valid,Fixation
1670925741.854684,,Mouse,938.5,494.0,,,Fixation
1670925741.8595471,,Eye Tracker,939.0,495.0,Valid,Valid,Fixation
1670925741.871339,,Eye Tracker,939.0,497.0,Valid,Valid,Fixation
1670925741.887994,,Mouse,938.3333333333334,497.0,,,Fixation
1670925741.889272,,Mouse,937.6666666666666,497.0,,,Fixation
1670925741.899288,,Eye Tracker,937.0,497.0,Valid,Valid,Fixation
1670925741.904648,,Mouse,939.5,496.0,,,Fixation
1670925741.919293,,Eye Tracker,942.0,495.0,Valid,Valid,Fixation
1670925741.921303,,Mouse,943.5,495.5,,,Fixation
1670925741.937958,,Eye Tracker,945.0,496.0,Valid,Valid,Fixation
1670925741.939524,,Mouse,944.0,498.0,,,Fixation
1670925741.954612,,Eye Tracker,943.0,500.0,Valid,Valid,Fixation
1670925741.959234,,Mouse,943.3333333333334,500.0,,,Fixation
1670925741.969387,,Mouse,943.6666666666666,500.0,,,Fixation
1670925741.971267,,Eye Tracker,944.0,500.0,Valid,Valid,Fixation
1670925741.987922,,Mouse,945.5,497.0,,,Fixation
1670925741.989546,,Eye Tracker,947.0,494.0,Valid,Valid,Fixation
1670925742.000336,,Mouse,945.6666666666666,495.0,,,Fixation
1670925742.004576,,Mouse,944.3333333333334,496.0,,,Fixation
1670925742.020291,,Eye Tracker,943.0,497.0,Valid,Valid,Fixation
1670925742.021231,,Eye Tracker,920.0,513.0,Valid,Valid,Saccade
1670925742.030317,,Mouse,915.0,511.5,,,Saccade
1670925742.0378861,,Eye Tracker,910.0,510.0,Valid,Valid,Fixation
1670925742.050283,,Mouse,908.0,510.0,,,Fixation
1670925742.05454,,Eye Tracker,906.0,510.0,Valid,Valid,Fixation
1670925742.060324,,Mouse,907.0,510.5,,,Fixation
1670925742.071196,,Eye Tracker,908.0,511.0,Valid,Valid,Fixation
1670925742.087851,,Mouse,906.5,509.5,,,Fixation
1670925742.104506,,Eye Tracker,905.0,508.0,Valid,Valid,Fixation
1670925742.12116,,Mouse,905.6666666666666,508.6666666666667,,,Fixation
1670925742.137816,,Mouse,906.3333333333334,509.3333333333333,,,Fixation
1670925742.140305,,Eye Tracker,907.0,510.0,Valid,Valid,Fixation
1670925742.154471,,Mouse,910.5,514.5,,,Fixation
1670925742.1603081,,Eye Tracker,914.0,519.0,Valid,Valid,Fixation
1670925742.171125,,Mouse,913.0,519.5,,,Fixation
1670925742.180249,,Eye Tracker,912.0,520.0,Valid,Valid,Fixation
1670925742.1877801,,Mouse,913.0,518.5,,,Fixation
1670925742.1902761,,Eye Tracker,914.0,517.0,Valid,Valid,Fixation
1670925742.200431,,Mouse,916.0,518.0,,,Fixation
1670925742.204435,,Eye Tracker,918.0,519.0,Valid,Valid,Fixation
1670925742.2210891,,Eye Tracker,922.0,522.0,Valid,Valid,Fixation
1670925742.237744,,Mouse,921.5,523.5,,,Fixation
1670925742.254399,,Eye Tracker,921.0,525.0,Valid,Valid,Fixation
1670925742.271053,,Mouse,921.5,523.5,,,Fixation
1670925742.287708,,Eye Tracker,922.0,522.0,Valid,Valid,Fixation
1670925742.304363,,Mouse,923.0,522.0,,,Fixation
1670925742.321017,,Eye Tracker,924.0,522.0,Valid,Valid,Fixation
1670925742.337672,,Mouse,926.5,523.0,,,Fixation
1670925742.351317,,Eye Tracker,929.0,524.0,Valid,Valid,Fixation
1670925742.354327,,Mouse,929.3333333333334,522.3333333333334,,,Fixation
1670925742.370982,,Mouse,929.6666666666666,520.6666666666666,,,Fixation
1670925742.371303,,Eye Tracker,930.0,519.0,Valid,Valid,Fixation
1670925742.381325,,Eye Tracker,929.0,517.0,Valid,Valid,Fixation
1670925742.387636,,Mouse,929.5,518.0,,,Fixation
1670925742.391555,,Eye Tracker,930.0,519.0,Valid,Valid,Fixation
1670925742.404292,,Mouse,929.5,517.0,,,Fixation
1670925742.411289,,Eye Tracker,929.0,515.0,Valid,Valid,Fixation
1670925742.420947,,Mouse,926.5,515.0,,,Fixation
1670925742.42129,,Eye Tracker,924.0,515.0,Valid,Valid,Fixation
1670925742.437601,,Mouse,923.5,513.5,,,Fixation
1670925742.4412951,,Eye Tracker,923.0,512.0,Valid,Valid,Fixation
1670925742.454256,,Mouse,922.0,511.5,,,Fixation
1670925742.461287,,Eye Tracker,921.0,511.0,Valid,Valid,Fixation
1670925742.470911,,Mouse,920.5,512.5,,,Fixation
1670925742.471298,,Eye Tracker,920.0,514.0,Valid,Valid,Fixation
1670925742.487565,,Mouse,920.0,513.0,,,Fixation
1670925742.491195,,Mouse,920.0,512.0,,,Fixation
1670925742.501293,,Eye Tracker,920.0,511.0,Valid,Valid,Fixation
1670925742.50422,,Mouse,920.5,512.0,,,Fixation
1670925742.512219,,Eye Tracker,921.0,513.0,Valid,Valid,Fixation
1670925742.520875,,Mouse,925.0,516.0,,,Fixation
1670925742.522296,,Eye Tracker,929.0,519.0,Valid,Valid,Fixation
1670925742.532339,,Mouse,929.0,521.0,,,Fixation
1670925742.537529,,Eye Tracker,929.0,523.0,Valid,Valid,Fixation
1670925742.553267,,Mouse,927.5,525.0,,,Fixation
1670925742.554184,,Eye Tracker,926.0,527.0,Valid,Valid,Fixation
1670925742.570839,,Mouse,929.0,525.0,,,Fixation
1670925742.5723011,,Eye Tracker,932.0,523.0,Valid,Valid,Fixation
1670925742.582493,,Mouse,940.0,524.6666666666666,,,Fixation
1670925742.587493,,Mouse,948.0,526.3333333333334,,,Saccade
1670925742.6023061,,Eye Tracker,956.0,528.0,Valid,Valid,Saccade
1670925742.6041481,,Eye Tracker,993.0,532.0,Valid,Valid,Saccade
1670925742.620803,,Mouse,995.6666666666666,529.3333333333334,,,Saccade
1670925742.622333,,Mouse,998.3333333333334,526.6666666666666,,,Fixation
1670925742.637458,,Eye Tracker,1001.0,524.0,Valid,Valid,Fixation
1670925742.6422791,,Mouse,1004.0,526.5,,,Fixation
1670925742.652558,,Eye Tracker,1007.0,529.0,Valid,Valid,Fixation
1670925742.654113,,Mouse,1007.5,529.0,,,Fixation
1670925742.670768,,Eye Tracker,1008.0,529.0,Valid,Valid,Fixation
1670925742.6722631,,Mouse,1009.0,529.5,,,Fixation
1670925742.687423,,Eye Tracker,1010.0,530.0,Valid,Valid,Fixation
1670925742.692468,,Mouse,1009.0,532.0,,,Fixation
1670925742.704077,,Eye Tracker,1008.0,534.0,Valid,Valid,Fixation
1670925742.7122421,,Mouse,1006.0,534.0,,,Fixation
1670925742.720732,,Eye Tracker,1004.0,534.0,Valid,Valid,Fixation
1670925742.722292,,Mouse,1004.0,532.6666666666666,,,Fixation
1670925742.7322981,,Mouse,1004.0,531.3333333333334,,,Fixation
1670925742.737387,,Eye Tracker,1004.0,530.0,Valid,Valid,Fixation
1670925742.752314,,Mouse,1002.5,526.5,,,Fixation
1670925742.754041,,Eye Tracker,1001.0,523.0,Valid,Valid,Fixation
1670925742.762338,,Mouse,1000.5,522.0,,,Fixation
1670925742.770696,,Eye Tracker,1000.0,521.0,Valid,Valid,Fixation
1670925742.782317,,Mouse,1002.5,519.0,,,Fixation
1670925742.7873511,,Eye Tracker,1005.0,517.0,Valid,Valid,Fixation
1670925742.80228,,Mouse,1014.0,517.5,,,Fixation
1670925742.8040051,,Eye Tracker,1023.0,518.0,Valid,Valid,Fixation
1670925742.82066,,Mouse,1036.5,521.0,,,Saccade
1670925742.822548,,Eye Tracker,1050.0,524.0,Valid,Valid,Saccade
1670925742.837315,,Mouse,1055.5,524.5,,,Saccade
1670925742.842274,,Eye Tracker,1061.0,525.0,Valid,Valid,Fixation
1670925742.853542,,Mouse,1061.3333333333333,525.6666666666666,,,Fixation
1670925742.853969,,Mouse,1061.6666666666667,526.3333333333334,,,Fixation
1670925742.870624,,Eye Tracker,1062.0,527.0,Valid,Valid,Fixation
1670925742.883208,,Mouse,1063.5,528.5,,,Fixation
1670925742.887279,,Eye Tracker,1065.0,530.0,Valid,Valid,Fixation
1670925742.903934,,Mouse,1064.5,533.5,,,Fixation
1670925742.920589,,Eye Tracker,1064.0,537.0,Valid,Valid,Fixation
1670925742.937244,,Mouse,1064.5,536.5,,,Fixation
1670925742.9538991,,Eye Tracker,1065.0,536.0,Valid,Valid,Fixation
1670925742.970553,,Mouse,1068.0,536.5,,,Fixation
1670925742.973339,,Eye Tracker,1071.0,537.0,Valid,Valid,Fixation
1670925742.9872081,,Mouse,1069.5,537.0,,,Fixation
1670925742.993534,,Eye Tracker,1068.0,537.0,Valid,Valid,Fixation
1670925743.003863,,Mouse,1065.0,534.5,,,Fixation
1670925743.013395,,Eye Tracker,1062.0,532.0,Valid,Valid,Fixation
1670925743.020517,,Mouse,1063.0,534.5,,,Fixation
1670925743.024538,,Eye Tracker,1064.0,537.0,Valid,Valid,Fixation
1670925743.037172,,Eye Tracker,1071.0,541.0,Valid,Valid,Fixation
1670925743.044424,,Eye Tracker,1068.0,531.0,Valid,Valid,Fixation
1670925743.053827,,Eye Tracker,1062.0,536.0,Valid,Valid,Fixation
1670925743.0652761,,Mouse,1061.5,537.0,,,Fixation
1670925743.070482,,Eye Tracker,1061.0,538.0,Valid,Valid,Fixation
1670925743.084325,,Eye Tracker,1064.0,534.0,Valid,Valid,Fixation
1670925743.087137,,Mouse,1060.0,541.6666666666666,,,Fixation
1670925743.094374,,Mouse,1056.0,549.3333333333334,,,Fixation
1670925743.103792,,Eye Tracker,1052.0,557.0,Valid,Valid,Fixation
1670925743.114358,,Mouse,1048.0,571.5,,,Saccade
1670925743.120446,,Eye Tracker,1044.0,586.0,Valid,Valid,Saccade
1670925743.134274,,Mouse,1044.5,588.5,,,Saccade
1670925743.137101,,Eye Tracker,1045.0,591.0,Valid,Valid,Fixation
1670925743.1537561,,Mouse,1046.0,591.5,,,Fixation
1670925743.154407,,Eye Tracker,1047.0,592.0,Valid,Valid,Fixation
1670925743.170411,,Mouse,1048.5,589.0,,,Fixation
1670925743.174249,,Eye Tracker,1050.0,586.0,Valid,Valid,Fixation
1670925743.184439,,Mouse,1050.5,585.0,,,Fixation
1670925743.187066,,Eye Tracker,1051.0,584.0,Valid,Valid,Fixation
1670925743.203721,,Mouse,1050.6666666666667,584.6666666666666,,,Fixation
1670925743.204238,,Mouse,1050.3333333333333,585.3333333333334,,,Fixation
1670925743.2142851,,Eye Tracker,1050.0,586.0,Valid,Valid,Fixation
1670925743.220376,,Mouse,1046.5,582.0,,,Fixation
1670925743.224396,,Eye Tracker,1043.0,578.0,Valid,Valid,Fixation
1670925743.235262,,Mouse,1043.0,578.0,,,Fixation
1670925743.23703,,Eye Tracker,1043.0,578.0,Valid,Valid,Fixation
1670925743.253685,,Mouse,1044.5,581.0,,,Fixation
1670925743.254226,,Eye Tracker,1046.0,584.0,Valid,Valid,Fixation
1670925743.264272,,Mouse,1045.0,583.5,,,Fixation
1670925743.27034,,Eye Tracker,1044.0,583.0,Valid,Valid,Fixation
1670925743.274281,,Mouse,1044.5,578.0,,,Fixation
1670925743.284553,,Eye Tracker,1045.0,573.0,Valid,Valid,Fixation
1670925743.286994,,Mouse,1045.0,573.0,,,Fixation
1670925743.303649,,Eye Tracker,1045.0,573.0,Valid,Valid,Fixation
1670925743.304249,,Mouse,1048.5,573.5,,,Fixation
1670925743.314541,,Eye Tracker,1052.0,574.0,Valid,Valid,Fixation
1670925743.320304,,Eye Tracker,1052.0,568.0,Valid,Valid,Fixation
1670925743.3342881,,Mouse,1052.0,563.6666666666666,,,Fixation
1670925743.336958,,Mouse,1052.0,559.3333333333334,,,Fixation
1670925743.344324,,Eye Tracker,1052.0,555.0,Valid,Valid,Fixation
1670925743.3536131,,Mouse,1066.0,548.0,,,Fixation
1670925743.354544,,Eye Tracker,1080.0,541.0,Valid,Valid,Saccade
1670925743.36528,,Mouse,1091.5,533.5,,,Saccade
1670925743.370268,,Eye Tracker,1103.0,526.0,Valid,Valid,Saccade
1670925743.375521,,Mouse,1105.0,523.5,,,Saccade
1670925743.385565,,Eye Tracker,1107.0,521.0,Valid,Valid,Fixation
1670925743.3869221,,Mouse,1110.5,521.0,,,Fixation
1670925743.403577,,Eye Tracker,1114.0,521.0,Valid,Valid,Fixation
1670925743.406259,,Mouse,1113.5,522.0,,,Fixation
1670925743.420232,,Eye Tracker,1113.0,523.0,Valid,Valid,Fixation
1670925743.425317,,Mouse,1113.0,524.0,,,Fixation
1670925743.436888,,Eye Tracker,1113.0,525.0,Valid,Valid,Fixation
1670925743.445416,,Mouse,1113.5,523.0,,,Fixation
1670925743.453542,,Eye Tracker,1114.0,521.0,Valid,Valid,Fixation
1670925743.455416,,Mouse,1111.0,521.0,,,Fixation
1670925743.470197,,Eye Tracker,1108.0,521.0,Valid,Valid,Fixation
1670925743.47528,,Mouse,1107.3333333333333,519.6666666666666,,,Fixation
1670925743.48543,,Mouse,1106.6666666666667,518.3333333333334,,,Fixation
1670925743.486852,,Eye Tracker,1106.0,517.0,Valid,Valid,Fixation
1670925743.503506,,Mouse,1106.5,516.5,,,Fixation
1670925743.5055,,Eye Tracker,1107.0,516.0,Valid,Valid,Fixation
1670925743.515528,,Mouse,1106.0,519.5,,,Fixation
1670925743.520161,,Eye Tracker,1105.0,523.0,Valid,Valid,Fixation
1670925743.536277,,Mouse,1107.5,521.5,,,Fixation
1670925743.5368161,,Eye Tracker,1110.0,520.0,Valid,Valid,Fixation
1670925743.5534701,,Mouse,1111.0,520.6666666666666,,,Fixation
1670925743.556271,,Mouse,1112.0,521.3333333333334,,,Fixation
1670925743.566276,,Eye Tracker,1113.0,522.0,Valid,Valid,Fixation
1670925743.570125,,Mouse,1111.5,523.0,,,Fixation
1670925743.577581,,Eye Tracker,1110.0,524.0,Valid,Valid,Fixation
1670925743.58678,,Mouse,1109.0,524.5,,,Fixation
1670925743.603434,,Eye Tracker,1108.0,525.0,Valid,Valid,Fixation
1670925743.606257,,Eye Tracker,1106.0,513.0,Valid,Valid,Fixation
1670925743.616552,,Mouse,1105.5,512.5,,,Fixation
1670925743.620089,,Eye Tracker,1105.0,512.0,Valid,Valid,Fixation
1670925743.636245,,Mouse,1111.0,517.5,,,Fixation
1670925743.636744,,Eye Tracker,1117.0,523.0,Valid,Valid,Fixation
1670925743.6463041,,Mouse,1117.5,519.0,,,Fixation
1670925743.653398,,Eye Tracker,1118.0,515.0,Valid,Valid,Fixation
1670925743.666275,,Mouse,1110.0,516.0,,,Fixation
1670925743.670053,,Eye Tracker,1102.0,517.0,Valid,Valid,Fixation
1670925743.6764631,,Mouse,1102.5,517.0,,,Fixation
1670925743.686582,,Eye Tracker,1103.0,517.0,Valid,Valid,Fixation
1670925743.686708,,Mouse,1103.5,520.5,,,Fixation
1670925743.7033641,,Eye Tracker,1104.0,524.0,Valid,Valid,Fixation
1670925743.706431,,Mouse,1104.0,524.0,,,Fixation
1670925743.7200181,,Eye Tracker,1104.0,524.0,Valid,Valid,Fixation
1670925743.726224,,Mouse,1106.6666666666667,524.3333333333334,,,Fixation
1670925743.736254,,Mouse,1109.3333333333333,524.6666666666666,,,Fixation
1670925743.736673,,Eye Tracker,1112.0,525.0,Valid,Valid,Fixation
1670925743.747238,,Eye Tracker,1114.0,521.0,Valid,Valid,Fixation
1670925743.753328,,Eye Tracker,1111.0,498.0,Valid,Valid,Fixation
1670925743.766282,,Mouse,1087.5555555555557,495.55555555555554,,,Fixation
1670925743.769982,,Eye Tracker,1064.111111111111,493.1111111111111,Invalid,Invalid,EyesNotFound
1670925743.776415,,Mouse,1040.6666666666667,490.6666666666667,,,EyesNotFound
1670925743.786637,,Eye Tracker,1017.2222222222222,488.22222222222223,Invalid,Invalid,EyesNotFound
1670925743.796287,,Mouse,993.7777777777778,485.77777777777777,,,EyesNotFound
1670925743.803292,,Eye Tracker,970.3333333333334,483.3333333333333,Invalid,Invalid,EyesNotFound
1670925743.806307,,Eye Tracker,946.8888888888889,480.8888888888889,Invalid,Invalid,EyesNotFound
1670925743.816445,,Eye Tracker,923.4444444444445,478.44444444444446,Invalid,Invalid,EyesNotFound
1670925743.819946,,Eye Tracker,900.0,476.0,Invalid,Valid,Saccade
1670925743.836374,,Eye Tracker,1071.0,478.0,Valid,Valid,Saccade
1670925743.836601,,Eye Tracker,1120.0,485.0,Valid,Valid,Saccade
1670925743.853256,,Eye Tracker,1121.0,481.0,Valid,Valid,Fixation
1670925743.856273,,Eye Tracker,1130.0,471.0,Valid,Valid,Fixation
1670925743.86991,,Eye Tracker,1130.0,474.0,Valid,Valid,Fixation
1670925743.8773441,,Mouse,1131.0,474.0,,,Fixation
1670925743.886565,,Eye Tracker,1132.0,474.0,Valid,Valid,Fixation
1670925743.897242,,Mouse,1131.2,472.6,,,Fixation
1670925743.90322,MouseEvent,,1130.4,471.2,,,Fixation
1670925743.907496,,Mouse,1129.6,469.8,,,Fixation
1670925743.919874,,Mouse,1128.8,468.4,,,Fixation
1670925743.927285,,Eye Tracker,1128.0,467.0,Valid,Valid,Fixation
1670925743.936529,,Eye Tracker,1132.0,471.0,Valid,Valid,Fixation
1670925743.947542,,Mouse,1132.5,473.5,,,Fixation
1670925743.9531841,,Eye Tracker,1133.0,476.0,Valid,Valid,Fixation
1670925743.967354,,Mouse,1131.3333333333333,476.6666666666667,,,Fixation
1670925743.96984,,Mouse,1129.6666666666667,477.3333333333333,,,Fixation
1670925743.986494,,Eye Tracker,1128.0,478.0,Valid,Valid,Fixation
1670925743.987281,,Eye Tracker,1126.0,472.0,Valid,Valid,Fixation
1670925744.003149,,Mouse,1121.0,475.0,,,Fixation
1670925744.0073981,,Mouse,1116.0,478.0,,,Fixation
1670925744.019804,,Eye Tracker,1111.0,481.0,Valid,Valid,Fixation
1670925744.02726,,Mouse,1110.0,484.0,,,Fixation
1670925744.036458,,Eye Tracker,1109.0,487.0,Valid,Valid,Fixation
1670925744.037308,,Eye Tracker,1106.0,483.0,Valid,Valid,Fixation
1670925744.048287,,Eye Tracker,1106.0,484.0,Valid,Valid,Fixation
1670925744.053113,,Eye Tracker,1104.0,489.0,Valid,Valid,Fixation
1670925744.0682921,,Eye Tracker,1108.0,488.0,Valid,Valid,Fixation
1670925744.069768,,Eye Tracker,1114.0,482.0,Valid,Valid,Fixation
1670925744.078563,,Eye Tracker,1113.0,484.0,Valid,Valid,Fixation
1670925744.086422,,Eye Tracker,1106.0,480.0,Valid,Valid,Fixation
1670925744.08923,,Eye Tracker,1110.0,484.0,Valid,Valid,Fixation
1670925744.103077,,Eye Tracker,1109.0,489.0,Valid,Valid,Fixation
1670925744.108392,,Eye Tracker,1106.0,486.0,Valid,Valid,Fixation
1670925744.1197321,,Eye Tracker,1108.0,487.0,Valid,Valid,Fixation
1670925744.128247,,Eye Tracker,1108.0,492.0,Valid,Valid,Fixation
1670925744.136386,,Eye Tracker,1108.0,489.0,Valid,Valid,Fixation
1670925744.138282,,Eye Tracker,1107.0,490.0,Valid,Valid,Fixation
1670925744.148542,,Eye Tracker,1104.0,492.0,Valid,Valid,Fixation
1670925744.1530411,,Eye Tracker,1107.0,488.0,Valid,Valid,Fixation
1670925744.16855,,Eye Tracker,1110.0,490.0,Valid,Valid,Fixation
1670925744.169696,,Eye Tracker,1102.0,498.0,Valid,Valid,Fixation
1670925744.18635,,Eye Tracker,1107.0,504.0,Valid,Valid,Fixation
1670925744.188309,,Eye Tracker,1104.0,504.0,Valid,Valid,Fixation
1670925744.203005,,Eye Tracker,1099.0,516.0,Valid,Valid,Fixation
1670925744.208376,,Eye Tracker,1105.0,519.0,Valid,Valid,Fixation
1670925744.21966,,Eye Tracker,1107.0,510.0,Valid,Valid,Fixation
1670925744.228276,,Mouse,1105.5,507.0,,,Fixation
1670925744.236316,,Eye Tracker,1104.0,504.0,Valid,Valid,Fixation
1670925744.238567,,Mouse,1102.0,501.0,,,Fixation
1670925744.25297,,Eye Tracker,1100.0,498.0,Valid,Valid,Fixation
1670925744.259254,,Mouse,1102.5,499.5,,,Fixation
1670925744.269625,,Eye Tracker,1105.0,501.0,Valid,Valid,Fixation
1670925744.28628,,Mouse,1106.5,502.5,,,Fixation
1670925744.302934,,Eye Tracker,1108.0,504.0,Valid,Valid,Fixation
1670925744.3195891,,Mouse,1107.0,503.6666666666667,,,Fixation
1670925744.336244,,Mouse,1106.0,503.3333333333333,,,Fixation
1670925744.338303,,Eye Tracker,1105.0,503.0,Valid,Valid,Fixation
1670925744.3528981,,Mouse,1104.0,503.0,,,Fixation
1670925744.358333,,Eye Tracker,1103.0,503.0,Valid,Valid,Fixation
1670925744.368371,,Mouse,1104.0,504.0,,,Fixation
1670925744.369553,,Eye Tracker,1105.0,505.0,Valid,Valid,Fixation
1670925744.3784091,,Mouse,1105.0,503.0,,,Fixation
1670925744.386208,,Eye Tracker,1105.0,501.0,Valid,Valid,Fixation
1670925744.389285,,Mouse,1105.6666666666667,501.0,,,Fixation
1670925744.402862,,Mouse,1106.3333333333333,501.0,,,Fixation
1670925744.409738,,Eye Tracker,1107.0,501.0,Valid,Valid,Fixation
1670925744.419517,,Eye Tracker,1100.0,507.0,Valid,Valid,Fixation
1670925744.430243,,Mouse,1099.3333333333333,507.6666666666667,,,Fixation
1670925744.436172,,Mouse,1098.6666666666667,508.3333333333333,,,Fixation
1670925744.449309,,Eye Tracker,1098.0,509.0,Valid,Valid,Fixation
1670925744.452826,,Mouse,1100.3333333333333,505.0,,,Fixation
1670925744.469257,,Mouse,1102.6666666666667,501.0,,,Fixation
1670925744.469481,,Eye Tracker,1105.0,497.0,Valid,Valid,Fixation
1670925744.4793081,,Eye Tracker,1105.0,494.0,Valid,Valid,Fixation
1670925744.486137,,Mouse,1107.5,497.0,,,Fixation
1670925744.499573,,Eye Tracker,1110.0,500.0,Valid,Valid,Fixation
1670925744.5027921,,Mouse,1113.0,498.0,,,Fixation
1670925744.509603,,Eye Tracker,1116.0,496.0,Valid,Valid,Fixation
1670925744.5194461,,Mouse,1116.5,498.5,,,Fixation
1670925744.529288,,Eye Tracker,1117.0,501.0,Valid,Valid,Fixation
1670925744.536101,,Mouse,1086.0,511.0,,,Saccade
1670925744.539314,,Eye Tracker,1055.0,521.0,Valid,Valid,Saccade
1670925744.552756,,Mouse,996.0,532.5,,,Saccade
1670925744.560241,,Eye Tracker,937.0,544.0,Valid,Valid,Saccade
1670925744.56941,,Mouse,907.0,548.5,,,Saccade
1670925744.570369,,Eye Tracker,877.0,553.0,Valid,Valid,Saccade
1670925744.586065,,Mouse,869.0,550.0,,,Saccade
1670925744.601298,,Eye Tracker,861.0,547.0,Valid,Valid,Fixation
1670925744.60272,,Mouse,860.0,544.0,,,Fixation
1670925744.619374,,Mouse,859.0,541.0,,,Fixation
1670925744.62029,,Eye Tracker,858.0,538.0,Valid,Valid,Fixation
1670925744.636029,,Mouse,860.0,538.0,,,Fixation
1670925744.640193,,Eye Tracker,862.0,538.0,Valid,Valid,Fixation
1670925744.6502671,,Mouse,865.5,540.5,,,Fixation
1670925744.652684,,Eye Tracker,869.0,543.0,Valid,Valid,Fixation
1670925744.66028,,Mouse,868.5,537.0,,,Fixation
1670925744.669338,,Eye Tracker,868.0,531.0,Valid,Valid,Fixation
1670925744.680274,,Mouse,867.0,530.0,,,Fixation
1670925744.685993,,Eye Tracker,866.0,529.0,Valid,Valid,Fixation
1670925744.700229,,Mouse,868.5,533.0,,,Fixation
1670925744.702648,,Eye Tracker,871.0,537.0,Valid,Valid,Fixation
1670925744.7103121,,Mouse,871.3333333333334,535.3333333333334,,,Fixation
1670925744.719302,,Mouse,871.6666666666666,533.6666666666666,,,Fixation
1670925744.730282,,Eye Tracker,872.0,532.0,Valid,Valid,Fixation
1670925744.7359571,,Eye Tracker,873.0,530.0,Valid,Valid,Fixation
1670925744.740291,,Mouse,873.0,530.0,,,Fixation
1670925744.752613,,Mouse,873.0,530.0,,,Fixation
1670925744.769268,,Eye Tracker,873.0,530.0,Valid,Valid,Fixation
1670925744.77156,,Mouse,874.3333333333334,529.3333333333334,,,Fixation
1670925744.785922,,Mouse,875.6666666666666,528.6666666666666,,,Fixation
1670925744.800291,,Eye Tracker,877.0,528.0,Valid,Valid,Fixation
1670925744.802577,,Eye Tracker,878.0,526.0,Valid,Valid,Fixation
1670925744.819232,,Mouse,873.5,526.0,,,Fixation
1670925744.820271,,Eye Tracker,869.0,526.0,Valid,Valid,Fixation
1670925744.83028,,Mouse,880.6666666666666,526.3333333333334,,,Fixation
1670925744.835886,,Mouse,892.3333333333334,526.6666666666666,,,Saccade
1670925744.840385,,Eye Tracker,904.0,527.0,Valid,Valid,Saccade
1670925744.852541,,Eye Tracker,1044.0,520.0,Valid,Valid,Saccade
1670925744.860246,,Mouse,1059.0,516.3333333333334,,,Saccade
1670925744.869196,,Mouse,1074.0,512.6666666666666,,,Saccade
1670925744.870357,,Eye Tracker,1089.0,509.0,Valid,Valid,Saccade
1670925744.88585,,Mouse,1093.5,508.5,,,Fixation
1670925744.890224,,Eye Tracker,1098.0,508.0,Valid,Valid,Fixation
1670925744.901555,,Mouse,1100.0,506.0,,,Fixation
1670925744.902505,,Eye Tracker,1102.0,504.0,Valid,Valid,Fixation
1670925744.9191601,,Mouse,1099.0,495.0,,,Fixation
1670925744.9212291,,Eye Tracker,1096.0,486.0,Valid,Valid,Fixation
1670925744.931297,,Mouse,1096.0,487.6666666666667,,,Fixation
1670925744.9358141,,Mouse,1096.0,489.3333333333333,,,Fixation
1670925744.942272,,Eye Tracker,1096.0,491.0,Valid,Valid,Fixation
1670925744.952469,,Mouse,1093.0,491.5,,,Fixation
1670925744.9613001,,Eye Tracker,1090.0,492.0,Valid,Valid,Fixation
1670925744.969124,,Mouse,1089.5,491.5,,,Fixation
1670925744.9812531,,Eye Tracker,1089.0,491.0,Valid,Valid,Fixation
1670925744.985778,,Mouse,1087.5,495.5,,,Fixation
1670925745.002433,,Eye Tracker,1086.0,500.0,Valid,Valid,Fixation
1670925745.019089,,Mouse,1086.5,500.5,,,Fixation
1670925745.021261,,Eye Tracker,1087.0,501.0,Valid,Valid,Fixation
1670925745.031385,,Mouse,1093.0,505.0,,,Fixation
1670925745.035744,,Eye Tracker,1099.0,509.0,Valid,Valid,Fixation
1670925745.051273,,Eye Tracker,1110.0,507.0,Valid,Valid,Fixation
1670925745.052398,,Eye Tracker,1114.0,505.0,Valid,Valid,Fixation
1670925745.061279,,Eye Tracker,1118.0,508.0,Valid,Valid,Fixation
1670925745.069053,,Eye Tracker,1114.0,510.0,Valid,Valid,Fixation
1670925745.072223,,Mouse,1113.5,507.5,,,Fixation
1670925745.082256,,Eye Tracker,1113.0,505.0,Valid,Valid,Fixation
1670925745.0857081,,Mouse,1116.0,505.6666666666667,,,Fixation
1670925745.102362,,Mouse,1119.0,506.3333333333333,,,Fixation
1670925745.113254,,Eye Tracker,1122.0,507.0,Valid,Valid,Fixation
1670925745.1190171,,Mouse,1120.5,509.5,,,Fixation
1670925745.132453,,Eye Tracker,1119.0,512.0,Valid,Valid,Fixation
1670925745.135672,,Mouse,1114.0,508.0,,,Fixation
1670925745.152326,,Eye Tracker,1109.0,504.0,Valid,Valid,Fixation
1670925745.153243,,Mouse,1110.5,504.5,,,Fixation
1670925745.168981,,Eye Tracker,1112.0,505.0,Valid,Valid,Fixation
1670925745.172373,,Eye Tracker,1115.0,516.0,Valid,Valid,Fixation
1670925745.185636,,Mouse,1112.0,517.0,,,Fixation
1670925745.20229,,Eye Tracker,1109.0,518.0,Valid,Valid,Fixation
1670925745.218945,,Mouse,1111.5,514.5,,,Fixation
1670925745.2356,,Eye Tracker,1114.0,511.0,Valid,Valid,Fixation
1670925745.252254,,Mouse,1117.0,508.5,,,Fixation
1670925745.26891,,Eye Tracker,1120.0,506.0,Valid,Valid,Fixation
1670925745.2855651,,Mouse,1118.6666666666667,508.3333333333333,,,Fixation
1670925745.30222,,Mouse,1117.3333333333333,510.6666666666667,,,Fixation
1670925745.3188741,,Eye Tracker,1116.0,513.0,Valid,Valid,Fixation
1670925745.332248,,Mouse,1114.0,515.0,,,Fixation
1670925745.335529,,Eye Tracker,1112.0,517.0,Valid,Valid,Fixation
1670925745.342352,,Mouse,1113.5,517.0,,,Fixation
1670925745.352184,,Eye Tracker,1115.0,517.0,Valid,Valid,Fixation
1670925745.368838,,Mouse,1115.0,518.0,,,Fixation
1670925745.382276,,Mouse,1115.0,519.0,,,Fixation
1670925745.385493,,Eye Tracker,1115.0,520.0,Valid,Valid,Fixation
1670925745.392291,,Mouse,1113.5,525.0,,,Fixation
1670925745.402148,,Eye Tracker,1112.0,530.0,Valid,Valid,Fixation
1670925745.402368,,Eye Tracker,1116.0,527.0,Valid,Valid,Fixation
1670925745.413199,,Mouse,1115.0,523.5,,,Fixation
1670925745.418802,,Eye Tracker,1114.0,520.0,Valid,Valid,Fixation
1670925745.4234931,,Eye Tracker,1108.0,526.0,Valid,Valid,Fixation
1670925745.435457,,Eye Tracker,1107.0,523.0,Valid,Valid,Fixation
1670925745.452112,,Eye Tracker,1110.0,521.0,Valid,Valid,Fixation
1670925745.45424,,Mouse,1110.6666666666667,521.0,,,Fixation
1670925745.468766,,Mouse,1111.3333333333333,521.0,,,Fixation
1670925745.485421,,Eye Tracker,1112.0,521.0,Valid,Valid,Fixation
1670925745.493419,,Mouse,1112.0,522.0,,,Fixation
1670925745.5020761,,Eye Tracker,1112.0,523.0,Valid,Valid,Fixation
1670925745.5132391,,Mouse,1113.0,522.0,,,Fixation
1670925745.51873,,Eye Tracker,1114.0,521.0,Valid,Valid,Fixation
1670925745.52325,,Mouse,1113.5,522.0,,,Fixation
1670925745.533413,,Eye Tracker,1113.0,523.0,Valid,Valid,Fixation
1670925745.535386,,Mouse,1111.5,525.5,,,Fixation
1670925745.552041,,Eye Tracker,1110.0,528.0,Valid,Valid,Fixation
1670925745.553551,,Mouse,1109.0,527.0,,,Fixation
1670925745.568696,,Eye Tracker,1108.0,526.0,Valid,Valid,Fixation
1670925745.573312,,Mouse,1108.6666666666667,526.3333333333334,,,Fixation
1670925745.584278,,Mouse,1109.3333333333333,526.6666666666666,,,Fixation
1670925745.58535,,Eye Tracker,1110.0,527.0,Valid,Valid,Fixation
1670925745.594322,,Eye Tracker,1113.0,524.0,Valid,Valid,Fixation
1670925745.602005,,Mouse,1113.0,523.6666666666666,,,Fixation
1670925745.614272,,Mouse,1113.0,523.3333333333334,,,Fixation
1670925745.61866,,Eye Tracker,1113.0,523.0,Valid,Valid,Fixation
1670925745.6252751,,Mouse,1112.5,523.0,,,Fixation
1670925745.635314,,Eye Tracker,1112.0,523.0,Valid,Valid,Fixation
1670925745.644244,,Eye Tracker,1113.0,525.0,Valid,Valid,Fixation
1670925745.651969,,Mouse,1113.3333333333333,524.6666666666666,,,Fixation
1670925745.654254,,Mouse,1113.6666666666667,524.3333333333334,,,Fixation
1670925745.665391,,Eye Tracker,1114.0,524.0,Valid,Valid,Fixation
1670925745.668624,,Mouse,1114.5,522.0,,,Fixation
1670925745.684535,,Eye Tracker,1115.0,520.0,Valid,Valid,Fixation
1670925745.685278,,Mouse,1115.0,523.0,,,Fixation
1670925745.7019331,,Eye Tracker,1115.0,526.0,Valid,Valid,Fixation
1670925745.704267,,Mouse,1113.5,526.5,,,Fixation
1670925745.718588,,Eye Tracker,1112.0,527.0,Valid,Valid,Fixation
1670925745.724455,,Eye Tracker,1113.0,524.0,Valid,Valid,Fixation
1670925745.7352421,,Eye Tracker,1115.0,528.0,Valid,Valid,Fixation
1670925745.744241,,Eye Tracker,1115.0,526.0,Valid,Valid,Fixation
1670925745.751897,,Eye Tracker,1114.0,519.0,Valid,Valid,Fixation
1670925745.754388,,Eye Tracker,1110.0,520.0,Valid,Valid,Fixation
1670925745.764544,,Eye Tracker,1110.0,522.0,Valid,Valid,Fixation
1670925745.768552,,Eye Tracker,1114.0,525.0,Valid,Valid,Fixation
1670925745.7842891,,Eye Tracker,1114.0,523.0,Valid,Valid,Fixation
1670925745.785206,,Mouse,1112.0,522.0,,,Fixation
1670925745.795567,,Eye Tracker,1110.0,521.0,Valid,Valid,Fixation
1670925745.801862,,Mouse,1108.0,521.0,,,Fixation
1670925745.814331,,Eye Tracker,1106.0,521.0,Valid,Valid,Fixation
1670925745.818517,,Mouse,1107.0,521.5,,,Fixation
1670925745.824543,,Eye Tracker,1108.0,522.0,Valid,Valid,Fixation
1670925745.835172,,Mouse,1105.0,528.0,,,Fixation
1670925745.835236,,Eye Tracker,1102.0,534.0,Valid,Valid,Fixation
1670925745.851826,,Mouse,1099.0,538.5,,,Fixation
1670925745.8542361,,Eye Tracker,1096.0,543.0,Valid,Valid,Fixation
1670925745.864414,,Mouse,1094.5,546.0,,,Fixation
1670925745.868481,,Eye Tracker,1093.0,549.0,Valid,Valid,Fixation
1670925745.8851361,,Eye Tracker,1092.0,550.0,Valid,Valid,Fixation
1670925745.9017901,,Eye Tracker,1097.0,550.0,Valid,Valid,Fixation
1670925745.918445,,Mouse,1096.6666666666667,551.0,,,Fixation
1670925745.9351,,Mouse,1096.3333333333333,552.0,,,Fixation
1670925745.951754,,Eye Tracker,1096.0,553.0,Valid,Valid,Fixation
1670925745.96637,,Mouse,1095.5,553.5,,,Fixation
1670925745.968409,,Eye Tracker,1095.0,554.0,Valid,Valid,Fixation
1670925745.985064,,Mouse,1096.0,553.5,,,Fixation
1670925745.985284,,Eye Tracker,1097.0,553.0,Valid,Valid,Fixation
1670925745.995511,,Eye Tracker,1100.0,550.0,Valid,Valid,Fixation
1670925746.001718,,Eye Tracker,1096.0,555.0,Valid,Valid,Fixation
1670925746.0153031,,Eye Tracker,1094.0,549.0,Valid,Valid,Fixation
1670925746.018373,,Mouse,1097.0,543.0,,,Fixation
1670925746.025379,,Eye Tracker,1100.0,537.0,Valid,Valid,Fixation
1670925746.035028,,Mouse,1099.5,539.5,,,Fixation
1670925746.045269,,Eye Tracker,1099.0,542.0,Valid,Valid,Fixation
1670925746.051683,,Eye Tracker,1098.0,551.0,Valid,Valid,Fixation
1670925746.055398,,Eye Tracker,1098.0,551.0,Valid,Valid,Fixation
1670925746.068338,,Eye Tracker,1100.0,549.0,Valid,Valid,Fixation
1670925746.0849931,,Eye Tracker,1103.0,542.0,Valid,Valid,Fixation
1670925746.085437,,Eye Tracker,1103.0,535.0,Valid,Valid,Fixation
1670925746.101648,,Eye Tracker,1104.0,533.0,Valid,Valid,Fixation
1670925746.106271,,Eye Tracker,1102.0,528.0,Valid,Valid,Fixation
1670925746.116321,,Eye Tracker,1106.0,534.0,Valid,Valid,Fixation
1670925746.118302,,Eye Tracker,1107.0,534.0,Valid,Valid,Fixation
1670925746.126513,,Mouse,1106.0,535.0,,,Fixation
1670925746.134957,,Eye Tracker,1105.0,536.0,Valid,Valid,Fixation
1670925746.137304,,Eye Tracker,1102.0,537.0,Valid,Valid,Fixation
1670925746.151612,,Mouse,1103.0,535.0,,,Fixation
1670925746.156451,,Eye Tracker,1104.0,533.0,Valid,Valid,Fixation
1670925746.168266,,Mouse,1104.5,534.5,,,Fixation
1670925746.184921,,Eye Tracker,1105.0,536.0,Valid,Valid,Fixation
1670925746.186408,,Mouse,1103.6666666666667,536.0,,,Fixation
1670925746.201576,,Mouse,1102.3333333333333,536.0,,,Fixation
1670925746.206278,,Eye Tracker,1101.0,536.0,Valid,Valid,Fixation
1670925746.216556,,Eye Tracker,1104.0,538.0,Valid,Valid,Fixation
1670925746.21823,,Eye Tracker,1107.0,542.0,Valid,Valid,Fixation
1670925746.234885,,Mouse,1106.0,540.5,,,Fixation
1670925746.25154,,Eye Tracker,1105.0,539.0,Valid,Valid,Fixation
1670925746.268194,,Eye Tracker,1101.0,533.0,Valid,Valid,Fixation
1670925746.284849,,Eye Tracker,1101.0,529.0,Valid,Valid,Fixation
1670925746.3015041,,Eye Tracker,1106.0,528.0,Valid,Valid,Fixation
1670925746.318159,,Eye Tracker,1106.0,530.0,Valid,Valid,Fixation
1670925746.334814,,Eye Tracker,1107.0,531.0,Valid,Valid,Fixation
1670925746.351469,,Eye Tracker,1110.0,531.0,Valid,Valid,Fixation
1670925746.368124,,Eye Tracker,1106.0,538.0,Valid,Valid,Fixation
1670925746.384778,,Eye Tracker,1105.0,541.0,Valid,Valid,Fixation
1670925746.396415,,Eye Tracker,1106.0,539.0,Valid,Valid,Fixation
1670925746.401433,,Eye Tracker,1107.0,537.0,Valid,Valid,Fixation
1670925746.416393,,Eye Tracker,1105.0,533.0,Valid,Valid,Fixation
1670925746.418088,,Eye Tracker,1104.0,535.0,Valid,Valid,Fixation
1670925746.434742,,Eye Tracker,1104.0,535.0,Valid,Valid,Fixation
1670925746.447336,,Eye Tracker,1104.0,537.0,Valid,Valid,Fixation
1670925746.451397,,Eye Tracker,1102.0,545.0,Valid,Valid,Fixation
1670925746.457426,,Eye Tracker,1100.0,547.0,Valid,Valid,Fixation
1670925746.4680521,,Eye Tracker,1103.0,543.0,Valid,Valid,Fixation
1670925746.484706,,Eye Tracker,1104.0,543.0,Valid,Valid,Fixation
1670925746.5013611,,Eye Tracker,1103.0,544.0,Valid,Valid,Fixation
1670925746.518016,,Eye Tracker,1104.0,540.0,Valid,Valid,Fixation
1670925746.53467,,Eye Tracker,1108.0,539.0,Valid,Valid,Fixation
1670925746.551325,,Mouse,1107.0,540.5,,,Fixation
1670925746.56798,,Eye Tracker,1106.0,542.0,Valid,Valid,Fixation
1670925746.577267,,Mouse,1104.0,542.5,,,Fixation
1670925746.584635,,Eye Tracker,1102.0,543.0,Valid,Valid,Fixation
1670925746.59751,,Mouse,1100.5,542.5,,,Fixation
1670925746.60129,,Eye Tracker,1099.0,542.0,Valid,Valid,Fixation
1670925746.608234,,Mouse,1099.0,542.5,,,Fixation
1670925746.617945,,Eye Tracker,1099.0,543.0,Valid,Valid,Fixation
1670925746.6182811,,Mouse,1100.0,544.0,,,Fixation
1670925746.6346,,Eye Tracker,1101.0,545.0,Valid,Valid,Fixation
1670925746.651254,,Eye Tracker,1106.0,543.0,Valid,Valid,Fixation
1670925746.6679091,,Eye Tracker,1104.0,542.0,Valid,Valid,Fixation
1670925746.684564,,Eye Tracker,1104.0,541.0,Valid,Valid,Fixation
1670925746.689423,,Mouse,1104.5,542.0,,,Fixation
1670925746.7012181,,Eye Tracker,1105.0,543.0,Valid,Valid,Fixation
1670925746.708339,,Eye Tracker,1104.0,543.0,Valid,Valid,Fixation
1670925746.717873,,Eye Tracker,1103.0,544.0,Valid,Valid,Fixation
1670925746.728228,,Eye Tracker,1100.0,545.0,Valid,Valid,Fixation
1670925746.734528,,Mouse,1101.0,540.5,,,Fixation
1670925746.751182,,Eye Tracker,1102.0,536.0,Valid,Valid,Fixation
1670925746.767837,,Eye Tracker,1101.0,527.0,Valid,Valid,Fixation
1670925746.768265,,Mouse,1100.5,526.5,,,Fixation
1670925746.784492,,Eye Tracker,1100.0,526.0,Valid,Valid,Fixation
1670925746.801146,,Eye Tracker,1095.0,521.0,Valid,Valid,Fixation
1670925746.817801,,Mouse,1095.5,523.5,,,Fixation
1670925746.834456,,Eye Tracker,1096.0,526.0,Valid,Valid,Fixation
1670925746.851111,,Eye Tracker,1109.0,528.0,Valid,Valid,Fixation
1670925746.8677661,,Mouse,1108.5,527.0,,,Fixation
1670925746.884421,,Eye Tracker,1108.0,526.0,Valid,Valid,Fixation
1670925746.901076,,Eye Tracker,1101.0,530.0,Valid,Valid,Fixation
1670925746.91773,,Mouse,1100.0,530.0,,,Fixation
1670925746.918531,,Eye Tracker,1099.0,530.0,Valid,Valid,Fixation
1670925746.934385,,Eye Tracker,1102.0,528.0,Valid,Valid,Fixation
1670925746.938272,,Eye Tracker,1104.0,526.0,Valid,Valid,Fixation
1670925746.949433,,Eye Tracker,1102.0,526.0,Valid,Valid,Fixation
1670925746.95104,,Eye Tracker,1102.0,526.0,Valid,Valid,Fixation
1670925746.967694,,Eye Tracker,1100.0,525.0,Valid,Valid,Fixation
1670925746.969269,,Eye Tracker,1099.0,531.0,Valid,Valid,Fixation
1670925746.984349,,Eye Tracker,1099.0,529.0,Valid,Valid,Fixation
1670925747.001004,,Eye Tracker,1099.0,529.0,Valid,Valid,Fixation
1670925747.017658,,Eye Tracker,1101.0,530.0,Valid,Valid,Fixation
1670925747.019507,,Eye Tracker,1099.0,531.0,Valid,Valid,Fixation
1670925747.030278,,Eye Tracker,1101.0,534.0,Valid,Valid,Fixation
1670925747.034313,,Eye Tracker,1103.0,531.0,Valid,Valid,Fixation
1670925747.039747,MouseEvent,,1101.3333333333333,530.3333333333334,,,Fixation
1670925747.039747,,Mouse,1099.6666666666667,529.6666666666666,,,Fixation
1670925747.049402,,Eye Tracker,1098.0,529.0,Valid,Valid,Fixation
1670925747.050968,,Eye Tracker,1095.0,532.0,Valid,Valid,Fixation
1670925747.067622,,Eye Tracker,1094.0,536.0,Valid,Valid,Fixation
1670925747.084277,,Eye Tracker,1093.0,532.0,Valid,Valid,Fixation
1670925747.100933,,Mouse,1095.0,533.0,,,Fixation
1670925747.117587,,Eye Tracker,1097.0,534.0,Valid,Valid,Fixation
1670925747.134242,,Eye Tracker,1099.0,531.0,Valid,Valid,Fixation
1670925747.150897,,Mouse,1098.0,529.0,,,Fixation
1670925747.1615431,,Eye Tracker,1097.0,527.0,Valid,Valid,Fixation
1670925747.167552,,Mouse,1097.5,528.5,,,Fixation
1670925747.180403,,Eye Tracker,1098.0,530.0,Valid,Valid,Fixation
1670925747.184206,,Mouse,1099.5,530.5,,,Fixation
1670925747.200861,,Eye Tracker,1101.0,531.0,Valid,Valid,Fixation
1670925747.217516,,Mouse,1102.5,531.5,,,Fixation
1670925747.23029,,Eye Tracker,1104.0,532.0,Valid,Valid,Fixation
1670925747.23417,,Mouse,1102.6666666666667,531.0,,,Fixation
1670925747.250359,,Mouse,1101.3333333333333,530.0,,,Fixation
1670925747.250825,,Eye Tracker,1100.0,529.0,Valid,Valid,Fixation
1670925747.2674801,,Eye Tracker,1099.0,526.0,Valid,Valid,Fixation
1670925747.2802851,,Mouse,1100.5,526.5,,,Fixation
1670925747.2841341,,Eye Tracker,1102.0,527.0,Valid,Valid,Fixation
1670925747.300789,,Mouse,1101.0,526.3333333333334,,,Fixation
1670925747.317444,,Mouse,1100.0,525.6666666666666,,,Fixation
1670925747.334098,,Eye Tracker,1099.0,525.0,Valid,Valid,Fixation
1670925747.350753,,Mouse,1099.5,524.5,,,Fixation
1670925747.367409,,Eye Tracker,1100.0,524.0,Valid,Valid,Fixation
1670925747.384063,,Mouse,1101.0,525.0,,,Fixation
1670925747.4004111,,Eye Tracker,1102.0,526.0,Valid,Valid,Fixation
1670925747.4004111,,Eye Tracker,1100.0,529.0,Valid,Valid,Fixation
1670925747.400718,,Eye Tracker,1099.0,529.0,Valid,Valid,Fixation
1670925747.401272,,Mouse,1102.0,528.0,,,Fixation
1670925747.417373,,Eye Tracker,1105.0,527.0,Valid,Valid,Fixation
1670925747.420232,,Mouse,1109.0,527.5,,,Fixation
1670925747.430238,,Eye Tracker,1113.0,528.0,Valid,Valid,Fixation
1670925747.4340281,,Mouse,1125.5,527.0,,,Saccade
1670925747.44028,,Eye Tracker,1138.0,526.0,Valid,Valid,Saccade
1670925747.450326,,Mouse,1140.0,523.0,,,Saccade
1670925747.450682,,Eye Tracker,1142.0,520.0,Valid,Valid,Fixation
1670925747.4614491,,Mouse,1142.5,514.5,,,Fixation
1670925747.4673371,,Eye Tracker,1143.0,509.0,Valid,Valid,Fixation
1670925747.471462,,Mouse,1144.5,508.0,,,Fixation
1670925747.483992,,Eye Tracker,1146.0,507.0,Valid,Valid,Fixation
1670925747.491262,,Mouse,1146.6666666666667,506.6666666666667,,,Fixation
1670925747.500646,,Mouse,1147.3333333333333,506.3333333333333,,,Fixation
1670925747.5025291,,Eye Tracker,1148.0,506.0,Valid,Valid,Fixation
1670925747.517301,,Mouse,1148.5,505.0,,,Fixation
1670925747.521264,,Eye Tracker,1149.0,504.0,Valid,Valid,Fixation
1670925747.5312781,,Mouse,1146.5,503.5,,,Fixation
1670925747.533956,,Eye Tracker,1144.0,503.0,Valid,Valid,Fixation
1670925747.542396,,Mouse,1144.5,502.5,,,Fixation
1670925747.55061,,Eye Tracker,1145.0,502.0,Valid,Valid,Fixation
1670925747.561269,,Mouse,1144.0,502.0,,,Fixation
1670925747.567265,,Eye Tracker,1143.0,502.0,Valid,Valid,Fixation
1670925747.571361,,Mouse,1143.0,503.3333333333333,,,Fixation
1670925747.58392,,Mouse,1143.0,504.6666666666667,,,Fixation
1670925747.5912771,,Eye Tracker,1143.0,506.0,Valid,Valid,Fixation
1670925747.600574,,Mouse,1143.5,509.0,,,Fixation
1670925747.611249,,Eye Tracker,1144.0,512.0,Valid,Valid,Fixation
1670925747.617229,,Eye Tracker,1148.0,509.0,Valid,Valid,Fixation
1670925747.621263,,Mouse,1147.6666666666667,506.3333333333333,,,Fixation
1670925747.632301,,Mouse,1147.3333333333333,503.6666666666667,,,Fixation
1670925747.6338851,,Eye Tracker,1147.0,501.0,Valid,Valid,Fixation
1670925747.6425521,,Eye Tracker,1163.0,497.0,Valid,Valid,Fixation
1670925747.650539,,Eye Tracker,1205.0,477.0,Valid,Valid,Saccade
1670925747.6671941,,Mouse,1209.0,473.5,,,Fixation
1670925747.683849,,Eye Tracker,1213.0,470.0,Valid,Valid,Fixation
1670925747.700504,,Mouse,1214.5,465.5,,,Fixation
1670925747.717158,,Eye Tracker,1216.0,461.0,Valid,Valid,Fixation
1670925747.732508,,Mouse,1216.0,460.0,,,Fixation
1670925747.733813,,Eye Tracker,1216.0,459.0,Valid,Valid,Fixation
1670925747.750468,,Mouse,1215.0,461.5,,,Fixation
1670925747.7522871,,Eye Tracker,1214.0,464.0,Valid,Valid,Fixation
1670925747.767122,,Mouse,1213.0,464.0,,,Fixation
1670925747.772548,,Mouse,1212.0,464.0,,,Fixation
1670925747.783777,,Eye Tracker,1211.0,464.0,Valid,Valid,Fixation
1670925747.792318,,Eye Tracker,1208.0,462.0,Valid,Valid,Fixation
1670925747.800432,,Mouse,1208.0,460.0,,,Fixation
1670925747.812383,,Mouse,1208.0,458.0,,,Fixation
1670925747.817086,,Eye Tracker,1208.0,456.0,Valid,Valid,Fixation
1670925747.832532,,Mouse,1207.5,457.0,,,Fixation
1670925747.833741,,Eye Tracker,1207.0,458.0,Valid,Valid,Fixation
1670925747.84339,,Eye Tracker,1207.0,458.0,Valid,Valid,Fixation
1670925747.850396,,Mouse,1207.0,457.5,,,Fixation
1670925747.862281,,Eye Tracker,1207.0,457.0,Valid,Valid,Fixation
1670925747.86705,,Mouse,1207.5,458.5,,,Fixation
1670925747.883234,,Eye Tracker,1208.0,460.0,Valid,Valid,Fixation
1670925747.883706,,Eye Tracker,1212.0,456.0,Valid,Valid,Fixation
1670925747.900361,,Mouse,1212.5,458.5,,,Fixation
1670925747.902563,,Eye Tracker,1213.0,461.0,Valid,Valid,Fixation
1670925747.917015,,Mouse,1212.0,464.5,,,Fixation
1670925747.922414,,Eye Tracker,1211.0,468.0,Valid,Valid,Fixation
1670925747.93367,,Mouse,1209.5,465.5,,,Fixation
1670925747.94254,,Eye Tracker,1208.0,463.0,Valid,Valid,Fixation
1670925747.950325,,Mouse,1210.3333333333333,462.3333333333333,,,Fixation
1670925747.962262,,Mouse,1212.6666666666667,461.6666666666667,,,Fixation
1670925747.96698,,Eye Tracker,1215.0,461.0,Valid,Valid,Fixation
1670925747.973561,,Mouse,1215.5,455.5,,,Fixation
1670925747.983634,,Eye Tracker,1216.0,450.0,Valid,Valid,Fixation
1670925747.993554,,Mouse,1214.5,440.0,,,Fixation
1670925748.000289,,Eye Tracker,1213.0,430.0,Valid,Valid,Fixation
1670925748.014264,,Mouse,1214.5,426.5,,,Fixation
1670925748.016944,,Eye Tracker,1216.0,423.0,Valid,Valid,Fixation
1670925748.033292,,Mouse,1215.0,423.6666666666667,,,Fixation
1670925748.033598,,Mouse,1214.0,424.3333333333333,,,Fixation
1670925748.043401,,Eye Tracker,1213.0,425.0,Valid,Valid,Fixation
1670925748.050253,,Eye Tracker,1213.0,427.0,Valid,Valid,Fixation
1670925748.0545511,,Mouse,1213.5,426.5,,,Fixation
1670925748.0669081,,Eye Tracker,1214.0,426.0,Valid,Valid,Fixation
1670925748.073393,,Mouse,1215.0,425.6666666666667,,,Fixation
1670925748.0835621,,Mouse,1216.0,425.3333333333333,,,Fixation
1670925748.094549,,Eye Tracker,1217.0,425.0,Valid,Valid,Fixation
1670925748.100217,,Eye Tracker,1221.0,423.0,Valid,Valid,Fixation
1670925748.1133,,Mouse,1222.3333333333333,423.3333333333333,,,Fixation
1670925748.116871,,Mouse,1223.6666666666667,423.6666666666667,,,Fixation
1670925748.123447,,Eye Tracker,1225.0,424.0,Valid,Valid,Fixation
1670925748.1335251,,Mouse,1237.0,420.5,,,Saccade
1670925748.144296,,Eye Tracker,1249.0,417.0,Valid,Valid,Saccade
1670925748.150181,,Eye Tracker,1275.0,412.0,Valid,Valid,Saccade
1670925748.164301,,Mouse,1288.0,411.0,,,Saccade
1670925748.166836,,Eye Tracker,1301.0,410.0,Valid,Valid,Saccade
1670925748.17452,,Mouse,1302.0,411.5,,,Saccade
1670925748.18349,,Eye Tracker,1303.0,413.0,Valid,Valid,Fixation
1670925748.18538,,Mouse,1301.5,413.0,,,Fixation
1670925748.200145,,Eye Tracker,1300.0,413.0,Valid,Valid,Fixation
1670925748.204422,,Mouse,1298.6666666666667,415.0,,,Fixation
1670925748.2168,,Mouse,1297.3333333333333,417.0,,,Fixation
1670925748.233455,,Eye Tracker,1296.0,419.0,Valid,Valid,Fixation
1670925748.250109,,Mouse,1297.0,415.0,,,Fixation
1670925748.264301,,Eye Tracker,1298.0,411.0,Valid,Valid,Fixation
1670925748.266764,,Mouse,1298.5,407.5,,,Fixation
1670925748.274471,,Eye Tracker,1299.0,404.0,Valid,Valid,Fixation
1670925748.2834191,,Mouse,1298.0,407.5,,,Fixation
1670925748.294383,,Eye Tracker,1297.0,411.0,Valid,Valid,Fixation
1670925748.3000731,,Mouse,1298.0,409.6666666666667,,,Fixation
1670925748.304522,,Mouse,1299.0,408.3333333333333,,,Fixation
1670925748.316728,,Eye Tracker,1300.0,407.0,Valid,Valid,Fixation
1670925748.324511,,Mouse,1310.5,411.0,,,Fixation
1670925748.333383,,Eye Tracker,1321.0,415.0,Valid,Valid,Fixation
1670925748.344286,,Mouse,1340.0,410.0,,,Saccade
1670925748.350037,,Eye Tracker,1359.0,405.0,Valid,Valid,Saccade
1670925748.355266,,Mouse,1370.5,397.0,,,Saccade
1670925748.366692,,Eye Tracker,1382.0,389.0,Valid,Valid,Saccade
1670925748.374262,,Eye Tracker,1384.0,386.0,Valid,Valid,Fixation
1670925748.383347,,Mouse,1385.6666666666667,384.3333333333333,,,Fixation
1670925748.384363,,Mouse,1387.3333333333333,382.6666666666667,,,Fixation
1670925748.400001,,Eye Tracker,1389.0,381.0,Valid,Valid,Fixation
1670925748.414287,,Mouse,1388.0,383.0,,,Fixation
1670925748.416657,,Eye Tracker,1387.0,385.0,Valid,Valid,Fixation
1670925748.433312,,Mouse,1389.5,383.5,,,Fixation
1670925748.449966,,Eye Tracker,1392.0,382.0,Valid,Valid,Fixation
1670925748.466621,,Mouse,1392.0,380.0,,,Fixation
1670925748.4832761,,Eye Tracker,1392.0,378.0,Valid,Valid,Fixation
1670925748.4999301,,Mouse,1389.5,382.0,,,Fixation
1670925748.516584,,Eye Tracker,1387.0,386.0,Valid,Valid,Fixation
1670925748.5332391,,Mouse,1386.5,383.5,,,Fixation
1670925748.549894,,Eye Tracker,1386.0,381.0,Valid,Valid,Fixation
1670925748.566548,,Mouse,1386.0,378.0,,,Fixation
1670925748.583203,,Eye Tracker,1386.0,375.0,Valid,Valid,Fixation
1670925748.599858,,Eye Tracker,1387.0,374.0,Valid,Valid,Fixation
1670925748.616512,,Mouse,1384.0,372.0,,,Fixation
1670925748.633167,,Eye Tracker,1381.0,370.0,Valid,Valid,Fixation
1670925748.649822,,Mouse,1381.0,371.5,,,Fixation
1670925748.666477,,Eye Tracker,1381.0,373.0,Valid,Valid,Fixation
1670925748.683132,,Eye Tracker,1387.0,373.0,Valid,Valid,Fixation
1670925748.6997871,,Mouse,1386.5,376.5,,,Fixation
1670925748.716273,,Eye Tracker,1386.0,380.0,Valid,Valid,Fixation
1670925748.716441,,Mouse,1384.0,379.0,,,Fixation
1670925748.726512,,Eye Tracker,1382.0,378.0,Valid,Valid,Fixation
1670925748.7330961,,Eye Tracker,1383.0,371.0,Valid,Valid,Fixation
1670925748.7372901,,Eye Tracker,1383.0,364.0,Valid,Valid,Fixation
1670925748.749751,,Mouse,1382.5,364.0,,,Fixation
1670925748.756433,,Eye Tracker,1382.0,364.0,Valid,Valid,Fixation
1670925748.766406,,Mouse,1380.0,371.5,,,Fixation
1670925748.7772791,,Eye Tracker,1378.0,379.0,Valid,Valid,Fixation
1670925748.78306,,Mouse,1378.5,380.5,,,Fixation
1670925748.79626,,Eye Tracker,1379.0,382.0,Valid,Valid,Fixation
1670925748.799715,,Mouse,1384.5,382.5,,,Fixation
1670925748.816236,,Eye Tracker,1390.0,383.0,Valid,Valid,Fixation
1670925748.81637,,Mouse,1390.0,382.5,,,Fixation
1670925748.826272,,Eye Tracker,1390.0,382.0,Valid,Valid,Fixation
1670925748.833024,,Mouse,1388.5,381.0,,,Fixation
1670925748.846261,,Eye Tracker,1387.0,380.0,Valid,Valid,Fixation
1670925748.849679,,Mouse,1389.0,379.5,,,Fixation
1670925748.856398,,Eye Tracker,1391.0,379.0,Valid,Valid,Fixation
1670925748.866334,,Mouse,1391.5,380.5,,,Fixation
1670925748.867269,,Eye Tracker,1392.0,382.0,Valid,Valid,Fixation
1670925748.882987,,Mouse,1392.5,383.0,,,Fixation
1670925748.886389,,Eye Tracker,1393.0,384.0,Valid,Valid,Fixation
1670925748.899642,,Mouse,1391.5,379.0,,,Fixation
1670925748.907244,,Eye Tracker,1390.0,374.0,Valid,Valid,Fixation
1670925748.916297,,Eye Tracker,1388.0,374.0,Valid,Valid,Fixation
1670925748.926519,,Mouse,1390.5,374.0,,,Fixation
1670925748.932952,,Eye Tracker,1393.0,374.0,Valid,Valid,Fixation
1670925748.947231,,Eye Tracker,1395.0,373.0,Valid,Valid,Fixation
1670925748.9496071,,Eye Tracker,1391.0,374.0,Valid,Valid,Fixation
1670925748.966262,,Mouse,1390.5,374.0,,,Fixation
1670925748.966298,,Eye Tracker,1390.0,374.0,Valid,Valid,Fixation
1670925748.982916,,Mouse,1387.5,374.5,,,Fixation
1670925748.98652,,Eye Tracker,1385.0,375.0,Valid,Valid,Fixation
1670925748.9975271,,Mouse,1384.5,376.5,,,Fixation
1670925748.999571,,Eye Tracker,1384.0,378.0,Valid,Valid,Fixation
1670925749.016226,,Mouse,1386.0,378.0,,,Fixation
1670925749.0172741,,Eye Tracker,1388.0,378.0,Valid,Valid,Fixation
1670925749.027297,,Eye Tracker,1388.0,378.0,Valid,Valid,Fixation
1670925749.032881,,Eye Tracker,1392.0,379.0,Valid,Valid,Fixation
1670925749.038227,,Mouse,1390.5,376.5,,,Fixation
1670925749.049535,,Eye Tracker,1389.0,374.0,Valid,Valid,Fixation
1670925749.057193,,Mouse,1389.0,373.5,,,Fixation
1670925749.06619,,Eye Tracker,1389.0,373.0,Valid,Valid,Fixation
1670925749.067252,,Eye Tracker,1392.0,373.0,Valid,Valid,Fixation
1670925749.078271,,Mouse,1391.5,374.0,,,Fixation
1670925749.082845,,Eye Tracker,1391.0,375.0,Valid,Valid,Fixation
1670925749.097465,,Mouse,1390.0,374.0,,,Fixation
1670925749.099499,,Eye Tracker,1389.0,373.0,Valid,Valid,Fixation
1670925749.116154,,Mouse,1389.5,370.0,,,Fixation
1670925749.118227,,Eye Tracker,1390.0,367.0,Valid,Valid,Fixation
1670925749.132809,,Mouse,1391.0,364.5,,,Fixation
1670925749.1372561,,Eye Tracker,1392.0,362.0,Valid,Valid,Fixation
1670925749.149463,,Mouse,1394.5,364.0,,,Fixation
1670925749.157263,,Eye Tracker,1397.0,366.0,Valid,Valid,Fixation
1670925749.1661181,,Mouse,1396.5,367.0,,,Fixation
1670925749.168287,,Eye Tracker,1396.0,368.0,Valid,Valid,Fixation
1670925749.178385,,Mouse,1394.3333333333333,370.0,,,Fixation
1670925749.182773,,Mouse,1392.6666666666667,372.0,,,Fixation
1670925749.198257,,Eye Tracker,1391.0,374.0,Valid,Valid,Fixation
1670925749.1994271,,Mouse,1391.0,375.0,,,Fixation
1670925749.20923,,Eye Tracker,1391.0,376.0,Valid,Valid,Fixation
1670925749.216082,,Mouse,1392.75,373.0,,,Fixation
1670925749.2284431,MouseEvent,,1394.5,370.0,,,Fixation
1670925749.232737,,Mouse,1396.25,367.0,,,Fixation
1670925749.249392,,Eye Tracker,1398.0,364.0,Valid,Valid,Fixation
1670925749.249494,,Mouse,1399.5,364.0,,,Fixation
1670925749.266046,,Eye Tracker,1401.0,364.0,Valid,Valid,Fixation
1670925749.268497,,Mouse,1403.5,369.0,,,Fixation
1670925749.282701,,Eye Tracker,1406.0,374.0,Valid,Valid,Fixation
1670925749.28933,,Mouse,1406.5,372.5,,,Fixation
1670925749.299356,,Eye Tracker,1407.0,371.0,Valid,Valid,Fixation
1670925749.30842,,Mouse,1404.0,367.0,,,Fixation
1670925749.31601,,Eye Tracker,1401.0,363.0,Valid,Valid,Fixation
1670925749.318432,,Mouse,1401.0,364.0,,,Fixation
1670925749.332665,,Eye Tracker,1401.0,365.0,Valid,Valid,Fixation
1670925749.338258,,Eye Tracker,1410.0,371.0,Valid,Valid,Fixation
1670925749.348382,,Mouse,1416.5,373.0,,,Fixation
1670925749.34932,,Eye Tracker,1423.0,375.0,Valid,Valid,Fixation
1670925749.358397,,Eye Tracker,1424.0,383.0,Valid,Valid,Fixation
1670925749.365974,,Mouse,1423.3333333333333,382.6666666666667,,,Fixation
1670925749.379296,,Mouse,1422.6666666666667,382.3333333333333,,,Fixation
1670925749.382629,,Eye Tracker,1422.0,382.0,Valid,Valid,Fixation
1670925749.3982291,,Mouse,1429.0,385.5,,,Fixation
1670925749.3992841,,Eye Tracker,1436.0,389.0,Valid,Valid,Fixation
